rd53_138
original 0 132 225 108 93 2.000000 0.401000 0.013936
4gt13-v1_93
original 0 68 146 103 78 2.000000 0.401000 0.020434
mod5mils_65
original 0 35 53 33 18 2.000000 0.401000 0.003330
mod5d1_63
original 0 22 40 26 18 2.000000 0.401000 0.004519
sym10_262
improve 0 64283 119796 72452 55401 2.000000 0.401000 31.226394
aj-e11_165
original 0 151 253 150 102 2.000000 0.401000 0.028702
hwb9_119
original 0 207775 376315 225212 168540 2.000000 0.401000 84.724368
4gt11_83
original 0 23 32 23 9 2.000000 0.401000 0.063814
cm42a_207
original 0 1776 3174 1798 1398 2.000000 0.401000 0.140644
4gt4-v0_72
original 0 258 435 240 177 2.000000 0.401000 0.021431
max46_240
improve 0 27126 49167 28538 22032 2.000000 0.401000 6.320707
dc2_222
original 0 9462 17646 10421 8184 2.000000 0.401000 2.697398
sym9_193
original 0 34881 64482 38421 29601 2.000000 0.401000 20.563661
rd53_135
improve 0 296 533 310 237 2.000000 0.401000 0.028741
mod10_171
original 0 244 439 286 195 2.000000 0.401000 0.020176
ising_model_13
original 0 633 633 143 0 2.000000 0.401000 0.007823
adr4_197
original 0 3439 6577 3864 3138 2.000000 0.401000 7.868426
4gt11_84
original 0 18 27 17 9 2.000000 0.401000 0.003156
4gt11_82
original 0 27 39 30 12 2.000000 0.401000 0.002626
wim_266
improve 0 986 1721 990 735 2.000000 0.401000 0.069619
rd53_131
improve 0 469 859 570 390 2.000000 0.401000 0.072785
mod8-10_177
original 0 440 725 438 285 2.000000 0.401000 0.027259
4gt10-v1_81
original 0 148 250 154 102 2.000000 0.401000 0.011945
alu-v1_28
original 0 37 61 39 24 2.000000 0.401000 0.003846
cnt3-5_179
original 0 175 343 128 168 2.000000 0.401000 0.047892
square_root_7
improve 0 7630 14352 7948 6684 2.000000 0.401000 13.515366
one-two-three-v1_99
original 0 132 213 133 81 2.000000 0.401000 0.011788
mini_alu_305
original 0 173 299 134 126 2.000000 0.401000 0.022157
rd53_311
original 0 275 497 240 222 2.000000 0.401000 0.028888
3_17_13
original 0 36 54 35 18 2.000000 0.401000 0.002907
rd73_252
improve 0 5321 9695 5740 4374 2.000000 0.401000 0.529146
4gt4-v0_80
original 0 179 305 184 126 2.000000 0.401000 0.018452
hwb7_59
improve 0 24379 43066 25510 18675 2.000000 0.401000 5.587723
ham3_102
original 0 20 29 20 9 2.000000 0.401000 0.010315
cnt3-5_180
improve 0 485 899 447 414 2.000000 0.401000 0.106249
rd53_133
improve 0 580 1111 705 531 2.000000 0.401000 0.059267
4mod7-v0_94
improve 0 162 333 221 171 2.000000 0.401000 0.031142
plus63mod4096_163
original 0 128744 237980 142917 109236 2.000000 0.401000 143.518522
mini-alu_167
original 0 288 489 286 201 2.000000 0.401000 0.056046
root_255
original 0 17159 31913 17822 14754 2.000000 0.401000 7.788127
z4_268
improve 0 3073 5821 3419 2736 2.000000 0.401000 4.104198
majority_239
improve 0 612 1158 714 531 2.000000 0.401000 14.580473
ex2_227
improve 0 631 1183 725 552 2.000000 0.401000 0.067005
urf2_277
improve 0 20112 37674 23127 17550 2.000000 0.401000 3.636552
one-two-three-v3_101
original 0 70 124 74 54 2.000000 0.401000 0.014754
4gt13_91
improve 0 103 184 122 81 2.000000 0.401000 0.013937
4gt12-v1_89
improve 0 228 387 226 159 2.000000 0.401000 0.016901
sqrt8_260
improve 0 3009 5601 3352 2592 2.000000 0.401000 0.546583
rd32-v0_66
original 0 34 55 36 21 2.000000 0.401000 0.003632
sym9_148
improve 0 21504 39123 23704 17604 2.000000 0.401000 5.173164
4gt5_75
original 0 83 128 75 45 2.000000 0.401000 0.011669
0410184_169
original 0 211 379 190 168 2.000000 0.401000 0.022638
urf2_152
improve 0 80480 139712 81879 59232 2.000000 0.401000 4.912269
urf1_278
original 0 54766 102229 61946 47463 2.000000 0.401000 7.731309
sym6_145
original 0 3888 6858 4137 2970 2.000000 0.401000 0.286443
alu-v2_32
original 0 163 280 180 117 2.000000 0.401000 0.015629
4gt12-v0_88
original 0 194 326 192 132 2.000000 0.401000 0.014674
squar5_261
improve 0 1993 3505 1996 1512 2.000000 0.401000 0.224959
alu-v2_31
improve 0 451 760 458 309 2.000000 0.401000 0.028647
hwb5_53
improve 0 1336 2350 1435 1014 2.000000 0.401000 0.082888
one-two-three-v2_100
original 0 69 117 71 48 2.000000 0.401000 0.005148
cycle10_2_110
improve 0 6050 11039 6817 4986 2.000000 0.401000 1.697628
urf6_160
improve 0 171840 316388 180649 144444 2.000000 0.401000 51.459491
ising_model_10
original 0 480 480 110 0 2.000000 0.401000 0.057622
sys6-v0_111
improve 0 215 392 172 177 2.000000 0.401000 0.017696
plus63mod8192_164
improve 0 187112 350731 211437 163191 2.000000 0.401000 207.293812
mod5adder_127
original 0 555 987 599 432 2.000000 0.401000 0.100166
rd73_140
original 0 230 404 191 174 2.000000 0.401000 0.020177
4mod5-v1_23
original 0 69 114 75 45 2.000000 0.401000 0.006413
graycode6_47
original 0 5 5 5 0 2.000000 0.401000 0.000845
ising_model_16
original 0 786 786 176 0 2.000000 0.401000 0.009179
ham7_104
improve 0 320 668 437 348 2.000000 0.401000 0.079486
ex-1_166
original 0 19 28 18 9 2.000000 0.401000 0.001550
decod24-v3_45
improve 0 150 330 219 180 2.000000 0.401000 0.060087
urf4_187
improve 0 512064 920384 515932 408243 2.000000 0.401000 60.017314
life_238
original 0 22445 40754 24421 18309 2.000000 0.401000 9.751772
con1_216
original 0 954 1773 1039 819 2.000000 0.401000 0.302018
hwb6_56
original 0 6723 11889 7083 5166 2.000000 0.401000 0.547521
mod10_176
improve 0 178 295 174 117 2.000000 0.401000 0.015689
ex1_226
original 0 7 10 5 3 2.000000 0.401000 0.001435
sf_276
improve 0 778 1426 897 648 2.000000 0.401000 0.135718
cm152a_212
improve 0 1221 2457 1567 1236 2.000000 0.401000 0.306367
4gt12-v0_87
improve 0 247 418 240 171 2.000000 0.401000 0.018090
decod24-enable_126
improve 0 338 581 351 243 2.000000 0.401000 0.024596
radd_250
improve 0 3213 5907 3502 2694 2.000000 0.401000 0.452258
pm1_249
original 0 1776 3174 1798 1398 2.000000 0.401000 0.143057
sf_274
improve 0 781 1420 897 639 2.000000 0.401000 0.081889
miller_11
original 0 50 77 50 27 2.000000 0.401000 0.003555
rd53_251
original 0 1291 2275 1374 984 2.000000 0.401000 0.106910
mlp4_245
original 0 18852 35508 20884 16656 2.000000 0.401000 24.610709
9symml_195
original 0 34881 64482 38421 29601 2.000000 0.401000 21.183952
rd84_142
original 0 343 631 241 288 2.000000 0.401000 0.180077
inc_237
original 0 10619 19547 11712 8928 2.000000 0.401000 2.895754
sqn_258
original 0 10223 18545 10672 8322 2.000000 0.401000 1.753379
alu-v2_33
original 0 37 61 39 24 2.000000 0.401000 0.007557
sao2_257
original 0 38577 71733 39625 33156 2.000000 0.401000 30.006979
co14_215
improve 0 17936 34396 18337 16308 2.000000 0.401000 39.272396
decod24-v1_41
original 0 85 184 127 99 2.000000 0.401000 0.023134
4mod5-v0_20
original 0 20 29 18 9 2.000000 0.401000 0.002498
alu-v4_37
original 0 37 58 37 21 2.000000 0.401000 0.002700
urf3_155
improve 0 423488 751168 432490 327612 2.000000 0.401000 39.372187
misex1_241
original 0 4813 8584 5111 3771 2.000000 0.401000 0.508327
alu-v0_27
original 0 36 57 37 21 2.000000 0.401000 0.003119
4mod5-v1_24
original 0 36 72 39 36 2.000000 0.401000 0.007787
4mod7-v1_96
original 0 164 281 180 117 2.000000 0.401000 0.015208
cm82a_208
original 0 650 1139 631 489 2.000000 0.401000 0.056591
ham15_107
improve 0 8763 16284 9963 7509 2.000000 0.401000 4.021905
0example
original 0 9 36 31 27 2.000000 0.401000 0.016147
dc1_220
improve 0 1914 3519 2097 1605 2.000000 0.401000 0.146357
4gt4-v1_74
original 0 273 471 287 198 2.000000 0.401000 0.023333
rd32-v1_68
original 0 36 57 36 21 2.000000 0.401000 0.002370
decod24-v0_38
original 0 51 78 49 27 2.000000 0.401000 0.003176
sym6_316
original 0 270 510 264 240 2.000000 0.401000 0.027125
alu-v0_26
original 0 84 138 81 54 2.000000 0.401000 0.007514
clip_206
original 0 33827 62996 36337 29169 2.000000 0.401000 24.101074
4mod5-v0_18
original 0 69 111 71 42 2.000000 0.401000 0.014288
cm85a_209
original 0 11414 21278 12799 9864 2.000000 0.401000 4.013353
alu-v4_36
original 0 115 196 121 81 2.000000 0.401000 0.014518
one-two-three-v0_97
original 0 290 563 360 273 2.000000 0.401000 0.054291
4gt13_90
improve 0 107 188 126 81 2.000000 0.401000 0.014573
mod5d2_64
original 0 53 92 62 39 2.000000 0.401000 0.006728
ground_state_estimation_10
improve 0 390180 471351 216382 81171 2.000000 0.401000 11.708487
C17_204
improve 0 467 836 492 369 2.000000 0.401000 0.149064
4gt13_92
original 0 66 159 105 93 2.000000 0.401000 0.022845
rd53_130
improve 0 1043 1823 1058 780 2.000000 0.401000 0.076220
alu-v3_34
original 0 52 85 53 33 2.000000 0.401000 0.005062
decod24-bdd_294
original 0 73 118 71 45 2.000000 0.401000 0.006101
4gt5_76
original 0 91 157 108 66 2.000000 0.401000 0.008422
sym9_146
improve 0 328 586 268 258 2.000000 0.401000 0.049906
4mod5-v1_22
original 0 21 33 21 12 2.000000 0.401000 0.002570
rd32_270
original 0 84 147 91 63 2.000000 0.401000 0.009865
hwb4_49
improve 0 233 398 250 165 2.000000 0.401000 0.019601
urf5_280
original 0 49829 91433 54982 41604 2.000000 0.401000 9.082140
4gt5_77
original 0 131 218 132 87 2.000000 0.401000 0.021702
rd84_253
improve 0 13658 25387 14725 11685 2.000000 0.401000 18.446456
4_49_16
improve 0 217 430 284 213 2.000000 0.401000 0.034603
qft_10
improve 0 200 291 94 87 2.000000 0.401000 0.776575
4mod5-bdd_287
original 0 70 121 71 51 2.000000 0.401000 0.007447
qft_16
improve 0 512 862 238 339 2.000000 0.401000 1.596347
urf1_149
original 0 184864 321160 184587 136296 2.000000 0.401000 16.181679
urf5_158
improve 0 164416 292502 169520 128055 2.000000 0.401000 17.650913
urf3_279
improve 0 125362 237713 144262 112305 2.000000 0.401000 22.740263
4gt12-v0_86
improve 0 251 425 245 174 2.000000 0.401000 0.053362
4gt4-v0_73
original 0 395 689 432 294 2.000000 0.401000 0.038416
alu-v1_29
original 0 37 58 37 21 2.000000 0.401000 0.002965
alu-bdd_288
original 0 84 150 93 66 2.000000 0.401000 0.009295
decod24-v2_43
original 0 52 79 48 27 2.000000 0.401000 0.004129
mod8-10_178
improve 0 342 606 350 264 2.000000 0.401000 0.027137
one-two-three-v0_98
improve 0 146 284 174 138 2.000000 0.401000 0.075175
4gt4-v0_78
improve 0 235 397 242 162 2.000000 0.401000 0.020600
4mod5-v0_19
original 0 35 56 35 21 2.000000 0.401000 0.003494
alu-v2_30
improve 0 504 939 575 435 2.000000 0.401000 0.054797
alu-v3_35
original 0 37 58 37 21 2.000000 0.401000 0.003776
dist_223
improve 0 38046 70073 40004 32013 2.000000 0.401000 13.601487
4gt4-v0_79
improve 0 231 387 235 156 2.000000 0.401000 0.027303
hwb8_113
original 0 69380 123533 73509 54153 2.000000 0.401000 20.111375
ex3_229
original 0 403 778 498 375 2.000000 0.401000 0.126667
xor5_254
original 0 7 10 5 3 2.000000 0.401000 0.000891
f2_232
original 0 1206 2304 1422 1098 2.000000 0.401000 1.199326
time:4237.827489