rd53_138
improve 0 132 237 120 105 1.000000 0.441100 0.019481
4gt13-v1_93
improve 0 68 149 91 81 1.000000 0.441100 0.022362
mod5mils_65
original 0 35 59 37 24 1.000000 0.441100 0.003814
mod5d1_63
original 0 22 40 26 18 1.000000 0.441100 0.005056
sym10_262
improve 0 64283 123108 75418 58647 1.000000 0.441100 63.923035
aj-e11_165
improve 0 151 268 175 117 1.000000 0.441100 0.031605
hwb9_119
improve 0 207775 388832 238498 180873 1.000000 0.441100 71.711987
4gt11_83
original 0 23 32 23 9 1.000000 0.441100 0.066875
cm42a_207
original 0 1776 3285 1946 1509 1.000000 0.441100 0.228770
4gt4-v0_72
original 0 258 456 278 198 1.000000 0.441100 0.023047
max46_240
improve 0 27126 50575 30036 23433 1.000000 0.441100 8.025713
dc2_222
improve 0 9462 18150 11206 8655 1.000000 0.441100 22.290956
sym9_193
improve 0 34881 65963 40290 31032 1.000000 0.441100 16.331860
rd53_135
original 0 296 533 335 237 1.000000 0.441100 0.037913
mod10_171
original 0 244 442 289 198 1.000000 0.441100 0.024737
ising_model_13
original 0 633 633 143 0 1.000000 0.441100 0.009964
adr4_197
original 0 3439 6703 3905 3264 1.000000 0.441100 5.366506
4gt11_84
original 0 18 27 17 9 1.000000 0.441100 0.003308
4gt11_82
original 0 27 42 29 15 1.000000 0.441100 0.002812
wim_266
original 0 986 1811 1071 825 1.000000 0.441100 0.085310
rd53_131
improve 0 469 937 599 468 1.000000 0.441100 0.082007
mod8-10_177
improve 0 440 800 492 360 1.000000 0.441100 0.031253
4gt10-v1_81
original 0 148 256 166 108 1.000000 0.441100 0.013691
alu-v1_28
original 0 37 58 38 21 1.000000 0.441100 0.003463
cnt3-5_179
original 0 175 361 155 186 1.000000 0.441100 0.133998
square_root_7
improve 0 7630 14529 8370 6867 1.000000 0.441100 15.442546
one-two-three-v1_99
improve 0 132 234 146 102 1.000000 0.441100 0.015806
mini_alu_305
improve 0 173 323 147 150 1.000000 0.441100 0.034434
rd53_311
original 0 275 506 245 231 1.000000 0.441100 0.037833
3_17_13
original 0 36 57 38 21 1.000000 0.441100 0.003086
rd73_252
original 0 5321 9887 5909 4566 1.000000 0.441100 1.159053
4gt4-v0_80
original 0 179 305 187 126 1.000000 0.441100 0.013899
hwb7_59
improve 0 24379 44029 26690 19638 1.000000 0.441100 3.664464
ham3_102
original 0 20 29 20 9 1.000000 0.441100 0.011102
cnt3-5_180
improve 0 485 914 462 429 1.000000 0.441100 0.056363
rd53_133
original 0 580 1141 736 561 1.000000 0.441100 0.057095
4mod7-v0_94
original 0 162 327 208 165 1.000000 0.441100 0.027174
plus63mod4096_163
improve 0 128744 247270 152071 118116 1.000000 0.441100 200.749840
mini-alu_167
original 0 288 495 311 207 1.000000 0.441100 0.059038
root_255
improve 0 17159 32718 18639 15543 1.000000 0.441100 5.834375
z4_268
original 0 3073 5869 3459 2796 1.000000 0.441100 8.965729
majority_239
original 0 612 1116 706 504 1.000000 0.441100 0.164429
ex2_227
original 0 631 1213 760 582 1.000000 0.441100 0.082183
urf2_277
improve 0 20112 39495 24603 19377 1.000000 0.441100 3.112724
one-two-three-v3_101
improve 0 70 121 73 51 1.000000 0.441100 0.010146
4gt13_91
improve 0 103 178 117 75 1.000000 0.441100 0.009221
4gt12-v1_89
improve 0 228 414 253 186 1.000000 0.441100 0.017162
sqrt8_260
original 0 3009 5658 3387 2649 1.000000 0.441100 0.343899
rd32-v0_66
original 0 34 55 36 21 1.000000 0.441100 0.004199
sym9_148
original 0 21504 40050 24705 18546 1.000000 0.441100 8.992135
4gt5_75
original 0 83 131 78 48 1.000000 0.441100 0.013082
0410184_169
improve 0 211 391 222 180 1.000000 0.441100 0.027833
urf2_152
improve 0 80480 144155 86836 63645 1.000000 0.441100 9.515347
urf1_278
original 0 54766 105685 65778 50919 1.000000 0.441100 53.718269
sym6_145
original 0 3888 7020 4316 3132 1.000000 0.441100 1.588016
alu-v2_32
improve 0 163 295 183 132 1.000000 0.441100 0.024088
4gt12-v0_88
original 0 194 332 212 138 1.000000 0.441100 0.013081
squar5_261
improve 0 1993 3700 2126 1707 1.000000 0.441100 0.174263
alu-v2_31
original 0 451 784 484 333 1.000000 0.441100 0.028440
hwb5_53
improve 0 1336 2371 1483 1035 1.000000 0.441100 0.076738
one-two-three-v2_100
original 0 69 123 78 54 1.000000 0.441100 0.009123
cycle10_2_110
original 0 6050 11681 7162 5631 1.000000 0.441100 0.847331
urf6_160
original 0 171840 323961 190778 152121 1.000000 0.441100 75.607081
ising_model_10
original 0 480 480 110 0 1.000000 0.441100 0.064031
sys6-v0_111
original 0 215 398 179 183 1.000000 0.441100 0.028286
plus63mod8192_164
improve 0 187112 361739 223177 174198 1.000000 0.441100 238.083733
mod5adder_127
improve 0 555 1059 657 504 1.000000 0.441100 0.112403
rd73_140
improve 0 230 437 210 207 1.000000 0.441100 0.036234
4mod5-v1_23
original 0 69 114 74 45 1.000000 0.441100 0.006504
graycode6_47
original 0 5 5 5 0 1.000000 0.441100 0.001042
ising_model_16
original 0 786 786 176 0 1.000000 0.441100 0.011032
ham7_104
improve 0 320 635 412 315 1.000000 0.441100 0.046499
ex-1_166
original 0 19 31 21 12 1.000000 0.441100 0.002162
decod24-v3_45
improve 0 150 303 185 153 1.000000 0.441100 0.032760
urf4_187
improve 0 512064 946987 546057 434796 1.000000 0.441100 73.320287
life_238
improve 0 22445 42292 26330 19809 1.000000 0.441100 13.955916
con1_216
original 0 954 1821 1100 867 1.000000 0.441100 0.148847
hwb6_56
original 0 6723 12147 7370 5424 1.000000 0.441100 0.481562
mod10_176
original 0 178 298 188 120 1.000000 0.441100 0.016092
ex1_226
original 0 7 10 5 3 1.000000 0.441100 0.001438
sf_276
improve 0 778 1429 908 651 1.000000 0.441100 0.087722
cm152a_212
improve 0 1221 2271 1407 1050 1.000000 0.441100 0.156037
4gt12-v0_87
original 0 247 421 248 174 1.000000 0.441100 0.018950
decod24-enable_126
original 0 338 584 370 246 1.000000 0.441100 0.020910
radd_250
improve 0 3213 6079 3755 2862 1.000000 0.441100 1.131240
pm1_249
original 0 1776 3285 1946 1509 1.000000 0.441100 0.224790
sf_274
improve 0 781 1465 933 684 1.000000 0.441100 0.071400
miller_11
original 0 50 89 62 39 1.000000 0.441100 0.004558
rd53_251
improve 0 1291 2416 1494 1125 1.000000 0.441100 0.095604
mlp4_245
improve 0 18852 36319 21831 17394 1.000000 0.441100 18.948754
9symml_195
improve 0 34881 65963 40290 31032 1.000000 0.441100 16.240473
rd84_142
improve 0 343 646 267 303 1.000000 0.441100 0.080281
inc_237
original 0 10619 19859 11961 9240 1.000000 0.441100 1.426096
sqn_258
improve 0 10223 19136 11820 8904 1.000000 0.441100 3.211246
alu-v2_33
original 0 37 67 40 30 1.000000 0.441100 0.008552
sao2_257
improve 0 38577 73756 41915 35076 1.000000 0.441100 41.858940
co14_215
improve 0 17936 35386 19474 17238 1.000000 0.441100 71.643220
decod24-v1_41
original 0 85 196 136 111 1.000000 0.441100 0.027849
4mod5-v0_20
original 0 20 29 18 9 1.000000 0.441100 0.001918
alu-v4_37
original 0 37 61 41 24 1.000000 0.441100 0.002741
