rd53_138
original 0 132 234 117 102 8.000000 0.861000 0.013653
4gt13-v1_93
original 0 68 143 99 75 8.000000 0.861000 0.013726
mod5mils_65
original 0 35 59 39 24 8.000000 0.861000 0.003784
mod5d1_63
original 0 22 40 26 18 8.000000 0.861000 0.004771
sym10_262
improve 0 64283 114717 66056 50388 8.000000 0.861000 14.532431
aj-e11_165
original 0 151 259 165 108 8.000000 0.861000 0.028685
hwb9_119
improve 0 207775 363327 210925 155418 8.000000 0.861000 43.780185
4gt11_83
original 0 23 32 23 9 8.000000 0.861000 0.062756
cm42a_207
original 0 1776 3027 1730 1251 8.000000 0.861000 0.107553
4gt4-v0_72
original 0 258 435 243 177 8.000000 0.861000 0.023837
max46_240
original 0 27126 48027 26806 20901 8.000000 0.861000 7.640723
dc2_222
improve 0 9462 16762 9709 7296 8.000000 0.861000 1.226555
sym9_193
improve 0 34881 62253 36251 27354 8.000000 0.861000 5.342401
rd53_135
original 0 296 500 304 204 8.000000 0.861000 0.034064
mod10_171
original 0 244 424 248 180 8.000000 0.861000 0.018442
ising_model_13
original 0 633 633 143 0 8.000000 0.861000 0.011344
adr4_197
improve 0 3439 6769 3999 3324 8.000000 0.861000 3.259094
4gt11_84
original 0 18 27 17 9 8.000000 0.861000 0.003237
4gt11_82
original 0 27 42 33 15 8.000000 0.861000 0.003062
wim_266
improve 0 986 1703 941 717 8.000000 0.861000 0.075976
rd53_131
original 0 469 850 499 381 8.000000 0.861000 0.040665
mod8-10_177
improve 0 440 749 457 309 8.000000 0.861000 0.028427
4gt10-v1_81
original 0 148 247 152 99 8.000000 0.861000 0.012233
alu-v1_28
original 0 37 61 39 24 8.000000 0.861000 0.004124
cnt3-5_179
original 0 175 337 134 162 8.000000 0.861000 0.178344
square_root_7
improve 0 7630 13870 7560 6231 8.000000 0.861000 3.605815
one-two-three-v1_99
original 0 132 234 150 102 8.000000 0.861000 0.015181
mini_alu_305
original 0 173 323 138 150 8.000000 0.861000 0.038947
rd53_311
original 0 275 518 263 243 8.000000 0.861000 0.037135
3_17_13
original 0 36 57 38 21 8.000000 0.861000 0.003402
rd73_252
improve 0 5321 9385 5289 4047 8.000000 0.861000 4.569149
4gt4-v0_80
original 0 179 308 196 129 8.000000 0.861000 0.017403
hwb7_59
original 0 24379 42064 24407 17685 8.000000 0.861000 1.626913
ham3_102
original 0 20 35 26 15 8.000000 0.861000 0.009833
cnt3-5_180
improve 0 485 845 423 360 8.000000 0.861000 0.050836
rd53_133
original 0 580 1120 672 540 8.000000 0.861000 0.117753
4mod7-v0_94
original 0 162 351 241 189 8.000000 0.861000 0.024310
plus63mod4096_163
improve 0 128744 230566 135276 101667 8.000000 0.861000 60.647024
mini-alu_167
original 0 288 480 298 192 8.000000 0.861000 0.060129
root_255
improve 0 17159 30383 16557 13215 8.000000 0.861000 4.385078
z4_268
original 0 3073 5914 3463 2841 8.000000 0.861000 0.773211
majority_239
improve 0 612 1365 814 645 8.000000 0.861000 95.463576
ex2_227
original 0 631 1189 736 558 8.000000 0.861000 0.077717
urf2_277
improve 0 20112 37638 22970 17526 8.000000 0.861000 1.991841
one-two-three-v3_101
original 0 70 118 71 48 8.000000 0.861000 0.011783
4gt13_91
original 0 103 166 101 63 8.000000 0.861000 0.011373
4gt12-v1_89
original 0 228 408 230 180 8.000000 0.861000 0.019128
sqrt8_260
improve 0 3009 5373 3071 2361 8.000000 0.861000 0.746082
rd32-v0_66
original 0 34 55 37 21 8.000000 0.861000 0.004147
sym9_148
original 0 21504 39078 22835 17574 8.000000 0.861000 11.856062
4gt5_75
original 0 83 140 82 57 8.000000 0.861000 0.014853
0410184_169
original 0 211 367 188 156 8.000000 0.861000 0.098335
urf2_152
original 0 80480 139043 81630 58563 8.000000 0.861000 4.843962
urf1_278
improve 0 54766 100429 61015 45663 8.000000 0.861000 4.862203
sym6_145
improve 0 3888 6720 4002 2802 8.000000 0.861000 5.709949
alu-v2_32
original 0 163 277 160 114 8.000000 0.861000 0.008669
4gt12-v0_88
original 0 194 326 198 132 8.000000 0.861000 0.016017
squar5_261
improve 0 1993 3484 1904 1491 8.000000 0.861000 0.136628
alu-v2_31
original 0 451 730 445 279 8.000000 0.861000 0.028034
hwb5_53
improve 0 1336 2347 1398 1011 8.000000 0.861000 0.078614
one-two-three-v2_100
original 0 69 114 73 45 8.000000 0.861000 0.006160
cycle10_2_110
improve 0 6050 11114 6731 5064 8.000000 0.861000 0.729494
urf6_160
improve 0 171840 309951 176485 138096 8.000000 0.861000 18.288674
ising_model_10
original 0 480 480 110 0 8.000000 0.861000 0.056154
sys6-v0_111
improve 0 215 383 184 168 8.000000 0.861000 0.018330
plus63mod8192_164
improve 0 187112 335611 196668 148356 8.000000 0.861000 62.298019
mod5adder_127
original 0 555 1077 600 522 8.000000 0.861000 2.206026
rd73_140
original 0 230 392 190 162 8.000000 0.861000 0.016704
4mod5-v1_23
original 0 69 123 80 54 8.000000 0.861000 0.006872
graycode6_47
original 0 5 5 5 0 8.000000 0.861000 0.000990
ising_model_16
original 0 786 786 176 0 8.000000 0.861000 0.014920
ham7_104
improve 0 320 629 404 309 8.000000 0.861000 0.040504
ex-1_166
original 0 19 31 21 12 8.000000 0.861000 0.002253
decod24-v3_45
improve 0 150 351 236 201 8.000000 0.861000 0.041974
urf4_187
improve 0 512064 894547 494541 382410 8.000000 0.861000 46.589148
life_238
improve 0 22445 39945 23380 17454 8.000000 0.861000 16.489790
con1_216
improve 0 954 1734 1004 780 8.000000 0.861000 0.073372
hwb6_56
original 0 6723 11538 6742 4815 8.000000 0.861000 0.389646
mod10_176
original 0 178 283 175 105 8.000000 0.861000 0.017013
ex1_226
original 0 7 10 5 3 8.000000 0.861000 0.001434
sf_276
original 0 778 1558 958 780 8.000000 0.861000 0.554719
cm152a_212
improve 0 1221 2409 1501 1176 8.000000 0.861000 3.241294
4gt12-v0_87
improve 0 247 430 252 183 8.000000 0.861000 0.020289
decod24-enable_126
original 0 338 578 345 240 8.000000 0.861000 0.025446
radd_250
improve 0 3213 5700 3299 2487 8.000000 0.861000 0.601177
pm1_249
original 0 1776 3027 1730 1251 8.000000 0.861000 0.115623
sf_274
improve 0 781 1426 874 645 8.000000 0.861000 0.074344
miller_11
original 0 50 89 62 39 8.000000 0.861000 0.005139
rd53_251
original 0 1291 2227 1278 936 8.000000 0.861000 0.077631
mlp4_245
improve 0 18852 33867 19598 14967 8.000000 0.861000 17.169542
9symml_195
improve 0 34881 62253 36251 27354 8.000000 0.861000 5.348027
rd84_142
improve 0 343 607 256 264 8.000000 0.861000 0.052535
inc_237
improve 0 10619 19061 11286 8442 8.000000 0.861000 0.979901
sqn_258
improve 0 10223 18275 10428 8049 8.000000 0.861000 1.282360
alu-v2_33
original 0 37 61 39 24 8.000000 0.861000 0.007018
sao2_257
improve 0 38577 68766 37198 30180 8.000000 0.861000 5.718931
co14_215
original 0 17936 33398 17208 15462 8.000000 0.861000 14.678568
decod24-v1_41
original 0 85 178 116 93 8.000000 0.861000 0.015918
4mod5-v0_20
original 0 20 29 18 9 8.000000 0.861000 0.002327
alu-v4_37
original 0 37 58 37 21 8.000000 0.861000 0.003849
urf3_155
improve 0 423488 745607 430487 322104 8.000000 0.861000 32.683227
misex1_241
original 0 4813 8302 4680 3489 8.000000 0.861000 4.219175
alu-v0_27
original 0 36 57 37 21 8.000000 0.861000 0.004358
4mod5-v1_24
original 0 36 78 40 42 8.000000 0.861000 0.011872
4mod7-v1_96
improve 0 164 281 172 117 8.000000 0.861000 0.019902
cm82a_208
original 0 650 1109 628 459 8.000000 0.861000 0.056520
ham15_107
improve 0 8763 15774 9462 7011 8.000000 0.861000 0.997291
0example
original 0 9 39 34 30 8.000000 0.861000 0.019411
dc1_220
original 0 1914 3495 2029 1581 8.000000 0.861000 0.151798
4gt4-v1_74
original 0 273 465 276 192 8.000000 0.861000 0.021413
rd32-v1_68
original 0 36 57 37 21 8.000000 0.861000 0.003387
decod24-v0_38
original 0 51 87 59 36 8.000000 0.861000 0.005444
sym6_316
original 0 270 507 269 237 8.000000 0.861000 0.035702
alu-v0_26
original 0 84 138 80 54 8.000000 0.861000 0.007595
clip_206
improve 0 33827 61175 35092 27324 8.000000 0.861000 8.526017
4mod5-v0_18
original 0 69 114 74 45 8.000000 0.861000 0.016113
cm85a_209
improve 0 11414 20720 12456 9303 8.000000 0.861000 1.642834
alu-v4_36
original 0 115 193 118 78 8.000000 0.861000 0.014478
one-two-three-v0_97
improve 0 290 569 355 279 8.000000 0.861000 0.029771
4gt13_90
original 0 107 170 103 63 8.000000 0.861000 0.011681
mod5d2_64
original 0 53 98 63 45 8.000000 0.861000 0.006133
ground_state_estimation_10
improve 0 390180 442551 188408 52371 8.000000 0.861000 12.021562
C17_204
original 0 467 803 463 336 8.000000 0.861000 0.143143
4gt13_92
original 0 66 156 102 90 8.000000 0.861000 0.014105
rd53_130
improve 0 1043 1745 995 702 8.000000 0.861000 0.072218
alu-v3_34
original 0 52 85 53 33 8.000000 0.861000 0.005503
decod24-bdd_294
original 0 73 118 73 45 8.000000 0.861000 0.006142
4gt5_76
original 0 91 154 99 63 8.000000 0.861000 0.008775
sym9_146
original 0 328 580 258 252 8.000000 0.861000 0.436231
4mod5-v1_22
original 0 21 33 21 12 8.000000 0.861000 0.002721
rd32_270
original 0 84 138 87 54 8.000000 0.861000 0.008605
hwb4_49
original 0 233 392 239 159 8.000000 0.861000 0.018267
urf5_280
improve 0 49829 90068 54087 40233 8.000000 0.861000 5.082022
4gt5_77
original 0 131 221 135 90 8.000000 0.861000 0.023064
rd84_253
improve 0 13658 24436 13691 10767 8.000000 0.861000 2.568130
4_49_16
original 0 217 421 267 204 8.000000 0.861000 0.024599
qft_10
original 0 200 326 147 126 8.000000 0.861000 0.101676
4mod5-bdd_287
original 0 70 121 71 51 8.000000 0.861000 0.008164
qft_16
improve 0 512 1025 341 387 8.000000 0.861000 51.342987
urf1_149
original 0 184864 320584 185202 135720 8.000000 0.861000 11.524140
urf5_158
original 0 164416 283780 165078 119364 8.000000 0.861000 10.298004
urf3_279
improve 0 125362 234243 140685 108822 8.000000 0.861000 19.816814
4gt12-v0_86
original 0 251 440 262 189 8.000000 0.861000 0.050529
4gt4-v0_73
original 0 395 677 395 282 8.000000 0.861000 0.019627
alu-v1_29
original 0 37 58 37 21 8.000000 0.861000 0.003997
alu-bdd_288
original 0 84 147 93 63 8.000000 0.861000 0.007943
decod24-v2_43
original 0 52 82 51 30 8.000000 0.861000 0.004728
mod8-10_178
improve 0 342 576 337 234 8.000000 0.861000 0.024225
one-two-three-v0_98
original 0 146 308 172 162 8.000000 0.861000 0.032948
4gt4-v0_78
original 0 235 409 240 174 8.000000 0.861000 0.019050
4mod5-v0_19
original 0 35 59 38 24 8.000000 0.861000 0.004022
alu-v2_30
original 0 504 942 550 438 8.000000 0.861000 0.062557
alu-v3_35
original 0 37 58 37 21 8.000000 0.861000 0.004004
dist_223
original 0 38046 67506 36930 29460 8.000000 0.861000 4.744614
4gt4-v0_79
original 0 231 399 239 168 8.000000 0.861000 0.025410
hwb8_113
improve 0 69380 120058 70407 50664 8.000000 0.861000 6.533566
ex3_229
original 0 403 826 493 423 8.000000 0.861000 0.293035
xor5_254
original 0 7 10 5 3 8.000000 0.861000 0.000930
f2_232
improve 0 1206 2328 1451 1122 8.000000 0.861000 0.118226
time:12903.247506