rd53_138
original 0 132 234 114 102 6.000000 0.400000 0.015323
4gt13-v1_93
original 0 68 143 102 75 6.000000 0.400000 0.014444
mod5mils_65
original 0 35 59 39 24 6.000000 0.400000 0.003662
mod5d1_63
original 0 22 40 26 18 6.000000 0.400000 0.005047
sym10_262
original 0 64283 116687 69532 52404 6.000000 0.400000 26.100751
aj-e11_165
original 0 151 265 161 114 6.000000 0.400000 0.031562
hwb9_119
improve 0 207775 369888 222278 162066 6.000000 0.400000 20.061914
4gt11_83
original 0 23 32 23 9 6.000000 0.400000 0.064503
cm42a_207
original 0 1776 3135 1806 1359 6.000000 0.400000 0.116584
4gt4-v0_72
improve 0 258 450 268 192 6.000000 0.400000 0.019192
max46_240
original 0 27126 48303 27716 21177 6.000000 0.400000 3.570175
dc2_222
original 0 9462 17289 10298 7827 6.000000 0.400000 0.876272
sym9_193
improve 0 34881 63204 38488 28272 6.000000 0.400000 11.598491
rd53_135
improve 0 296 524 315 228 6.000000 0.400000 0.039209
mod10_171
original 0 244 424 260 180 6.000000 0.400000 0.019772
ising_model_13
original 0 633 633 143 0 6.000000 0.400000 0.009873
adr4_197
improve 0 3439 6388 3733 2949 6.000000 0.400000 0.345604
4gt11_84
original 0 18 27 17 9 6.000000 0.400000 0.003252
4gt11_82
original 0 27 42 33 15 6.000000 0.400000 0.002992
wim_266
improve 0 986 1706 978 720 6.000000 0.400000 0.070471
rd53_131
original 0 469 865 542 396 6.000000 0.400000 1.919549
mod8-10_177
original 0 440 761 458 321 6.000000 0.400000 0.031261
4gt10-v1_81
original 0 148 253 158 105 6.000000 0.400000 0.013878
alu-v1_28
original 0 37 61 39 24 6.000000 0.400000 0.003640
cnt3-5_179
original 0 175 358 147 183 6.000000 0.400000 0.936650
square_root_7
improve 0 7630 14284 7880 6630 6.000000 0.400000 6.150741
one-two-three-v1_99
original 0 132 222 141 90 6.000000 0.400000 0.018645
mini_alu_305
improve 0 173 314 160 141 6.000000 0.400000 0.021890
rd53_311
original 0 275 503 246 228 6.000000 0.400000 0.035218
3_17_13
original 0 36 54 35 18 6.000000 0.400000 0.003167
rd73_252
original 0 5321 9572 5572 4251 6.000000 0.400000 0.381415
4gt4-v0_80
original 0 179 314 193 135 6.000000 0.400000 0.017751
hwb7_59
original 0 24379 42475 25345 18096 6.000000 0.400000 1.492754
ham3_102
original 0 20 35 26 15 6.000000 0.400000 0.009745
cnt3-5_180
improve 0 485 845 419 360 6.000000 0.400000 0.047918
rd53_133
original 0 580 1078 673 498 6.000000 0.400000 0.107768
4mod7-v0_94
improve 0 162 351 246 189 6.000000 0.400000 0.023329
plus63mod4096_163
improve 0 128744 234540 141579 105708 6.000000 0.400000 39.649693
mini-alu_167
original 0 288 489 302 201 6.000000 0.400000 0.053078
root_255
original 0 17159 31016 17291 13857 6.000000 0.400000 2.950664
z4_268
original 0 3073 5749 3409 2676 6.000000 0.400000 0.602036
majority_239
original 0 612 1176 756 564 6.000000 0.400000 137.972818
ex2_227
original 0 631 1237 776 606 6.000000 0.400000 0.251266
urf2_277
improve 0 20112 37497 22967 17385 6.000000 0.400000 1.939206
one-two-three-v3_101
original 0 70 124 78 54 6.000000 0.400000 0.012790
4gt13_91
original 0 103 163 101 60 6.000000 0.400000 0.010052
4gt12-v1_89
original 0 228 402 243 174 6.000000 0.400000 0.016728
sqrt8_260
improve 0 3009 5478 3201 2469 6.000000 0.400000 0.225847
rd32-v0_66
original 0 34 55 37 21 6.000000 0.400000 0.004332
sym9_148
original 0 21504 39540 24446 18036 6.000000 0.400000 2.960805
4gt5_75
original 0 83 131 80 48 6.000000 0.400000 0.013241
0410184_169
original 0 211 373 197 162 6.000000 0.400000 0.026327
urf2_152
improve 0 80480 138983 82973 58503 6.000000 0.400000 4.838938
urf1_278
original 0 54766 100792 61563 46026 6.000000 0.400000 13.133498
sym6_145
improve 0 3888 6678 4065 2790 6.000000 0.400000 0.226510
alu-v2_32
original 0 163 280 174 117 6.000000 0.400000 0.008654
4gt12-v0_88
original 0 194 332 201 138 6.000000 0.400000 0.015670
squar5_261
improve 0 1993 3523 2013 1530 6.000000 0.400000 0.128249
alu-v2_31
original 0 451 757 472 306 6.000000 0.400000 0.029254
hwb5_53
improve 0 1336 2320 1452 984 6.000000 0.400000 0.078092
one-two-three-v2_100
original 0 69 114 74 45 6.000000 0.400000 0.006218
cycle10_2_110
original 0 6050 10931 6582 4881 6.000000 0.400000 1.567701
urf6_160
original 0 171840 312036 181061 140196 6.000000 0.400000 31.186803
ising_model_10
original 0 480 480 110 0 6.000000 0.400000 0.058162
sys6-v0_111
original 0 215 368 153 153 6.000000 0.400000 0.018589
plus63mod8192_164
original 0 187112 342098 206182 154986 6.000000 0.400000 90.615172
mod5adder_127
original 0 555 1002 616 447 6.000000 0.400000 0.090148
rd73_140
original 0 230 395 189 165 6.000000 0.400000 0.016267
4mod5-v1_23
original 0 69 120 78 51 6.000000 0.400000 0.007634
graycode6_47
original 0 5 5 5 0 6.000000 0.400000 0.000948
ising_model_16
original 0 786 786 176 0 6.000000 0.400000 0.011471
ham7_104
original 0 320 653 420 333 6.000000 0.400000 0.088929
ex-1_166
original 0 19 31 21 12 6.000000 0.400000 0.001297
decod24-v3_45
original 0 150 303 191 153 6.000000 0.400000 0.077099
urf4_187
original 0 512064 896871 498726 384807 6.000000 0.400000 44.118462
life_238
improve 0 22445 40994 24849 18528 6.000000 0.400000 8.348863
con1_216
original 0 954 1791 1067 837 6.000000 0.400000 0.161456
hwb6_56
improve 0 6723 11910 7208 5187 6.000000 0.400000 0.425308
mod10_176
original 0 178 289 177 111 6.000000 0.400000 0.016030
ex1_226
original 0 7 10 5 3 6.000000 0.400000 0.001390
sf_276
original 0 778 1474 920 696 6.000000 0.400000 0.098152
cm152a_212
original 0 1221 2535 1643 1314 6.000000 0.400000 10.868541
4gt12-v0_87
original 0 247 424 251 177 6.000000 0.400000 0.020872
decod24-enable_126
original 0 338 575 352 237 6.000000 0.400000 0.022412
radd_250
original 0 3213 5904 3470 2691 6.000000 0.400000 0.247398
pm1_249
original 0 1776 3135 1806 1359 6.000000 0.400000 0.125778
sf_274
improve 0 781 1408 888 627 6.000000 0.400000 0.067074
miller_11
original 0 50 86 59 36 6.000000 0.400000 0.004406
rd53_251
original 0 1291 2275 1359 984 6.000000 0.400000 0.079576
mlp4_245
improve 0 18852 34739 20597 15831 6.000000 0.400000 23.179551
9symml_195
improve 0 34881 63204 38488 28272 6.000000 0.400000 11.429308
rd84_142
original 0 343 613 224 270 6.000000 0.400000 0.058965
inc_237
improve 0 10619 19227 11684 8601 6.000000 0.400000 5.767159
sqn_258
original 0 10223 18269 10651 8046 6.000000 0.400000 2.676420
alu-v2_33
original 0 37 61 39 24 6.000000 0.400000 0.008040
sao2_257
improve 0 38577 70047 38933 31431 6.000000 0.400000 9.300895
co14_215
original 0 17936 34886 18656 16950 6.000000 0.400000 7.661536
decod24-v1_41
original 0 85 178 119 93 6.000000 0.400000 0.020280
4mod5-v0_20
original 0 20 29 18 9 6.000000 0.400000 0.002351
alu-v4_37
original 0 37 58 37 21 6.000000 0.400000 0.003692
urf3_155
original 0 423488 746345 435682 322857 6.000000 0.400000 40.703606
misex1_241
original 0 4813 8572 5191 3759 6.000000 0.400000 1.025970
alu-v0_27
original 0 36 57 37 21 6.000000 0.400000 0.003341
4mod5-v1_24
original 0 36 75 41 39 6.000000 0.400000 0.009270
4mod7-v1_96
original 0 164 278 180 114 6.000000 0.400000 0.013515
cm82a_208
improve 0 650 1148 672 498 6.000000 0.400000 0.042539
ham15_107
improve 0 8763 16095 9725 7323 6.000000 0.400000 4.434632
0example
original 0 9 36 31 27 6.000000 0.400000 0.018167
dc1_220
improve 0 1914 3408 2032 1494 6.000000 0.400000 0.134490
4gt4-v1_74
improve 0 273 471 286 198 6.000000 0.400000 0.020208
rd32-v1_68
original 0 36 57 37 21 6.000000 0.400000 0.003337
decod24-v0_38
original 0 51 84 52 33 6.000000 0.400000 0.004612
sym6_316
original 0 270 489 262 219 6.000000 0.400000 0.026049
alu-v0_26
original 0 84 141 88 57 6.000000 0.400000 0.009041
clip_206
original 0 33827 62732 36563 28905 6.000000 0.400000 16.192002
4mod5-v0_18
original 0 69 111 69 42 6.000000 0.400000 0.015673
cm85a_209
improve 0 11414 21698 13714 10230 6.000000 0.400000 38.516168
alu-v4_36
original 0 115 196 125 81 6.000000 0.400000 0.012659
one-two-three-v0_97
improve 0 290 545 334 255 6.000000 0.400000 0.028020
4gt13_90
original 0 107 173 109 66 6.000000 0.400000 0.010838
mod5d2_64
original 0 53 92 60 39 6.000000 0.400000 0.006044
ground_state_estimation_10
improve 0 390180 446388 193598 56208 6.000000 0.400000 12.093829
C17_204
improve 0 467 809 476 342 6.000000 0.400000 0.139857
4gt13_92
original 0 66 156 105 90 6.000000 0.400000 0.014785
rd53_130
original 0 1043 1754 1012 711 6.000000 0.400000 0.063354
alu-v3_34
original 0 52 85 53 33 6.000000 0.400000 0.005081
decod24-bdd_294
original 0 73 121 71 48 6.000000 0.400000 0.006618
4gt5_76
original 0 91 157 108 66 6.000000 0.400000 0.008669
sym9_146
original 0 328 577 251 249 6.000000 0.400000 0.030577
4mod5-v1_22
original 0 21 33 21 12 6.000000 0.400000 0.002729
rd32_270
original 0 84 141 87 57 6.000000 0.400000 0.007542
hwb4_49
original 0 233 404 247 171 6.000000 0.400000 0.019423
urf5_280
original 0 49829 90431 54689 40602 6.000000 0.400000 9.980578
4gt5_77
original 0 131 215 130 84 6.000000 0.400000 0.024393
rd84_253
improve 0 13658 25023 14359 11328 6.000000 0.400000 11.409978
4_49_16
improve 0 217 418 278 201 6.000000 0.400000 0.023921
qft_10
improve 0 200 314 106 114 6.000000 0.400000 0.051213
4mod5-bdd_287
original 0 70 118 67 48 6.000000 0.400000 0.007232
qft_16
improve 0 512 938 276 375 6.000000 0.400000 18.387042
urf1_149
improve 0 184864 320656 188067 135792 6.000000 0.400000 11.749953
urf5_158
improve 0 164416 291798 172076 127371 6.000000 0.400000 11.723497
urf3_279
improve 0 125362 240693 146678 115257 6.000000 0.400000 21.506246
4gt12-v0_86
original 0 251 428 255 177 6.000000 0.400000 0.051712
4gt4-v0_73
original 0 395 686 432 291 6.000000 0.400000 0.023267
alu-v1_29
original 0 37 58 37 21 6.000000 0.400000 0.004014
alu-bdd_288
original 0 84 147 88 63 6.000000 0.400000 0.009853
decod24-v2_43
original 0 52 82 51 30 6.000000 0.400000 0.004401
mod8-10_178
improve 0 342 594 352 252 6.000000 0.400000 0.025178
one-two-three-v0_98
original 0 146 317 200 171 6.000000 0.400000 0.081559
4gt4-v0_78
original 0 235 412 254 177 6.000000 0.400000 0.028786
4mod5-v0_19
original 0 35 59 38 24 6.000000 0.400000 0.003973
alu-v2_30
improve 0 504 954 621 450 6.000000 0.400000 0.042034
alu-v3_35
original 0 37 58 37 21 6.000000 0.400000 0.003932
dist_223
original 0 38046 69072 39128 31026 6.000000 0.400000 11.505095
4gt4-v0_79
original 0 231 393 237 162 6.000000 0.400000 0.035248
hwb8_113
original 0 69380 121805 73061 52425 6.000000 0.400000 4.383581
ex3_229
original 0 403 892 595 489 6.000000 0.400000 0.295665
xor5_254
original 0 7 10 5 3 6.000000 0.400000 0.000996
f2_232
original 0 1206 2250 1416 1044 6.000000 0.400000 0.266542
time:9752.779061