rd53_138
original 0 132 240 122 108 1.000000 0.611000 0.021359
4gt13-v1_93
original 0 68 149 107 81 1.000000 0.611000 0.016557
mod5mils_65
original 0 35 59 36 24 1.000000 0.611000 0.003476
mod5d1_63
original 0 22 40 26 18 1.000000 0.611000 0.005082
sym10_262
original 0 64283 121976 74183 57693 1.000000 0.611000 42.015069
aj-e11_165
original 0 151 268 176 117 1.000000 0.611000 0.033830
hwb9_119
improve 0 207775 389235 238676 181239 1.000000 0.611000 80.928396
4gt11_83
original 0 23 32 23 9 1.000000 0.611000 0.063434
cm42a_207
improve 0 1776 3231 1946 1455 1.000000 0.611000 0.120743
4gt4-v0_72
improve 0 258 456 264 198 1.000000 0.611000 0.018414
max46_240
improve 0 27126 50331 30540 23178 1.000000 0.611000 11.904418
dc2_222
original 0 9462 17913 10861 8451 1.000000 0.611000 14.540994
sym9_193
improve 0 34881 65698 40278 30753 1.000000 0.611000 25.809829
rd53_135
improve 0 296 560 333 264 1.000000 0.611000 0.043695
mod10_171
improve 0 244 427 272 183 1.000000 0.611000 0.017898
ising_model_13
original 0 633 633 143 0 1.000000 0.611000 0.010259
adr4_197
original 0 3439 6700 3949 3261 1.000000 0.611000 2.479743
4gt11_84
original 0 18 27 17 9 1.000000 0.611000 0.003274
4gt11_82
original 0 27 39 30 12 1.000000 0.611000 0.002690
wim_266
improve 0 986 1784 1042 798 1.000000 0.611000 0.156907
rd53_131
original 0 469 847 531 378 1.000000 0.611000 0.040030
mod8-10_177
improve 0 440 782 498 342 1.000000 0.611000 0.029878
4gt10-v1_81
original 0 148 256 162 108 1.000000 0.611000 0.013425
alu-v1_28
original 0 37 61 39 24 1.000000 0.611000 0.003726
cnt3-5_179
original 0 175 370 148 195 1.000000 0.611000 0.109976
square_root_7
improve 0 7630 14405 8087 6747 1.000000 0.611000 16.451539
one-two-three-v1_99
original 0 132 228 147 96 1.000000 0.611000 0.012177
mini_alu_305
original 0 173 344 172 171 1.000000 0.611000 0.037182
rd53_311
original 0 275 515 264 240 1.000000 0.611000 0.029328
3_17_13
original 0 36 57 38 21 1.000000 0.611000 0.003190
rd73_252
improve 0 5321 9887 5865 4566 1.000000 0.611000 0.571587
4gt4-v0_80
original 0 179 326 212 147 1.000000 0.611000 0.017828
hwb7_59
improve 0 24379 44310 26923 19923 1.000000 0.611000 2.901202
ham3_102
original 0 20 29 20 9 1.000000 0.611000 0.010725
cnt3-5_180
improve 0 485 872 437 387 1.000000 0.611000 0.058195
rd53_133
original 0 580 1114 730 534 1.000000 0.611000 2.273767
4mod7-v0_94
improve 0 162 318 207 156 1.000000 0.611000 0.020938
plus63mod4096_163
improve 0 128744 247108 151898 118185 1.000000 0.611000 55.544867
mini-alu_167
original 0 288 471 280 183 1.000000 0.611000 0.053462
root_255
improve 0 17159 32790 18919 15576 1.000000 0.611000 19.678201
z4_268
improve 0 3073 5992 3635 2886 1.000000 0.611000 11.323070
majority_239
original 0 612 1206 778 594 1.000000 0.611000 0.710701
ex2_227
improve 0 631 1291 831 660 1.000000 0.611000 0.102725
urf2_277
original 0 20112 39258 24395 19146 1.000000 0.611000 3.131614
one-two-three-v3_101
original 0 70 118 74 48 1.000000 0.611000 0.013421
4gt13_91
original 0 103 181 118 78 1.000000 0.611000 0.010851
4gt12-v1_89
improve 0 228 420 262 192 1.000000 0.611000 0.020299
sqrt8_260
original 0 3009 5679 3390 2670 1.000000 0.611000 0.534006
rd32-v0_66
original 0 34 55 36 21 1.000000 0.611000 0.004322
sym9_148
improve 0 21504 39747 24824 18225 1.000000 0.611000 9.529300
4gt5_75
original 0 83 134 78 51 1.000000 0.611000 0.012450
0410184_169
improve 0 211 412 220 201 1.000000 0.611000 0.025500
urf2_152
improve 0 80480 144044 86853 63564 1.000000 0.611000 5.218155
urf1_278
improve 0 54766 105278 65372 50481 1.000000 0.611000 11.823498
sym6_145
improve 0 3888 6987 4344 3099 1.000000 0.611000 0.290806
alu-v2_32
improve 0 163 295 184 132 1.000000 0.611000 0.011577
4gt12-v0_88
original 0 194 320 194 126 1.000000 0.611000 0.014392
squar5_261
original 0 1993 3715 2154 1722 1.000000 0.611000 0.249255
alu-v2_31
improve 0 451 808 497 357 1.000000 0.611000 0.030753
hwb5_53
improve 0 1336 2374 1484 1038 1.000000 0.611000 0.078542
one-two-three-v2_100
original 0 69 123 77 54 1.000000 0.611000 0.009276
cycle10_2_110
improve 0 6050 11327 7018 5250 1.000000 0.611000 15.005423
urf6_160
original 0 171840 324438 189195 152598 1.000000 0.611000 46.902136
ising_model_10
original 0 480 480 110 0 1.000000 0.611000 0.064409
sys6-v0_111
original 0 215 395 169 180 1.000000 0.611000 0.028693
plus63mod8192_164
improve 0 187112 358544 220241 171027 1.000000 0.611000 150.627292
mod5adder_127
original 0 555 1131 694 576 1.000000 0.611000 0.346045
rd73_140
original 0 230 416 218 186 1.000000 0.611000 0.619671
4mod5-v1_23
original 0 69 111 72 42 1.000000 0.611000 0.006377
graycode6_47
original 0 5 5 5 0 1.000000 0.611000 0.001057
ising_model_16
original 0 786 786 176 0 1.000000 0.611000 0.011481
ham7_104
improve 0 320 653 427 333 1.000000 0.611000 0.061592
ex-1_166
original 0 19 31 21 12 1.000000 0.611000 0.002167
decod24-v3_45
original 0 150 318 206 168 1.000000 0.611000 0.059368
urf4_187
improve 0 512064 947939 551191 435660 1.000000 0.611000 93.208114
life_238
improve 0 22445 42410 26288 19920 1.000000 0.611000 13.533232
con1_216
improve 0 954 1896 1170 942 1.000000 0.611000 0.134920
hwb6_56
original 0 6723 12198 7443 5475 1.000000 0.611000 0.501546
mod10_176
original 0 178 298 184 120 1.000000 0.611000 0.009187
ex1_226
original 0 7 10 6 3 1.000000 0.611000 0.001395
sf_276
improve 0 778 1480 931 702 1.000000 0.611000 0.149241
cm152a_212
improve 0 1221 2370 1470 1149 1.000000 0.611000 0.275928
4gt12-v0_87
improve 0 247 430 254 183 1.000000 0.611000 0.021447
decod24-enable_126
improve 0 338 605 379 267 1.000000 0.611000 0.033154
radd_250
original 0 3213 6006 3619 2793 1.000000 0.611000 4.482463
pm1_249
improve 0 1776 3231 1946 1455 1.000000 0.611000 0.141937
sf_274
improve 0 781 1456 926 675 1.000000 0.611000 0.108965
miller_11
original 0 50 89 62 39 1.000000 0.611000 0.004521
rd53_251
original 0 1291 2350 1418 1059 1.000000 0.611000 0.101915
mlp4_245
improve 0 18852 35854 21571 16947 1.000000 0.611000 15.295563
9symml_195
improve 0 34881 65698 40278 30753 1.000000 0.611000 25.981341
rd84_142
original 0 343 676 262 333 1.000000 0.611000 0.190009
inc_237
original 0 10619 19985 12082 9366 1.000000 0.611000 4.096566
sqn_258
improve 0 10223 19354 11624 9087 1.000000 0.611000 22.623630
alu-v2_33
original 0 37 67 41 30 1.000000 0.611000 0.007984
sao2_257
improve 0 38577 74076 42153 35391 1.000000 0.611000 67.070458
