rd53_138
improve 0 132 231 114 99 6.000000 0.211000 0.014418
4gt13-v1_93
original 0 68 143 102 75 6.000000 0.211000 0.011862
mod5mils_65
original 0 35 59 39 24 6.000000 0.211000 0.003690
mod5d1_63
original 0 22 40 26 18 6.000000 0.211000 0.004886
sym10_262
improve 0 64283 117679 70645 53301 6.000000 0.211000 25.928501
aj-e11_165
original 0 151 265 161 114 6.000000 0.211000 0.033018
hwb9_119
improve 0 207775 370065 222474 162270 6.000000 0.211000 18.904714
4gt11_83
original 0 23 32 23 9 6.000000 0.211000 0.067168
cm42a_207
original 0 1776 3135 1806 1359 6.000000 0.211000 0.128475
4gt4-v0_72
improve 0 258 450 268 192 6.000000 0.211000 0.022923
max46_240
improve 0 27126 48681 28187 21549 6.000000 0.211000 3.529227
dc2_222
original 0 9462 17289 10298 7827 6.000000 0.211000 0.988851
sym9_193
improve 0 34881 63099 37561 28209 6.000000 0.211000 3.944082
rd53_135
original 0 296 524 312 228 6.000000 0.211000 0.037764
mod10_171
original 0 244 424 260 180 6.000000 0.211000 0.014467
ising_model_13
original 0 633 633 143 0 6.000000 0.211000 0.006407
adr4_197
original 0 3439 6385 3691 2946 6.000000 0.211000 0.633976
4gt11_84
original 0 18 27 17 9 6.000000 0.211000 0.003412
4gt11_82
original 0 27 42 33 15 6.000000 0.211000 0.001745
wim_266
improve 0 986 1703 975 717 6.000000 0.211000 0.070086
rd53_131
original 0 469 886 566 417 6.000000 0.211000 0.040015
mod8-10_177
original 0 440 761 458 321 6.000000 0.211000 0.031568
4gt10-v1_81
original 0 148 253 158 105 6.000000 0.211000 0.011522
alu-v1_28
original 0 37 61 39 24 6.000000 0.211000 0.004167
cnt3-5_179
original 0 175 349 137 174 6.000000 0.211000 0.964583
square_root_7
improve 0 7630 14145 7707 6474 6.000000 0.211000 14.070255
one-two-three-v1_99
original 0 132 222 141 90 6.000000 0.211000 0.014509
mini_alu_305
improve 0 173 314 160 141 6.000000 0.211000 0.023258
rd53_311
original 0 275 503 246 228 6.000000 0.211000 0.039665
3_17_13
original 0 36 54 35 18 6.000000 0.211000 0.003284
rd73_252
original 0 5321 9572 5572 4251 6.000000 0.211000 0.440377
4gt4-v0_80
original 0 179 314 193 135 6.000000 0.211000 0.017891
hwb7_59
original 0 24379 42475 25345 18096 6.000000 0.211000 1.525387
ham3_102
original 0 20 35 26 15 6.000000 0.211000 0.012703
cnt3-5_180
improve 0 485 845 419 360 6.000000 0.211000 0.048730
rd53_133
original 0 580 1078 673 498 6.000000 0.211000 0.088239
4mod7-v0_94
original 0 162 357 247 195 6.000000 0.211000 0.024794
plus63mod4096_163
improve 0 128744 234540 141579 105708 6.000000 0.211000 41.921305
mini-alu_167
original 0 288 489 302 201 6.000000 0.211000 0.053404
root_255
improve 0 17159 31178 17487 14019 6.000000 0.211000 1.680201
z4_268
original 0 3073 5773 3391 2700 6.000000 0.211000 0.620242
