rd53_138
improve 0 132 237 120 105 1.000000 0.181100 0.023296
4gt13-v1_93
improve 0 68 149 91 81 1.000000 0.181100 0.022651
mod5mils_65
original 0 35 59 37 24 1.000000 0.181100 0.003041
mod5d1_63
original 0 22 40 26 18 1.000000 0.181100 0.003972
sym10_262
improve 0 64283 123108 75418 58647 1.000000 0.181100 64.410928
aj-e11_165
improve 0 151 268 175 117 1.000000 0.181100 0.030936
hwb9_119
improve 0 207775 388832 238498 180873 1.000000 0.181100 72.911890
4gt11_83
original 0 23 32 23 9 1.000000 0.181100 0.066595
cm42a_207
original 0 1776 3285 1946 1509 1.000000 0.181100 0.224306
4gt4-v0_72
original 0 258 456 278 198 1.000000 0.181100 0.020660
max46_240
improve 0 27126 50575 30036 23433 1.000000 0.181100 7.847863
dc2_222
improve 0 9462 18150 11206 8655 1.000000 0.181100 22.489744
sym9_193
improve 0 34881 65963 40290 31032 1.000000 0.181100 16.433662
rd53_135
original 0 296 533 335 237 1.000000 0.181100 0.037129
mod10_171
original 0 244 442 289 198 1.000000 0.181100 0.025185
ising_model_13
original 0 633 633 143 0 1.000000 0.181100 0.009541
adr4_197
original 0 3439 6703 3905 3264 1.000000 0.181100 5.308167
4gt11_84
original 0 18 27 17 9 1.000000 0.181100 0.003229
4gt11_82
original 0 27 42 29 15 1.000000 0.181100 0.001550
wim_266
original 0 986 1811 1071 825 1.000000 0.181100 0.086083
rd53_131
improve 0 469 937 599 468 1.000000 0.181100 0.081213
mod8-10_177
improve 0 440 800 492 360 1.000000 0.181100 0.044424
4gt10-v1_81
original 0 148 256 166 108 1.000000 0.181100 0.007410
alu-v1_28
original 0 37 58 38 21 1.000000 0.181100 0.002492
cnt3-5_179
original 0 175 361 155 186 1.000000 0.181100 0.212809
square_root_7
improve 0 7630 14529 8370 6867 1.000000 0.181100 15.311317
one-two-three-v1_99
improve 0 132 234 146 102 1.000000 0.181100 0.011679
mini_alu_305
improve 0 173 323 147 150 1.000000 0.181100 0.029552
rd53_311
original 0 275 506 245 231 1.000000 0.181100 0.034724
3_17_13
original 0 36 57 38 21 1.000000 0.181100 0.002473
rd73_252
original 0 5321 9887 5909 4566 1.000000 0.181100 1.162151
4gt4-v0_80
original 0 179 305 187 126 1.000000 0.181100 0.012291
hwb7_59
improve 0 24379 44029 26690 19638 1.000000 0.181100 3.758271
ham3_102
original 0 20 29 20 9 1.000000 0.181100 0.010958
cnt3-5_180
improve 0 485 914 462 429 1.000000 0.181100 0.059740
rd53_133
original 0 580 1141 736 561 1.000000 0.181100 0.052925
4mod7-v0_94
original 0 162 327 208 165 1.000000 0.181100 0.025245
plus63mod4096_163
improve 0 128744 247270 152071 118116 1.000000 0.181100 200.935032
mini-alu_167
original 0 288 495 311 207 1.000000 0.181100 0.058388
root_255
improve 0 17159 32718 18639 15543 1.000000 0.181100 6.053600
z4_268
original 0 3073 5869 3459 2796 1.000000 0.181100 9.001627
majority_239
original 0 612 1116 706 504 1.000000 0.181100 0.168414
ex2_227
original 0 631 1213 760 582 1.000000 0.181100 0.081903
urf2_277
improve 0 20112 39495 24603 19377 1.000000 0.181100 3.040140
one-two-three-v3_101
improve 0 70 121 73 51 1.000000 0.181100 0.015658
4gt13_91
improve 0 103 178 117 75 1.000000 0.181100 0.013962
4gt12-v1_89
improve 0 228 414 253 186 1.000000 0.181100 0.021485
sqrt8_260
original 0 3009 5658 3387 2649 1.000000 0.181100 0.293150
rd32-v0_66
original 0 34 55 36 21 1.000000 0.181100 0.004252
sym9_148
original 0 21504 40050 24705 18546 1.000000 0.181100 9.084475
4gt5_75
original 0 83 131 78 48 1.000000 0.181100 0.012786
0410184_169
improve 0 211 391 222 180 1.000000 0.181100 0.025426
urf2_152
improve 0 80480 144155 86836 63645 1.000000 0.181100 9.578595
urf1_278
original 0 54766 105685 65778 50919 1.000000 0.181100 54.201983
sym6_145
original 0 3888 7020 4316 3132 1.000000 0.181100 1.684160
alu-v2_32
improve 0 163 295 183 132 1.000000 0.181100 0.014389
4gt12-v0_88
original 0 194 332 212 138 1.000000 0.181100 0.015273
squar5_261
improve 0 1993 3700 2126 1707 1.000000 0.181100 0.169812
alu-v2_31
original 0 451 784 484 333 1.000000 0.181100 0.029016
hwb5_53
improve 0 1336 2371 1483 1035 1.000000 0.181100 0.075325
one-two-three-v2_100
original 0 69 123 78 54 1.000000 0.181100 0.004974
cycle10_2_110
original 0 6050 11681 7162 5631 1.000000 0.181100 0.852326
urf6_160
original 0 171840 323961 190778 152121 1.000000 0.181100 74.327548
ising_model_10
original 0 480 480 110 0 1.000000 0.181100 0.063036
sys6-v0_111
original 0 215 398 179 183 1.000000 0.181100 0.033059
plus63mod8192_164
improve 0 187112 361739 223177 174198 1.000000 0.181100 238.391626
mod5adder_127
improve 0 555 1059 657 504 1.000000 0.181100 0.112041
rd73_140
improve 0 230 437 210 207 1.000000 0.181100 0.044682
4mod5-v1_23
original 0 69 114 74 45 1.000000 0.181100 0.005825
graycode6_47
original 0 5 5 5 0 1.000000 0.181100 0.001033
ising_model_16
original 0 786 786 176 0 1.000000 0.181100 0.009741
ham7_104
improve 0 320 635 412 315 1.000000 0.181100 0.047755
ex-1_166
original 0 19 31 21 12 1.000000 0.181100 0.002128
decod24-v3_45
improve 0 150 303 185 153 1.000000 0.181100 0.030236
urf4_187
improve 0 512064 946987 546057 434796 1.000000 0.181100 73.626935
life_238
improve 0 22445 42292 26330 19809 1.000000 0.181100 14.115821
con1_216
original 0 954 1821 1100 867 1.000000 0.181100 0.148860
hwb6_56
original 0 6723 12147 7370 5424 1.000000 0.181100 0.482142
mod10_176
original 0 178 298 188 120 1.000000 0.181100 0.014760
ex1_226
original 0 7 10 5 3 1.000000 0.181100 0.001473
sf_276
improve 0 778 1429 908 651 1.000000 0.181100 0.091253
cm152a_212
improve 0 1221 2271 1407 1050 1.000000 0.181100 0.152487
4gt12-v0_87
original 0 247 421 248 174 1.000000 0.181100 0.017870
decod24-enable_126
original 0 338 584 370 246 1.000000 0.181100 0.021240
radd_250
improve 0 3213 6079 3755 2862 1.000000 0.181100 1.147679
pm1_249
original 0 1776 3285 1946 1509 1.000000 0.181100 0.232912
sf_274
improve 0 781 1465 933 684 1.000000 0.181100 0.074349
miller_11
original 0 50 89 62 39 1.000000 0.181100 0.004210
rd53_251
improve 0 1291 2416 1494 1125 1.000000 0.181100 0.096040
mlp4_245
improve 0 18852 36319 21831 17394 1.000000 0.181100 18.939792
9symml_195
improve 0 34881 65963 40290 31032 1.000000 0.181100 16.695421
rd84_142
improve 0 343 646 267 303 1.000000 0.181100 0.080258
inc_237
original 0 10619 19859 11961 9240 1.000000 0.181100 1.438180
sqn_258
improve 0 10223 19136 11820 8904 1.000000 0.181100 3.286893
alu-v2_33
original 0 37 67 40 30 1.000000 0.181100 0.005194
sao2_257
improve 0 38577 73756 41915 35076 1.000000 0.181100 42.203547
co14_215
improve 0 17936 35386 19474 17238 1.000000 0.181100 71.622803
decod24-v1_41
original 0 85 196 136 111 1.000000 0.181100 0.025917
4mod5-v0_20
original 0 20 29 18 9 1.000000 0.181100 0.002229
alu-v4_37
original 0 37 61 41 24 1.000000 0.181100 0.003554
urf3_155
improve 0 423488 773401 457071 349680 1.000000 0.181100 90.961029
misex1_241
original 0 4813 9007 5562 4194 1.000000 0.181100 0.454311
alu-v0_27
original 0 36 57 37 21 1.000000 0.181100 0.003095
4mod5-v1_24
original 0 36 72 35 36 1.000000 0.181100 0.011990
4mod7-v1_96
improve 0 164 287 177 123 1.000000 0.181100 0.014317
cm82a_208
original 0 650 1184 694 534 1.000000 0.181100 0.054418
ham15_107
improve 0 8763 16719 10450 7932 1.000000 0.181100 7.654342
0example
original 0 9 45 30 36 1.000000 0.181100 0.028659
dc1_220
improve 0 1914 3627 2233 1713 1.000000 0.181100 0.181288
4gt4-v1_74
original 0 273 486 312 213 1.000000 0.181100 0.019543
rd32-v1_68
original 0 36 57 36 21 1.000000 0.181100 0.003060
decod24-v0_38
original 0 51 81 52 30 1.000000 0.181100 0.004572
sym6_316
improve 0 270 540 290 270 1.000000 0.181100 0.091309
alu-v0_26
original 0 84 147 88 63 1.000000 0.181100 0.008637
clip_206
improve 0 33827 64960 39087 31059 1.000000 0.181100 27.569425
4mod5-v0_18
original 0 69 111 71 42 1.000000 0.181100 0.015849
cm85a_209
original 0 11414 21941 13401 10527 1.000000 0.181100 3.007949
alu-v4_36
original 0 115 193 123 78 1.000000 0.181100 0.009203
one-two-three-v0_97
original 0 290 560 345 270 1.000000 0.181100 0.043452
4gt13_90
improve 0 107 182 121 75 1.000000 0.181100 0.009784
mod5d2_64
original 0 53 95 59 42 1.000000 0.181100 0.007382
ground_state_estimation_10
original 0 390180 502929 247839 112749 1.000000 0.181100 14.948495
C17_204
original 0 467 860 523 393 1.000000 0.181100 0.158742
4gt13_92
original 0 66 162 112 96 1.000000 0.181100 0.020641
rd53_130
improve 0 1043 1847 1096 804 1.000000 0.181100 0.101175
alu-v3_34
original 0 52 82 53 30 1.000000 0.181100 0.004725
decod24-bdd_294
original 0 73 121 76 48 1.000000 0.181100 0.007335
4gt5_76
original 0 91 175 122 84 1.000000 0.181100 0.009544
sym9_146
improve 0 328 604 277 276 1.000000 0.181100 0.128707
4mod5-v1_22
original 0 21 30 19 9 1.000000 0.181100 0.002472
rd32_270
original 0 84 141 86 57 1.000000 0.181100 0.007180
hwb4_49
original 0 233 404 257 171 1.000000 0.181100 0.021044
urf5_280
original 0 49829 94106 57870 44277 1.000000 0.181100 4.629570
4gt5_77
original 0 131 221 129 90 1.000000 0.181100 0.025820
rd84_253
improve 0 13658 25599 15127 11928 1.000000 0.181100 4.037819
4_49_16
original 0 217 424 277 207 1.000000 0.181100 0.032320
qft_10
improve 0 200 317 103 117 1.000000 0.181100 0.086236
4mod5-bdd_287
original 0 70 118 73 48 1.000000 0.181100 0.006994
qft_16
improve 0 512 897 241 327 1.000000 0.181100 20.521292
urf1_149
improve 0 184864 329818 196109 144954 1.000000 0.181100 12.094895
urf5_158
improve 0 164416 293926 176665 129510 1.000000 0.181100 10.678876
urf3_279
improve 0 125362 246265 152014 120723 1.000000 0.181100 46.768835
4gt12-v0_86
original 0 251 428 255 177 1.000000 0.181100 0.054209
4gt4-v0_73
original 0 395 740 490 345 1.000000 0.181100 0.025984
alu-v1_29
original 0 37 58 37 21 1.000000 0.181100 0.003605
alu-bdd_288
original 0 84 144 89 60 1.000000 0.181100 0.009596
decod24-v2_43
original 0 52 88 57 36 1.000000 0.181100 0.005211
mod8-10_178
improve 0 342 603 370 261 1.000000 0.181100 0.023214
one-two-three-v0_98
original 0 146 290 176 144 1.000000 0.181100 0.084067
4gt4-v0_78
improve 0 235 421 272 186 1.000000 0.181100 0.017274
4mod5-v0_19
original 0 35 56 37 21 1.000000 0.181100 0.003737
alu-v2_30
improve 0 504 936 585 432 1.000000 0.181100 0.045236
alu-v3_35
original 0 37 61 41 24 1.000000 0.181100 0.002171
dist_223
improve 0 38046 73302 42566 35121 1.000000 0.181100 47.164109
4gt4-v0_79
improve 0 231 408 260 177 1.000000 0.181100 0.023228
hwb8_113
improve 0 69380 127325 77811 57855 1.000000 0.181100 23.027790
ex3_229
improve 0 403 760 489 357 1.000000 0.181100 0.082072
xor5_254
original 0 7 10 5 3 1.000000 0.181100 0.001111
f2_232
improve 0 1206 2208 1399 1002 1.000000 0.181100 0.146232
time:12707.912877