rd53_138
original 0 132 228 113 96 8.000000 0.700000 0.018986
4gt13-v1_93
original 0 68 143 99 75 8.000000 0.700000 0.013383
mod5mils_65
original 0 35 59 39 24 8.000000 0.700000 0.003769
mod5d1_63
original 0 22 40 26 18 8.000000 0.700000 0.004870
sym10_262
improve 0 64283 115689 67203 51339 8.000000 0.700000 29.917971
aj-e11_165
original 0 151 259 165 108 8.000000 0.700000 0.029213
hwb9_119
improve 0 207775 363327 210925 155418 8.000000 0.700000 42.841888
4gt11_83
original 0 23 32 23 9 8.000000 0.700000 0.064549
cm42a_207
original 0 1776 3027 1730 1251 8.000000 0.700000 0.108132
4gt4-v0_72
original 0 258 435 243 177 8.000000 0.700000 0.025596
max46_240
improve 0 27126 47935 27143 20796 8.000000 0.700000 4.651732
dc2_222
improve 0 9462 16762 9709 7296 8.000000 0.700000 1.206965
sym9_193
improve 0 34881 62331 36379 27435 8.000000 0.700000 4.899841
rd53_135
original 0 296 500 304 204 8.000000 0.700000 0.033560
mod10_171
original 0 244 424 248 180 8.000000 0.700000 0.017638
ising_model_13
original 0 633 633 143 0 8.000000 0.700000 0.011496
adr4_197
original 0 3439 6328 3627 2889 8.000000 0.700000 1.246520
4gt11_84
original 0 18 27 17 9 8.000000 0.700000 0.003340
4gt11_82
original 0 27 42 33 15 8.000000 0.700000 0.003091
wim_266
improve 0 986 1703 941 717 8.000000 0.700000 0.076114
rd53_131
improve 0 469 850 542 381 8.000000 0.700000 0.070623
mod8-10_177
improve 0 440 746 453 306 8.000000 0.700000 0.030021
4gt10-v1_81
original 0 148 247 152 99 8.000000 0.700000 0.011851
alu-v1_28
original 0 37 61 39 24 8.000000 0.700000 0.004303
cnt3-5_179
original 0 175 343 128 168 8.000000 0.700000 0.034121
square_root_7
improve 0 7630 14150 7634 6486 8.000000 0.700000 7.914643
one-two-three-v1_99
original 0 132 234 150 102 8.000000 0.700000 0.016539
mini_alu_305
original 0 173 323 138 150 8.000000 0.700000 0.037924
rd53_311
original 0 275 518 263 243 8.000000 0.700000 0.036713
3_17_13
original 0 36 57 38 21 8.000000 0.700000 0.003590
rd73_252
improve 0 5321 9362 5240 4029 8.000000 0.700000 3.978676
4gt4-v0_80
original 0 179 308 196 129 8.000000 0.700000 0.015663
hwb7_59
original 0 24379 42064 24407 17685 8.000000 0.700000 1.568737
ham3_102
original 0 20 35 26 15 8.000000 0.700000 0.010881
cnt3-5_180
improve 0 485 845 423 360 8.000000 0.700000 0.052266
rd53_133
original 0 580 1102 678 522 8.000000 0.700000 0.108610
4mod7-v0_94
improve 0 162 327 216 165 8.000000 0.700000 0.021032
plus63mod4096_163
improve 0 128744 230566 135276 101667 8.000000 0.700000 62.648095
mini-alu_167
original 0 288 480 298 192 8.000000 0.700000 0.060262
root_255
improve 0 17159 30766 16810 13599 8.000000 0.700000 2.921397
z4_268
original 0 3073 5719 3298 2646 8.000000 0.700000 11.953914
majority_239
improve 0 612 1413 802 603 8.000000 0.700000 191.651228
ex2_227
original 0 631 1225 739 594 8.000000 0.700000 0.149574
urf2_277
improve 0 20112 37638 22970 17526 8.000000 0.700000 1.934992
one-two-three-v3_101
original 0 70 118 71 48 8.000000 0.700000 0.014024
4gt13_91
original 0 103 166 101 63 8.000000 0.700000 0.010345
4gt12-v1_89
original 0 228 408 230 180 8.000000 0.700000 0.021374
sqrt8_260
improve 0 3009 5361 3020 2352 8.000000 0.700000 0.294380
rd32-v0_66
original 0 34 55 37 21 8.000000 0.700000 0.004450
sym9_148
improve 0 21504 38260 22506 16752 8.000000 0.700000 2.698359
4gt5_75
original 0 83 140 82 57 8.000000 0.700000 0.013247
0410184_169
original 0 211 367 188 156 8.000000 0.700000 0.023742
urf2_152
original 0 80480 139043 81630 58563 8.000000 0.700000 4.959911
urf1_278
improve 0 54766 100429 61015 45663 8.000000 0.700000 4.879149
sym6_145
improve 0 3888 6720 4002 2802 8.000000 0.700000 5.762396
alu-v2_32
original 0 163 277 160 114 8.000000 0.700000 0.013338
4gt12-v0_88
original 0 194 326 198 132 8.000000 0.700000 0.014663
squar5_261
improve 0 1993 3484 1904 1491 8.000000 0.700000 0.138654
alu-v2_31
original 0 451 730 445 279 8.000000 0.700000 0.030526
hwb5_53
improve 0 1336 2338 1413 1002 8.000000 0.700000 0.080072
one-two-three-v2_100
original 0 69 114 73 45 8.000000 0.700000 0.007149
cycle10_2_110
original 0 6050 11126 6657 5076 8.000000 0.700000 0.475889
urf6_160
improve 0 171840 309951 176485 138096 8.000000 0.700000 18.042911
ising_model_10
original 0 480 480 110 0 8.000000 0.700000 0.053163
sys6-v0_111
original 0 215 368 151 153 8.000000 0.700000 0.020916
plus63mod8192_164
improve 0 187112 335611 196668 148356 8.000000 0.700000 61.167087
mod5adder_127
improve 0 555 1017 634 462 8.000000 0.700000 0.091980
rd73_140
original 0 230 395 191 165 8.000000 0.700000 0.019051
4mod5-v1_23
original 0 69 123 80 54 8.000000 0.700000 0.007585
graycode6_47
original 0 5 5 5 0 8.000000 0.700000 0.001042
ising_model_16
original 0 786 786 176 0 8.000000 0.700000 0.011920
ham7_104
original 0 320 632 389 312 8.000000 0.700000 0.091383
ex-1_166
original 0 19 31 21 12 8.000000 0.700000 0.002242
decod24-v3_45
original 0 150 303 185 153 8.000000 0.700000 0.080096
urf4_187
original 0 512064 885234 479537 373170 8.000000 0.700000 42.500614
life_238
improve 0 22445 39842 23414 17397 8.000000 0.700000 1.920012
con1_216
improve 0 954 1767 1022 813 8.000000 0.700000 0.199854
hwb6_56
original 0 6723 11589 6801 4866 8.000000 0.700000 0.383206
mod10_176
original 0 178 283 175 105 8.000000 0.700000 0.014106
ex1_226
original 0 7 10 5 3 8.000000 0.700000 0.001468
sf_276
original 0 778 1537 947 759 8.000000 0.700000 0.898270
cm152a_212
original 0 1221 2370 1408 1149 8.000000 0.700000 1.637733
4gt12-v0_87
improve 0 247 430 252 183 8.000000 0.700000 0.021378
decod24-enable_126
original 0 338 578 345 240 8.000000 0.700000 0.026358
radd_250
improve 0 3213 5700 3299 2487 8.000000 0.700000 0.578765
pm1_249
original 0 1776 3027 1730 1251 8.000000 0.700000 0.112398
sf_274
original 0 781 1489 934 708 8.000000 0.700000 0.079272
miller_11
original 0 50 89 62 39 8.000000 0.700000 0.004138
rd53_251
original 0 1291 2227 1278 936 8.000000 0.700000 0.077231
mlp4_245
improve 0 18852 33900 19457 15039 8.000000 0.700000 3.091868
9symml_195
improve 0 34881 62331 36379 27435 8.000000 0.700000 4.908674
rd84_142
improve 0 343 622 251 279 8.000000 0.700000 0.096448
inc_237
improve 0 10619 18857 10993 8226 8.000000 0.700000 5.144909
sqn_258
original 0 10223 18278 10396 8055 8.000000 0.700000 11.345312
alu-v2_33
original 0 37 61 39 24 8.000000 0.700000 0.008826
sao2_257
improve 0 38577 68766 37198 30180 8.000000 0.700000 5.637837
co14_215
improve 0 17936 33470 17763 15504 8.000000 0.700000 21.930654
decod24-v1_41
original 0 85 178 116 93 8.000000 0.700000 0.020927
4mod5-v0_20
original 0 20 29 18 9 8.000000 0.700000 0.002383
alu-v4_37
original 0 37 58 37 21 8.000000 0.700000 0.003852
urf3_155
improve 0 423488 745607 430487 322104 8.000000 0.700000 32.397096
misex1_241
original 0 4813 8302 4680 3489 8.000000 0.700000 4.165072
alu-v0_27
original 0 36 57 37 21 8.000000 0.700000 0.003288
4mod5-v1_24
original 0 36 75 41 39 8.000000 0.700000 0.011008
4mod7-v1_96
improve 0 164 281 172 117 8.000000 0.700000 0.018121
cm82a_208
original 0 650 1109 628 459 8.000000 0.700000 0.057039
ham15_107
improve 0 8763 15950 9608 7170 8.000000 0.700000 6.245547
0example
original 0 9 36 31 27 8.000000 0.700000 0.017614
dc1_220
improve 0 1914 3519 2070 1605 8.000000 0.700000 0.136676
4gt4-v1_74
original 0 273 465 276 192 8.000000 0.700000 0.020821
rd32-v1_68
original 0 36 57 37 21 8.000000 0.700000 0.003386
decod24-v0_38
original 0 51 87 59 36 8.000000 0.700000 0.005127
sym6_316
original 0 270 507 269 237 8.000000 0.700000 0.035131
alu-v0_26
original 0 84 138 80 54 8.000000 0.700000 0.008991
clip_206
improve 0 33827 60995 35034 27159 8.000000 0.700000 4.998387
4mod5-v0_18
original 0 69 114 74 45 8.000000 0.700000 0.015067
cm85a_209
improve 0 11414 20915 12671 9486 8.000000 0.700000 5.115686
alu-v4_36
original 0 115 193 118 78 8.000000 0.700000 0.012886
one-two-three-v0_97
improve 0 290 554 342 264 8.000000 0.700000 0.031190
4gt13_90
original 0 107 170 103 63 8.000000 0.700000 0.012062
mod5d2_64
original 0 53 98 63 45 8.000000 0.700000 0.006563
ground_state_estimation_10
improve 0 390180 442548 188408 52368 8.000000 0.700000 12.378890
C17_204
original 0 467 803 463 336 8.000000 0.700000 0.146460
4gt13_92
original 0 66 156 102 90 8.000000 0.700000 0.018974
rd53_130
original 0 1043 1757 1014 714 8.000000 0.700000 0.062206
alu-v3_34
original 0 52 85 53 33 8.000000 0.700000 0.005723
decod24-bdd_294
original 0 73 118 73 45 8.000000 0.700000 0.006732
4gt5_76
original 0 91 154 99 63 8.000000 0.700000 0.009456
sym9_146
original 0 328 568 257 240 8.000000 0.700000 0.830848
4mod5-v1_22
original 0 21 33 21 12 8.000000 0.700000 0.002811
rd32_270
original 0 84 138 87 54 8.000000 0.700000 0.008047
hwb4_49
original 0 233 392 239 159 8.000000 0.700000 0.016828
urf5_280
improve 0 49829 90068 54087 40233 8.000000 0.700000 5.159858
4gt5_77
original 0 131 221 135 90 8.000000 0.700000 0.024051
rd84_253
improve 0 13658 24425 13681 10722 8.000000 0.700000 9.542059
4_49_16
improve 0 217 418 272 201 8.000000 0.700000 0.024695
qft_10
original 0 200 326 147 126 8.000000 0.700000 0.105651
4mod5-bdd_287
original 0 70 121 71 51 8.000000 0.700000 0.008660
qft_16
improve 0 512 1025 341 387 8.000000 0.700000 48.965362
urf1_149
original 0 184864 320584 185202 135720 8.000000 0.700000 11.519066
urf5_158
original 0 164416 290212 168616 125796 8.000000 0.700000 10.362616
urf3_279
improve 0 125362 234229 140854 108765 8.000000 0.700000 32.259280
4gt12-v0_86
original 0 251 440 262 189 8.000000 0.700000 0.050050
4gt4-v0_73
original 0 395 677 395 282 8.000000 0.700000 0.019751
alu-v1_29
original 0 37 58 37 21 8.000000 0.700000 0.004033
alu-bdd_288
original 0 84 147 93 63 8.000000 0.700000 0.009323
decod24-v2_43
original 0 52 82 51 30 8.000000 0.700000 0.004842
mod8-10_178
improve 0 342 576 337 234 8.000000 0.700000 0.023669
one-two-three-v0_98
improve 0 146 323 188 177 8.000000 0.700000 0.080477
4gt4-v0_78
original 0 235 409 240 174 8.000000 0.700000 0.016991
4mod5-v0_19
original 0 35 59 38 24 8.000000 0.700000 0.003980
alu-v2_30
original 0 504 1014 609 510 8.000000 0.700000 0.044657
alu-v3_35
original 0 37 58 37 21 8.000000 0.700000 0.004037
dist_223
improve 0 38046 67848 37522 29793 8.000000 0.700000 5.719426
4gt4-v0_79
original 0 231 399 239 168 8.000000 0.700000 0.025610
hwb8_113
improve 0 69380 120287 70551 50904 8.000000 0.700000 5.195716
ex3_229
improve 0 403 793 469 390 8.000000 0.700000 0.068507
xor5_254
original 0 7 10 5 3 8.000000 0.700000 0.000959
f2_232
improve 0 1206 2247 1366 1041 8.000000 0.700000 0.130629
time:27248.134627