rd53_138
improve 0 132 225 113 93 3.000000 0.701000 0.014671
4gt13-v1_93
original 0 68 143 102 75 3.000000 0.701000 0.016935
mod5mils_65
original 0 35 59 39 24 3.000000 0.701000 0.003568
mod5d1_63
original 0 22 40 26 18 3.000000 0.701000 0.005131
sym10_262
original 0 64283 118241 69654 53958 3.000000 0.701000 26.666773
aj-e11_165
original 0 151 271 161 120 3.000000 0.701000 0.030909
hwb9_119
improve 0 207775 375041 223561 167202 3.000000 0.701000 28.094070
4gt11_83
original 0 23 32 23 9 3.000000 0.701000 0.063477
cm42a_207
original 0 1776 3207 1870 1431 3.000000 0.701000 0.132899
4gt4-v0_72
original 0 258 432 242 174 3.000000 0.701000 0.019525
max46_240
original 0 27126 48972 27853 21846 3.000000 0.701000 2.263284
dc2_222
original 0 9462 17568 10481 8106 3.000000 0.701000 1.775567
sym9_193
improve 0 34881 63869 38096 28977 3.000000 0.701000 6.181804
rd53_135
improve 0 296 533 323 237 3.000000 0.701000 0.033631
mod10_171
original 0 244 436 274 192 3.000000 0.701000 0.019489
ising_model_13
original 0 633 633 143 0 3.000000 0.701000 0.010792
adr4_197
improve 0 3439 6718 3985 3270 3.000000 0.701000 3.507511
4gt11_84
original 0 18 27 17 9 3.000000 0.701000 0.003413
4gt11_82
original 0 27 42 33 15 3.000000 0.701000 0.003079
wim_266
improve 0 986 1790 1031 804 3.000000 0.701000 0.076891
rd53_131
improve 0 469 850 540 381 3.000000 0.701000 0.041895
mod8-10_177
original 0 440 749 455 309 3.000000 0.701000 0.027416
4gt10-v1_81
original 0 148 256 162 108 3.000000 0.701000 0.013051
alu-v1_28
original 0 37 61 39 24 3.000000 0.701000 0.003804
cnt3-5_179
original 0 175 346 133 171 3.000000 0.701000 0.926283
square_root_7
original 0 7630 14305 7945 6675 3.000000 0.701000 5.858412
one-two-three-v1_99
original 0 132 222 135 90 3.000000 0.701000 0.013312
mini_alu_305
original 0 173 317 154 144 3.000000 0.701000 0.042380
rd53_311
improve 0 275 503 238 228 3.000000 0.701000 0.035649
3_17_13
original 0 36 54 35 18 3.000000 0.701000 0.003019
rd73_252
improve 0 5321 9542 5436 4206 3.000000 0.701000 2.435561
4gt4-v0_80
original 0 179 311 190 132 3.000000 0.701000 0.015641
hwb7_59
improve 0 24379 42934 25100 18555 3.000000 0.701000 1.437062
ham3_102
original 0 20 35 26 15 3.000000 0.701000 0.010787
cnt3-5_180
original 0 485 887 431 402 3.000000 0.701000 0.057250
rd53_133
improve 0 580 1150 751 570 3.000000 0.701000 0.046019
4mod7-v0_94
improve 0 162 336 225 174 3.000000 0.701000 0.023156
plus63mod4096_163
improve 0 128744 238336 143338 109386 3.000000 0.701000 85.127115
mini-alu_167
original 0 288 486 293 198 3.000000 0.701000 0.053462
root_255
original 0 17159 31247 17445 14088 3.000000 0.701000 3.451528
z4_268
original 0 3073 5944 3411 2871 3.000000 0.701000 11.390469
majority_239
original 0 612 1284 805 672 3.000000 0.701000 149.864234
ex2_227
improve 0 631 1276 812 645 3.000000 0.701000 0.111023
urf2_277
original 0 20112 37833 23068 17721 3.000000 0.701000 5.906397
one-two-three-v3_101
original 0 70 115 71 45 3.000000 0.701000 0.012186
4gt13_91
original 0 103 169 105 66 3.000000 0.701000 0.008537
4gt12-v1_89
original 0 228 384 230 156 3.000000 0.701000 0.017221
sqrt8_260
improve 0 3009 5436 3189 2427 3.000000 0.701000 0.259589
rd32-v0_66
original 0 34 55 37 21 3.000000 0.701000 0.004157
sym9_148
improve 0 21504 39185 23185 17658 3.000000 0.701000 6.856488
4gt5_75
original 0 83 134 75 51 3.000000 0.701000 0.013674
0410184_169
original 0 211 391 208 180 3.000000 0.701000 0.025486
urf2_152
original 0 80480 140360 82554 59880 3.000000 0.701000 4.814766
urf1_278
improve 0 54766 102414 62355 47631 3.000000 0.701000 8.439528
sym6_145
improve 0 3888 6816 4076 2928 3.000000 0.701000 0.245450
alu-v2_32
original 0 163 286 176 123 3.000000 0.701000 0.008661
4gt12-v0_88
improve 0 194 326 196 132 3.000000 0.701000 0.015563
squar5_261
original 0 1993 3619 2104 1626 3.000000 0.701000 0.188689
alu-v2_31
improve 0 451 784 483 333 3.000000 0.701000 0.028596
hwb5_53
improve 0 1336 2365 1459 1029 3.000000 0.701000 0.078903
one-two-three-v2_100
original 0 69 114 73 45 3.000000 0.701000 0.006004
cycle10_2_110
improve 0 6050 11385 7024 5307 3.000000 0.701000 20.108463
urf6_160
improve 0 171840 313374 180100 141498 3.000000 0.701000 21.412551
ising_model_10
original 0 480 480 110 0 3.000000 0.701000 0.057035
sys6-v0_111
improve 0 215 377 172 162 3.000000 0.701000 0.020525
plus63mod8192_164
improve 0 187112 346152 208619 158844 3.000000 0.701000 61.456872
mod5adder_127
original 0 555 1002 593 447 3.000000 0.701000 0.091305
rd73_140
original 0 230 398 197 168 3.000000 0.701000 0.015232
4mod5-v1_23
original 0 69 120 77 51 3.000000 0.701000 0.007259
graycode6_47
original 0 5 5 5 0 3.000000 0.701000 0.000970
ising_model_16
original 0 786 786 176 0 3.000000 0.701000 0.010261
ham7_104
improve 0 320 668 442 348 3.000000 0.701000 0.085434
ex-1_166
original 0 19 31 21 12 3.000000 0.701000 0.002152
decod24-v3_45
original 0 150 303 191 153 3.000000 0.701000 0.085888
urf4_187
improve 0 512064 917777 516412 405648 3.000000 0.701000 42.506465
life_238
improve 0 22445 40602 24467 18135 3.000000 0.701000 6.004494
con1_216
improve 0 954 1758 1007 804 3.000000 0.701000 0.098880
hwb6_56
original 0 6723 11832 7071 5109 3.000000 0.701000 0.433992
mod10_176
improve 0 178 301 179 123 3.000000 0.701000 0.016513
ex1_226
original 0 7 10 5 3 3.000000 0.701000 0.001540
sf_276
original 0 778 1438 877 660 3.000000 0.701000 0.117369
cm152a_212
improve 0 1221 2271 1371 1047 3.000000 0.701000 0.965611
4gt12-v0_87
improve 0 247 424 252 177 3.000000 0.701000 0.018972
decod24-enable_126
original 0 338 596 359 258 3.000000 0.701000 0.022828
radd_250
original 0 3213 5760 3356 2547 3.000000 0.701000 0.277156
pm1_249
original 0 1776 3207 1870 1431 3.000000 0.701000 0.136007
sf_274
improve 0 781 1429 899 648 3.000000 0.701000 0.111248
miller_11
original 0 50 86 59 36 3.000000 0.701000 0.004477
rd53_251
original 0 1291 2197 1288 906 3.000000 0.701000 0.074656
mlp4_245
original 0 18852 34842 20649 15990 3.000000 0.701000 9.101394
9symml_195
improve 0 34881 63869 38096 28977 3.000000 0.701000 6.008441
rd84_142
original 0 343 655 239 312 3.000000 0.701000 0.147270
inc_237
improve 0 10619 19775 12104 9156 3.000000 0.701000 1.030066
sqn_258
original 0 10223 18833 11022 8610 3.000000 0.701000 13.849558
alu-v2_33
original 0 37 61 39 24 3.000000 0.701000 0.007007
sao2_257
improve 0 38577 71940 39984 33315 3.000000 0.701000 17.644030
co14_215
original 0 17936 34775 18309 16839 3.000000 0.701000 15.127493
decod24-v1_41
improve 0 85 181 122 96 3.000000 0.701000 0.014789
4mod5-v0_20
original 0 20 29 18 9 3.000000 0.701000 0.002306
alu-v4_37
original 0 37 58 37 21 3.000000 0.701000 0.003551
urf3_155
improve 0 423488 752389 435878 328821 3.000000 0.701000 43.489815
misex1_241
original 0 4813 8629 5164 3816 3.000000 0.701000 0.408980
alu-v0_27
original 0 36 57 37 21 3.000000 0.701000 0.003123
4mod5-v1_24
original 0 36 75 37 39 3.000000 0.701000 0.011019
4mod7-v1_96
original 0 164 284 185 120 3.000000 0.701000 0.019707
cm82a_208
improve 0 650 1112 636 462 3.000000 0.701000 0.047431
ham15_107
improve 0 8763 16180 9861 7413 3.000000 0.701000 2.319249
0example
original 0 9 39 34 30 3.000000 0.701000 0.019763
dc1_220
improve 0 1914 3594 2208 1680 3.000000 0.701000 0.190034
4gt4-v1_74
original 0 273 465 275 192 3.000000 0.701000 0.019713
rd32-v1_68
original 0 36 57 37 21 3.000000 0.701000 0.003142
decod24-v0_38
original 0 51 84 52 33 3.000000 0.701000 0.004170
sym6_316
original 0 270 513 263 243 3.000000 0.701000 0.034251
alu-v0_26
original 0 84 147 92 63 3.000000 0.701000 0.009560
clip_206
improve 0 33827 62951 37120 29097 3.000000 0.701000 8.011974
4mod5-v0_18
original 0 69 111 71 42 3.000000 0.701000 0.016015
cm85a_209
improve 0 11414 21417 13434 9972 3.000000 0.701000 11.620978
alu-v4_36
original 0 115 193 116 78 3.000000 0.701000 0.013983
one-two-three-v0_97
original 0 290 563 349 273 3.000000 0.701000 0.031159
4gt13_90
original 0 107 173 108 66 3.000000 0.701000 0.008805
mod5d2_64
original 0 53 92 58 39 3.000000 0.701000 0.005014
ground_state_estimation_10
original 0 390180 463143 210964 72963 3.000000 0.701000 11.778299
C17_204
improve 0 467 815 478 348 3.000000 0.701000 0.140862
4gt13_92
original 0 66 156 105 90 3.000000 0.701000 0.014955
rd53_130
improve 0 1043 1814 1052 771 3.000000 0.701000 0.077216
alu-v3_34
original 0 52 85 53 33 3.000000 0.701000 0.005192
decod24-bdd_294
original 0 73 121 78 48 3.000000 0.701000 0.006319
4gt5_76
original 0 91 163 113 72 3.000000 0.701000 0.008298
sym9_146
original 0 328 628 291 300 3.000000 0.701000 0.042592
4mod5-v1_22
original 0 21 33 21 12 3.000000 0.701000 0.002654
rd32_270
original 0 84 135 83 51 3.000000 0.701000 0.007287
hwb4_49
original 0 233 401 252 168 3.000000 0.701000 0.018721
urf5_280
improve 0 49829 91181 54773 41349 3.000000 0.701000 4.393119
4gt5_77
original 0 131 209 118 78 3.000000 0.701000 0.023618
rd84_253
original 0 13658 25238 14478 11580 3.000000 0.701000 16.589134
4_49_16
improve 0 217 433 284 216 3.000000 0.701000 0.042537
qft_10
original 0 200 317 113 117 3.000000 0.701000 0.088914
4mod5-bdd_287
original 0 70 121 70 51 3.000000 0.701000 0.007492
qft_16
original 0 512 881 247 369 3.000000 0.701000 2.780838
urf1_149
improve 0 184864 321937 186474 137061 3.000000 0.701000 13.421138
urf5_158
improve 0 164416 291955 173069 127524 3.000000 0.701000 11.450375
urf3_279
improve 0 125362 237305 143638 111861 3.000000 0.701000 32.631801
4gt12-v0_86
original 0 251 437 260 186 3.000000 0.701000 0.051609
4gt4-v0_73
original 0 395 692 428 297 3.000000 0.701000 0.019055
alu-v1_29
original 0 37 58 37 21 3.000000 0.701000 0.003654
alu-bdd_288
original 0 84 153 91 69 3.000000 0.701000 0.009116
decod24-v2_43
original 0 52 82 52 30 3.000000 0.701000 0.004283
mod8-10_178
improve 0 342 597 340 255 3.000000 0.701000 0.024741
one-two-three-v0_98
original 0 146 302 194 156 3.000000 0.701000 1.484989
4gt4-v0_78
original 0 235 406 254 171 3.000000 0.701000 0.027339
4mod5-v0_19
original 0 35 59 38 24 3.000000 0.701000 0.003726
alu-v2_30
original 0 504 960 620 456 3.000000 0.701000 0.038949
alu-v3_35
original 0 37 58 37 21 3.000000 0.701000 0.003753
dist_223
improve 0 38046 69907 39903 31767 3.000000 0.701000 30.378073
4gt4-v0_79
original 0 231 399 246 168 3.000000 0.701000 0.034875
hwb8_113
improve 0 69380 123710 73478 54318 3.000000 0.701000 5.862541
ex3_229
improve 0 403 829 535 426 3.000000 0.701000 0.109280
xor5_254
original 0 7 10 5 3 3.000000 0.701000 0.000904
f2_232
improve 0 1206 2283 1476 1077 3.000000 0.701000 0.414475
time:10409.705631