rd53_138
original 0 132 234 117 102 8.000000 0.131000 0.015132
4gt13-v1_93
original 0 68 143 99 75 8.000000 0.131000 0.015191
mod5mils_65
original 0 35 59 39 24 8.000000 0.131000 0.003862
mod5d1_63
original 0 22 40 26 18 8.000000 0.131000 0.005093
sym10_262
improve 0 64283 114717 66056 50388 8.000000 0.131000 15.025039
aj-e11_165
original 0 151 259 165 108 8.000000 0.131000 0.030156
hwb9_119
improve 0 207775 363327 210925 155418 8.000000 0.131000 44.460525
4gt11_83
original 0 23 32 23 9 8.000000 0.131000 0.062372
cm42a_207
original 0 1776 3027 1730 1251 8.000000 0.131000 0.114784
4gt4-v0_72
original 0 258 435 243 177 8.000000 0.131000 0.023385
max46_240
original 0 27126 48027 26806 20901 8.000000 0.131000 7.907087
dc2_222
improve 0 9462 16926 9819 7458 8.000000 0.131000 3.460181
sym9_193
improve 0 34881 62253 36251 27354 8.000000 0.131000 5.388550
rd53_135
original 0 296 500 304 204 8.000000 0.131000 0.034942
mod10_171
original 0 244 424 248 180 8.000000 0.131000 0.016455
ising_model_13
original 0 633 633 143 0 8.000000 0.131000 0.011533
adr4_197
improve 0 3439 6769 3999 3324 8.000000 0.131000 3.323457
4gt11_84
original 0 18 27 17 9 8.000000 0.131000 0.003336
4gt11_82
original 0 27 42 33 15 8.000000 0.131000 0.003216
wim_266
improve 0 986 1703 941 717 8.000000 0.131000 0.078266
rd53_131
original 0 469 850 499 381 8.000000 0.131000 0.040432
mod8-10_177
improve 0 440 749 457 309 8.000000 0.131000 0.029869
4gt10-v1_81
original 0 148 247 152 99 8.000000 0.131000 0.014370
alu-v1_28
original 0 37 61 39 24 8.000000 0.131000 0.004250
cnt3-5_179
original 0 175 337 134 162 8.000000 0.131000 0.254993
square_root_7
improve 0 7630 14071 7832 6429 8.000000 0.131000 9.090952
one-two-three-v1_99
original 0 132 234 150 102 8.000000 0.131000 0.013928
mini_alu_305
original 0 173 323 138 150 8.000000 0.131000 0.040434
rd53_311
original 0 275 524 264 249 8.000000 0.131000 0.038602
3_17_13
original 0 36 57 38 21 8.000000 0.131000 0.003520
rd73_252
improve 0 5321 9385 5289 4047 8.000000 0.131000 4.479215
4gt4-v0_80
original 0 179 308 196 129 8.000000 0.131000 0.017987
hwb7_59
original 0 24379 42064 24407 17685 8.000000 0.131000 1.708690
ham3_102
original 0 20 35 26 15 8.000000 0.131000 0.010814
cnt3-5_180
improve 0 485 845 423 360 8.000000 0.131000 0.055315
rd53_133
original 0 580 1120 672 540 8.000000 0.131000 0.123337
4mod7-v0_94
original 0 162 351 241 189 8.000000 0.131000 0.026758
plus63mod4096_163
improve 0 128744 229900 134933 101037 8.000000 0.131000 43.813280
mini-alu_167
original 0 288 480 298 192 8.000000 0.131000 0.058048
root_255
improve 0 17159 30812 16986 13653 8.000000 0.131000 1.791282
z4_268
original 0 3073 5914 3463 2841 8.000000 0.131000 0.785666
majority_239
improve 0 612 1365 814 645 8.000000 0.131000 101.672505
ex2_227
original 0 631 1189 736 558 8.000000 0.131000 0.080968
urf2_277
improve 0 20112 37638 22970 17526 8.000000 0.131000 2.021010
one-two-three-v3_101
original 0 70 118 71 48 8.000000 0.131000 0.014549
4gt13_91
original 0 103 166 101 63 8.000000 0.131000 0.009744
4gt12-v1_89
original 0 228 408 230 180 8.000000 0.131000 0.017894
sqrt8_260
improve 0 3009 5373 3071 2361 8.000000 0.131000 0.761287
rd32-v0_66
original 0 34 55 37 21 8.000000 0.131000 0.004530
sym9_148
original 0 21504 39078 22835 17574 8.000000 0.131000 12.271941
4gt5_75
original 0 83 140 82 57 8.000000 0.131000 0.013144
0410184_169
original 0 211 367 188 156 8.000000 0.131000 0.025408
urf2_152
original 0 80480 139043 81630 58563 8.000000 0.131000 5.056647
urf1_278
improve 0 54766 100429 61015 45663 8.000000 0.131000 5.088910
sym6_145
improve 0 3888 6720 4002 2802 8.000000 0.131000 5.764646
alu-v2_32
original 0 163 277 160 114 8.000000 0.131000 0.009142
4gt12-v0_88
original 0 194 326 198 132 8.000000 0.131000 0.016049
squar5_261
original 0 1993 3481 1917 1488 8.000000 0.131000 0.176487
alu-v2_31
original 0 451 730 445 279 8.000000 0.131000 0.031564
hwb5_53
improve 0 1336 2347 1398 1011 8.000000 0.131000 0.081440
one-two-three-v2_100
original 0 69 114 73 45 8.000000 0.131000 0.007083
cycle10_2_110
improve 0 6050 11114 6731 5064 8.000000 0.131000 0.753071
urf6_160
improve 0 171840 310983 177366 139125 8.000000 0.131000 18.767507
ising_model_10
original 0 480 480 110 0 8.000000 0.131000 0.057973
sys6-v0_111
improve 0 215 383 184 168 8.000000 0.131000 0.019630
plus63mod8192_164
original 0 187112 334931 196411 147819 8.000000 0.131000 58.704809
mod5adder_127
original 0 555 1077 600 522 8.000000 0.131000 2.270924
rd73_140
original 0 230 392 190 162 8.000000 0.131000 0.017342
4mod5-v1_23
original 0 69 123 80 54 8.000000 0.131000 0.007656
graycode6_47
original 0 5 5 5 0 8.000000 0.131000 0.001159
ising_model_16
original 0 786 786 176 0 8.000000 0.131000 0.012027
ham7_104
improve 0 320 629 404 309 8.000000 0.131000 0.041315
ex-1_166
original 0 19 31 21 12 8.000000 0.131000 0.002413
decod24-v3_45
improve 0 150 351 236 201 8.000000 0.131000 0.052242
urf4_187
improve 0 512064 894547 494541 382410 8.000000 0.131000 48.468465
life_238
improve 0 22445 39945 23380 17454 8.000000 0.131000 17.184949
con1_216
improve 0 954 1734 1004 780 8.000000 0.131000 0.080820
hwb6_56
original 0 6723 11538 6742 4815 8.000000 0.131000 0.413000
mod10_176
original 0 178 283 175 105 8.000000 0.131000 0.016681
ex1_226
original 0 7 10 5 3 8.000000 0.131000 0.001732
sf_276
original 0 778 1558 958 780 8.000000 0.131000 0.600522
cm152a_212
improve 0 1221 2409 1501 1176 8.000000 0.131000 3.143644
4gt12-v0_87
improve 0 247 430 252 183 8.000000 0.131000 0.022011
decod24-enable_126
original 0 338 578 345 240 8.000000 0.131000 0.024196
radd_250
improve 0 3213 5655 3255 2442 8.000000 0.131000 0.246735
pm1_249
original 0 1776 3027 1730 1251 8.000000 0.131000 0.121161
sf_274
improve 0 781 1426 874 645 8.000000 0.131000 0.078117
miller_11
original 0 50 89 62 39 8.000000 0.131000 0.005273
rd53_251
original 0 1291 2227 1278 936 8.000000 0.131000 0.078627
mlp4_245
improve 0 18852 33766 19470 14901 8.000000 0.131000 4.405661
9symml_195
improve 0 34881 62253 36251 27354 8.000000 0.131000 5.319097
rd84_142
improve 0 343 607 256 264 8.000000 0.131000 0.053149
inc_237
improve 0 10619 19061 11286 8442 8.000000 0.131000 1.017562
sqn_258
improve 0 10223 18275 10428 8049 8.000000 0.131000 1.306027
alu-v2_33
original 0 37 61 39 24 8.000000 0.131000 0.007275
sao2_257
original 0 38577 69072 37268 30495 8.000000 0.131000 8.887827
co14_215
original 0 17936 33398 17208 15462 8.000000 0.131000 15.137409
decod24-v1_41
original 0 85 178 116 93 8.000000 0.131000 0.021548
4mod5-v0_20
original 0 20 29 18 9 8.000000 0.131000 0.002414
alu-v4_37
original 0 37 58 37 21 8.000000 0.131000 0.003894
urf3_155
improve 0 423488 745607 430487 322104 8.000000 0.131000 33.948106
misex1_241
improve 0 4813 8461 4866 3636 8.000000 0.131000 1.929795
alu-v0_27
original 0 36 57 37 21 8.000000 0.131000 0.003407
4mod5-v1_24
original 0 36 78 40 42 8.000000 0.131000 0.012251
4mod7-v1_96
improve 0 164 281 172 117 8.000000 0.131000 0.021211
cm82a_208
original 0 650 1109 628 459 8.000000 0.131000 0.059023
ham15_107
improve 0 8763 15774 9462 7011 8.000000 0.131000 1.041897
0example
original 0 9 39 34 30 8.000000 0.131000 0.021052
dc1_220
original 0 1914 3495 2029 1581 8.000000 0.131000 0.155940
4gt4-v1_74
original 0 273 465 276 192 8.000000 0.131000 0.022162
rd32-v1_68
original 0 36 57 37 21 8.000000 0.131000 0.003499
decod24-v0_38
original 0 51 87 59 36 8.000000 0.131000 0.005295
sym6_316
original 0 270 507 269 237 8.000000 0.131000 0.037241
alu-v0_26
original 0 84 138 80 54 8.000000 0.131000 0.009199
clip_206
improve 0 33827 61175 35092 27324 8.000000 0.131000 8.673090
4mod5-v0_18
original 0 69 114 74 45 8.000000 0.131000 0.016987
cm85a_209
improve 0 11414 20720 12456 9303 8.000000 0.131000 1.619735
alu-v4_36
original 0 115 193 118 78 8.000000 0.131000 0.014665
one-two-three-v0_97
improve 0 290 569 355 279 8.000000 0.131000 0.031041
4gt13_90
original 0 107 170 103 63 8.000000 0.131000 0.011548
mod5d2_64
original 0 53 98 63 45 8.000000 0.131000 0.005491
ground_state_estimation_10
improve 0 390180 442638 189342 52458 8.000000 0.131000 12.607709
C17_204
original 0 467 803 463 336 8.000000 0.131000 0.151558
4gt13_92
original 0 66 156 102 90 8.000000 0.131000 0.015083
rd53_130
improve 0 1043 1745 995 702 8.000000 0.131000 0.076009
alu-v3_34
original 0 52 85 53 33 8.000000 0.131000 0.005744
decod24-bdd_294
original 0 73 118 73 45 8.000000 0.131000 0.007552
4gt5_76
original 0 91 154 99 63 8.000000 0.131000 0.007772
sym9_146
original 0 328 580 258 252 8.000000 0.131000 0.450301
4mod5-v1_22
original 0 21 33 21 12 8.000000 0.131000 0.002892
rd32_270
original 0 84 138 87 54 8.000000 0.131000 0.008277
hwb4_49
original 0 233 392 239 159 8.000000 0.131000 0.019380
urf5_280
improve 0 49829 89993 53982 40137 8.000000 0.131000 11.690687
4gt5_77
original 0 131 221 135 90 8.000000 0.131000 0.024713
rd84_253
improve 0 13658 24436 13691 10767 8.000000 0.131000 2.647366
4_49_16
original 0 217 421 267 204 8.000000 0.131000 0.022772
qft_10
original 0 200 326 147 126 8.000000 0.131000 0.106434
4mod5-bdd_287
original 0 70 121 71 51 8.000000 0.131000 0.006369
qft_16
original 0 512 902 318 390 8.000000 0.131000 1.349548
urf1_149
original 0 184864 320584 185202 135720 8.000000 0.131000 11.978064
urf5_158
original 0 164416 283780 165078 119364 8.000000 0.131000 10.755969
urf3_279
improve 0 125362 234243 140689 108822 8.000000 0.131000 20.279405
4gt12-v0_86
original 0 251 440 262 189 8.000000 0.131000 0.052167
4gt4-v0_73
original 0 395 677 395 282 8.000000 0.131000 0.020412
alu-v1_29
original 0 37 58 37 21 8.000000 0.131000 0.004192
alu-bdd_288
original 0 84 147 93 63 8.000000 0.131000 0.008288
decod24-v2_43
original 0 52 82 51 30 8.000000 0.131000 0.004820
mod8-10_178
improve 0 342 576 337 234 8.000000 0.131000 0.023492
one-two-three-v0_98
original 0 146 308 172 162 8.000000 0.131000 0.036927
4gt4-v0_78
original 0 235 409 240 174 8.000000 0.131000 0.020246
4mod5-v0_19
original 0 35 59 38 24 8.000000 0.131000 0.003375
alu-v2_30
original 0 504 942 550 438 8.000000 0.131000 0.068034
alu-v3_35
original 0 37 58 37 21 8.000000 0.131000 0.004141
dist_223
original 0 38046 67506 36930 29460 8.000000 0.131000 4.823276
4gt4-v0_79
original 0 231 399 239 168 8.000000 0.131000 0.026119
hwb8_113
improve 0 69380 120058 70407 50664 8.000000 0.131000 6.512026
ex3_229
original 0 403 826 493 423 8.000000 0.131000 0.410092
xor5_254
original 0 7 10 5 3 8.000000 0.131000 0.001011
f2_232
improve 0 1206 2328 1451 1122 8.000000 0.131000 0.124574
time:1274.530128