rd53_138
improve 0 132 231 119 99 5.000000 0.600000 0.018697
4gt13-v1_93
original 0 68 143 102 75 5.000000 0.600000 0.015409
mod5mils_65
original 0 35 59 39 24 5.000000 0.600000 0.003544
mod5d1_63
original 0 22 40 26 18 5.000000 0.600000 0.004990
sym10_262
improve 0 64283 116199 70253 51885 5.000000 0.600000 7.452610
aj-e11_165
original 0 151 259 152 108 5.000000 0.600000 0.029257
hwb9_119
improve 0 207775 367989 222758 160167 5.000000 0.600000 23.886124
4gt11_83
original 0 23 32 23 9 5.000000 0.600000 0.060550
cm42a_207
original 0 1776 3087 1803 1311 5.000000 0.600000 0.099372
4gt4-v0_72
original 0 258 444 262 186 5.000000 0.600000 0.021253
max46_240
original 0 27126 48543 28170 21417 5.000000 0.600000 2.081325
dc2_222
improve 0 9462 17205 10385 7737 5.000000 0.600000 2.661925
sym9_193
improve 0 34881 63291 38460 28404 5.000000 0.600000 3.790156
rd53_135
improve 0 296 515 302 219 5.000000 0.600000 0.031861
mod10_171
original 0 244 415 261 171 5.000000 0.600000 0.016162
ising_model_13
original 0 633 633 143 0 5.000000 0.600000 0.009655
adr4_197
original 0 3439 6307 3667 2868 5.000000 0.600000 0.374082
4gt11_84
original 0 18 27 17 9 5.000000 0.600000 0.003191
4gt11_82
original 0 27 42 33 15 5.000000 0.600000 0.002929
wim_266
original 0 986 1724 992 738 5.000000 0.600000 0.080287
rd53_131
original 0 469 853 523 384 5.000000 0.600000 0.031686
mod8-10_177
original 0 440 770 475 330 5.000000 0.600000 0.031118
4gt10-v1_81
original 0 148 247 152 99 5.000000 0.600000 0.013770
alu-v1_28
original 0 37 58 38 21 5.000000 0.600000 0.003677
cnt3-5_179
original 0 175 334 118 159 5.000000 0.600000 0.044728
square_root_7
improve 0 7630 13874 7537 6237 5.000000 0.600000 3.227089
one-two-three-v1_99
original 0 132 228 140 96 5.000000 0.600000 0.012477
mini_alu_305
original 0 173 311 156 138 5.000000 0.600000 0.025239
rd53_311
original 0 275 482 231 207 5.000000 0.600000 0.026944
3_17_13
original 0 36 54 35 18 5.000000 0.600000 0.003116
rd73_252
original 0 5321 9458 5530 4137 5.000000 0.600000 4.053995
4gt4-v0_80
original 0 179 314 192 135 5.000000 0.600000 0.018584
hwb7_59
original 0 24379 42283 25199 17904 5.000000 0.600000 1.416198
ham3_102
original 0 20 35 26 15 5.000000 0.600000 0.010588
cnt3-5_180
improve 0 485 857 417 372 5.000000 0.600000 0.046368
rd53_133
original 0 580 1069 663 489 5.000000 0.600000 0.105863
4mod7-v0_94
improve 0 162 351 245 189 5.000000 0.600000 0.021916
plus63mod4096_163
original 0 128744 234701 142337 105957 5.000000 0.600000 79.289955
mini-alu_167
original 0 288 480 307 192 5.000000 0.600000 0.053045
root_255
original 0 17159 30707 17356 13548 5.000000 0.600000 6.169649
z4_268
original 0 3073 5929 3525 2856 5.000000 0.600000 1.972553
majority_239
original 0 612 1164 753 552 5.000000 0.600000 66.582685
ex2_227
original 0 631 1222 774 591 5.000000 0.600000 0.140339
urf2_277
improve 0 20112 37086 22954 16956 5.000000 0.600000 5.506655
one-two-three-v3_101
original 0 70 115 73 45 5.000000 0.600000 0.012255
4gt13_91
original 0 103 169 108 66 5.000000 0.600000 0.008875
4gt12-v1_89
original 0 228 405 247 177 5.000000 0.600000 0.020165
sqrt8_260
original 0 3009 5439 3234 2430 5.000000 0.600000 0.533696
rd32-v0_66
original 0 34 55 37 21 5.000000 0.600000 0.004235
sym9_148
original 0 21504 38046 23212 16542 5.000000 0.600000 36.853551
4gt5_75
original 0 83 137 84 54 5.000000 0.600000 0.014787
0410184_169
improve 0 211 379 190 168 5.000000 0.600000 0.025945
urf2_152
improve 0 80480 138965 83094 58485 5.000000 0.600000 4.684082
urf1_278
improve 0 54766 99957 61842 45153 5.000000 0.600000 14.406071
sym6_145
improve 0 3888 6750 4170 2862 5.000000 0.600000 0.218315
alu-v2_32
original 0 163 286 180 123 5.000000 0.600000 0.012703
4gt12-v0_88
original 0 194 317 202 123 5.000000 0.600000 0.013633
squar5_261
improve 0 1993 3595 2083 1602 5.000000 0.600000 0.139189
alu-v2_31
original 0 451 757 471 306 5.000000 0.600000 0.027286
hwb5_53
original 0 1336 2269 1414 933 5.000000 0.600000 0.074226
one-two-three-v2_100
original 0 69 114 74 45 5.000000 0.600000 0.006587
cycle10_2_110
original 0 6050 11036 6742 4986 5.000000 0.600000 0.982041
urf6_160
improve 0 171840 314605 182203 142704 5.000000 0.600000 37.297961
ising_model_10
original 0 480 480 110 0 5.000000 0.600000 0.056040
sys6-v0_111
original 0 215 377 156 162 5.000000 0.600000 0.016876
plus63mod8192_164
improve 0 187112 340469 206888 153207 5.000000 0.600000 56.900921
mod5adder_127
improve 0 555 1014 651 459 5.000000 0.600000 0.090355
rd73_140
original 0 230 395 196 165 5.000000 0.600000 0.018847
4mod5-v1_23
original 0 69 120 80 51 5.000000 0.600000 0.006958
graycode6_47
original 0 5 5 5 0 5.000000 0.600000 0.000945
ising_model_16
original 0 786 786 176 0 5.000000 0.600000 0.012253
ham7_104
improve 0 320 662 437 342 5.000000 0.600000 0.124311
ex-1_166
original 0 19 31 21 12 5.000000 0.600000 0.002167
decod24-v3_45
original 0 150 303 191 153 5.000000 0.600000 0.076766
urf4_187
original 0 512064 920253 520090 408189 5.000000 0.600000 49.624794
life_238
improve 0 22445 40637 24528 18156 5.000000 0.600000 11.389038
con1_216
original 0 954 1764 1048 810 5.000000 0.600000 1.091058
hwb6_56
improve 0 6723 11805 7125 5082 5.000000 0.600000 0.432606
mod10_176
original 0 178 289 178 111 5.000000 0.600000 0.016500
ex1_226
original 0 7 10 5 3 5.000000 0.600000 0.001421
sf_276
original 0 778 1426 923 648 5.000000 0.600000 0.815797
cm152a_212
improve 0 1221 2406 1531 1185 5.000000 0.600000 0.200076
4gt12-v0_87
original 0 247 430 260 183 5.000000 0.600000 0.018822
decod24-enable_126
original 0 338 584 356 246 5.000000 0.600000 0.024282
radd_250
original 0 3213 5790 3433 2577 5.000000 0.600000 1.155436
pm1_249
original 0 1776 3087 1803 1311 5.000000 0.600000 0.109097
sf_274
improve 0 781 1552 1006 771 5.000000 0.600000 0.080218
miller_11
original 0 50 86 59 36 5.000000 0.600000 0.004570
rd53_251
original 0 1291 2266 1359 975 5.000000 0.600000 0.076432
mlp4_245
original 0 18852 34506 20557 15654 5.000000 0.600000 16.005728
9symml_195
improve 0 34881 63291 38460 28404 5.000000 0.600000 3.807143
rd84_142
original 0 343 610 232 267 5.000000 0.600000 0.095401
inc_237
original 0 10619 19187 11671 8568 5.000000 0.600000 1.162404
sqn_258
original 0 10223 18599 10999 8376 5.000000 0.600000 0.756596
alu-v2_33
original 0 37 61 39 24 5.000000 0.600000 0.006687
sao2_257
improve 0 38577 69420 38785 30840 5.000000 0.600000 4.510636
co14_215
original 0 17936 33500 17663 15564 5.000000 0.600000 6.344543
decod24-v1_41
original 0 85 178 119 93 5.000000 0.600000 0.019466
4mod5-v0_20
original 0 20 29 18 9 5.000000 0.600000 0.001788
alu-v4_37
original 0 37 58 37 21 5.000000 0.600000 0.003628
urf3_155
improve 0 423488 747324 438189 323790 5.000000 0.600000 40.625602
misex1_241
improve 0 4813 8473 5125 3660 5.000000 0.600000 0.767134
alu-v0_27
original 0 36 57 37 21 5.000000 0.600000 0.003256
4mod5-v1_24
original 0 36 75 41 39 5.000000 0.600000 0.009486
4mod7-v1_96
original 0 164 278 180 114 5.000000 0.600000 0.012128
cm82a_208
improve 0 650 1130 658 480 5.000000 0.600000 0.054164
ham15_107
improve 0 8763 16093 9976 7314 5.000000 0.600000 4.149301
0example
original 0 9 36 31 27 5.000000 0.600000 0.018309
dc1_220
improve 0 1914 3477 2069 1563 5.000000 0.600000 0.128603
4gt4-v1_74
original 0 273 468 286 195 5.000000 0.600000 0.022237
rd32-v1_68
original 0 36 57 37 21 5.000000 0.600000 0.003206
decod24-v0_38
original 0 51 84 54 33 5.000000 0.600000 0.005548
sym6_316
improve 0 270 516 277 246 5.000000 0.600000 0.030354
alu-v0_26
original 0 84 138 85 54 5.000000 0.600000 0.007210
clip_206
original 0 33827 62114 36179 28287 5.000000 0.600000 12.379223
4mod5-v0_18
original 0 69 111 72 42 5.000000 0.600000 0.020967
cm85a_209
original 0 11414 21587 13554 10173 5.000000 0.600000 2.870783
alu-v4_36
original 0 115 193 117 78 5.000000 0.600000 0.012243
one-two-three-v0_97
improve 0 290 578 373 288 5.000000 0.600000 0.044391
4gt13_90
original 0 107 179 116 72 5.000000 0.600000 0.010351
mod5d2_64
original 0 53 89 60 36 5.000000 0.600000 0.005879
ground_state_estimation_10
improve 0 390180 454209 202666 64029 5.000000 0.600000 11.801491
C17_204
original 0 467 815 480 348 5.000000 0.600000 0.143570
4gt13_92
original 0 66 156 105 90 5.000000 0.600000 0.014629
rd53_130
original 0 1043 1778 1065 735 5.000000 0.600000 0.067300
alu-v3_34
original 0 52 82 53 30 5.000000 0.600000 0.005090
decod24-bdd_294
original 0 73 118 72 45 5.000000 0.600000 0.007893
4gt5_76
original 0 91 163 114 72 5.000000 0.600000 0.008970
sym9_146
original 0 328 592 261 264 5.000000 0.600000 0.033973
4mod5-v1_22
original 0 21 33 21 12 5.000000 0.600000 0.002661
rd32_270
original 0 84 141 86 57 5.000000 0.600000 0.008052
hwb4_49
original 0 233 398 250 165 5.000000 0.600000 0.018887
urf5_280
improve 0 49829 89549 54355 39708 5.000000 0.600000 6.868970
4gt5_77
original 0 131 218 128 87 5.000000 0.600000 0.022096
rd84_253
improve 0 13658 25038 14584 11349 5.000000 0.600000 9.105268
4_49_16
improve 0 217 421 281 204 5.000000 0.600000 0.100667
qft_10
original 0 200 296 93 96 5.000000 0.600000 0.100440
4mod5-bdd_287
original 0 70 121 75 51 5.000000 0.600000 0.009352
qft_16
improve 0 512 953 275 405 5.000000 0.600000 5.835942
urf1_149
original 0 184864 320896 188602 136032 5.000000 0.600000 11.643863
urf5_158
improve 0 164416 292807 175628 128382 5.000000 0.600000 9.642374
urf3_279
original 0 125362 233881 142327 108519 5.000000 0.600000 34.935472
4gt12-v0_86
original 0 251 437 266 186 5.000000 0.600000 0.051092
4gt4-v0_73
original 0 395 689 438 294 5.000000 0.600000 0.022094
alu-v1_29
original 0 37 58 37 21 5.000000 0.600000 0.003865
alu-bdd_288
original 0 84 147 87 63 5.000000 0.600000 0.007678
decod24-v2_43
original 0 52 82 52 30 5.000000 0.600000 0.003879
mod8-10_178
original 0 342 573 345 231 5.000000 0.600000 0.021906
one-two-three-v0_98
improve 0 146 317 199 171 5.000000 0.600000 0.077778
4gt4-v0_78
original 0 235 418 268 183 5.000000 0.600000 0.026627
4mod5-v0_19
original 0 35 56 37 21 5.000000 0.600000 0.003925
alu-v2_30
improve 0 504 969 632 465 5.000000 0.600000 0.038378
alu-v3_35
original 0 37 58 37 21 5.000000 0.600000 0.003735
dist_223
improve 0 38046 69032 39658 30933 5.000000 0.600000 17.134508
4gt4-v0_79
original 0 231 414 260 183 5.000000 0.600000 0.031303
hwb8_113
improve 0 69380 124302 75789 54867 5.000000 0.600000 12.343081
ex3_229
improve 0 403 772 498 369 5.000000 0.600000 0.055123
xor5_254
original 0 7 10 5 3 5.000000 0.600000 0.000894
f2_232
original 0 1206 2253 1430 1047 5.000000 0.600000 0.305751
time:4009.154569