rd53_138
original 0 132 219 106 87 7.000000 0.908110 0.019320
4gt13-v1_93
original 0 68 143 102 75 7.000000 0.908110 0.014017
mod5mils_65
original 0 35 59 39 24 7.000000 0.908110 0.003595
mod5d1_63
original 0 22 40 26 18 7.000000 0.908110 0.005287
sym10_262
original 0 64283 114731 67237 50448 7.000000 0.908110 29.950436
aj-e11_165
original 0 151 271 159 120 7.000000 0.908110 0.042727
hwb9_119
improve 0 207775 363539 215347 155694 7.000000 0.908110 28.732718
4gt11_83
original 0 23 32 23 9 7.000000 0.908110 0.098672
cm42a_207
original 0 1776 3051 1779 1275 7.000000 0.908110 0.162848
4gt4-v0_72
original 0 258 429 242 171 7.000000 0.908110 0.047416
max46_240
original 0 27126 47742 27451 20616 7.000000 0.908110 2.213674
dc2_222
improve 0 9462 16986 10026 7485 7.000000 0.908110 20.943353
sym9_193
improve 0 34881 61562 36034 26667 7.000000 0.908110 5.166177
rd53_135
original 0 296 515 309 219 7.000000 0.908110 0.056162
mod10_171
original 0 244 427 269 183 7.000000 0.908110 0.095253
ising_model_13
original 0 633 633 143 0 7.000000 0.908110 0.016168
adr4_197
original 0 3439 6550 3790 3111 7.000000 0.908110 2.302845
4gt11_84
original 0 18 27 17 9 7.000000 0.908110 0.003478
4gt11_82
original 0 27 42 33 15 7.000000 0.908110 0.003182
wim_266
original 0 986 1718 966 732 7.000000 0.908110 0.070608
rd53_131
original 0 469 817 497 348 7.000000 0.908110 0.039606
mod8-10_177
improve 0 440 752 451 312 7.000000 0.908110 0.029173
4gt10-v1_81
original 0 148 247 153 99 7.000000 0.908110 0.014449
alu-v1_28
original 0 37 61 39 24 7.000000 0.908110 0.004210
cnt3-5_179
original 0 175 361 140 186 7.000000 0.908110 0.033228
square_root_7
improve 0 7630 14024 7625 6390 7.000000 0.908110 2.723140
one-two-three-v1_99
original 0 132 225 145 93 7.000000 0.908110 0.049016
mini_alu_305
original 0 173 317 138 144 7.000000 0.908110 0.152905
rd53_311
improve 0 275 494 251 219 7.000000 0.908110 0.033132
3_17_13
original 0 36 54 35 18 7.000000 0.908110 0.014430
rd73_252
improve 0 5321 9365 5379 4017 7.000000 0.908110 5.217360
4gt4-v0_80
improve 0 179 308 180 129 7.000000 0.908110 0.017300
hwb7_59
improve 0 24379 41695 24369 17316 7.000000 0.908110 1.509889
ham3_102
original 0 20 35 26 15 7.000000 0.908110 0.029150
cnt3-5_180
improve 0 485 866 419 381 7.000000 0.908110 0.068991
rd53_133
original 0 580 1105 684 525 7.000000 0.908110 0.107972
4mod7-v0_94
improve 0 162 345 240 183 7.000000 0.908110 0.022958
plus63mod4096_163
improve 0 128744 229919 136857 101133 7.000000 0.908110 19.914724
mini-alu_167
original 0 288 498 315 210 7.000000 0.908110 0.062224
root_255
improve 0 17159 30647 17011 13476 7.000000 0.908110 3.099343
z4_268
original 0 3073 5782 3407 2709 7.000000 0.908110 0.811836
