rd53_138
original 0 132 219 106 87 7.000000 0.600000 0.019076
4gt13-v1_93
original 0 68 143 102 75 7.000000 0.600000 0.013086
mod5mils_65
original 0 35 59 39 24 7.000000 0.600000 0.003769
mod5d1_63
original 0 22 40 26 18 7.000000 0.600000 0.005107
sym10_262
improve 0 64283 114720 67297 50433 7.000000 0.600000 6.241680
aj-e11_165
original 0 151 271 159 120 7.000000 0.600000 0.032415
hwb9_119
improve 0 207775 363539 215347 155694 7.000000 0.600000 28.463711
4gt11_83
original 0 23 32 23 9 7.000000 0.600000 0.064641
cm42a_207
original 0 1776 3060 1792 1284 7.000000 0.600000 0.108138
4gt4-v0_72
original 0 258 429 242 171 7.000000 0.600000 0.020673
max46_240
improve 0 27126 47361 27660 20187 7.000000 0.600000 11.959527
dc2_222
improve 0 9462 16870 9845 7401 7.000000 0.600000 2.027177
sym9_193
improve 0 34881 61710 36410 26808 7.000000 0.600000 5.098409
rd53_135
original 0 296 515 309 219 7.000000 0.600000 0.028728
mod10_171
original 0 244 427 269 183 7.000000 0.600000 0.019573
ising_model_13
original 0 633 633 143 0 7.000000 0.600000 0.010367
adr4_197
improve 0 3439 6490 3791 3051 7.000000 0.600000 0.422135
4gt11_84
original 0 18 27 17 9 7.000000 0.600000 0.003280
4gt11_82
original 0 27 42 33 15 7.000000 0.600000 0.003061
wim_266
original 0 986 1718 966 732 7.000000 0.600000 0.067322
rd53_131
original 0 469 811 492 342 7.000000 0.600000 0.107472
mod8-10_177
improve 0 440 752 451 312 7.000000 0.600000 0.029539
4gt10-v1_81
original 0 148 247 153 99 7.000000 0.600000 0.012324
alu-v1_28
original 0 37 61 39 24 7.000000 0.600000 0.003962
cnt3-5_179
original 0 175 361 140 186 7.000000 0.600000 0.031476
square_root_7
improve 0 7630 14242 7795 6585 7.000000 0.600000 7.551336
one-two-three-v1_99
original 0 132 225 145 93 7.000000 0.600000 0.015555
mini_alu_305
original 0 173 317 138 144 7.000000 0.600000 0.026019
rd53_311
improve 0 275 494 251 219 7.000000 0.600000 0.027781
3_17_13
original 0 36 54 35 18 7.000000 0.600000 0.003255
rd73_252
improve 0 5321 9365 5379 4017 7.000000 0.600000 5.045563
4gt4-v0_80
improve 0 179 308 180 129 7.000000 0.600000 0.016844
hwb7_59
improve 0 24379 41695 24369 17316 7.000000 0.600000 1.429439
ham3_102
original 0 20 35 26 15 7.000000 0.600000 0.009786
cnt3-5_180
original 0 485 872 417 387 7.000000 0.600000 0.058434
rd53_133
original 0 580 1108 689 528 7.000000 0.600000 0.110333
4mod7-v0_94
improve 0 162 345 240 183 7.000000 0.600000 0.022333
plus63mod4096_163
improve 0 128744 229965 136419 101094 7.000000 0.600000 44.864084
mini-alu_167
original 0 288 498 315 210 7.000000 0.600000 0.053832
root_255
original 0 17159 30527 16876 13368 7.000000 0.600000 3.194811
z4_268
original 0 3073 5788 3407 2715 7.000000 0.600000 0.756876
majority_239
original 0 612 1158 744 546 7.000000 0.600000 190.973219
ex2_227
original 0 631 1225 757 594 7.000000 0.600000 0.202556
urf2_277
improve 0 20112 37269 22778 17157 7.000000 0.600000 1.875522
one-two-three-v3_101
original 0 70 115 69 45 7.000000 0.600000 0.014696
4gt13_91
original 0 103 163 102 60 7.000000 0.600000 0.008613
4gt12-v1_89
original 0 228 384 230 156 7.000000 0.600000 0.017169
sqrt8_260
original 0 3009 5256 3018 2247 7.000000 0.600000 0.227496
rd32-v0_66
original 0 34 55 37 21 7.000000 0.600000 0.004371
sym9_148
original 0 21504 38367 22860 16863 7.000000 0.600000 3.031589
4gt5_75
original 0 83 131 80 48 7.000000 0.600000 0.016416
0410184_169
original 0 211 373 190 162 7.000000 0.600000 0.024151
urf2_152
improve 0 80480 137372 80931 56892 7.000000 0.600000 4.907740
urf1_278
original 0 54766 99433 60208 44667 7.000000 0.600000 19.317684
sym6_145
improve 0 3888 6591 3914 2703 7.000000 0.600000 0.227160
alu-v2_32
original 0 163 274 163 111 7.000000 0.600000 0.014424
4gt12-v0_88
original 0 194 335 204 141 7.000000 0.600000 0.015674
squar5_261
improve 0 1993 3517 1975 1524 7.000000 0.600000 0.142819
alu-v2_31
original 0 451 754 463 303 7.000000 0.600000 0.027646
hwb5_53
improve 0 1336 2290 1416 954 7.000000 0.600000 0.075352
one-two-three-v2_100
original 0 69 114 74 45 7.000000 0.600000 0.006917
cycle10_2_110
original 0 6050 10820 6457 4770 7.000000 0.600000 0.985751
urf6_160
improve 0 171840 308793 176147 136905 7.000000 0.600000 37.440902
ising_model_10
original 0 480 480 110 0 7.000000 0.600000 0.056836
sys6-v0_111
improve 0 215 371 162 156 7.000000 0.600000 0.018217
plus63mod8192_164
improve 0 187112 335053 198341 147852 7.000000 0.600000 46.222567
mod5adder_127
improve 0 555 993 629 438 7.000000 0.600000 0.087673
rd73_140
original 0 230 398 193 168 7.000000 0.600000 0.019235
4mod5-v1_23
original 0 69 123 79 54 7.000000 0.600000 0.007390
graycode6_47
original 0 5 5 5 0 7.000000 0.600000 0.001008
ising_model_16
original 0 786 786 176 0 7.000000 0.600000 0.011737
ham7_104
original 0 320 653 413 333 7.000000 0.600000 0.088796
ex-1_166
original 0 19 31 21 12 7.000000 0.600000 0.002256
decod24-v3_45
original 0 150 303 191 153 7.000000 0.600000 0.086853
urf4_187
improve 0 512064 907942 501946 395844 7.000000 0.600000 41.305194
life_238
original 0 22445 40223 23982 17778 7.000000 0.600000 52.529299
con1_216
original 0 954 1770 1033 816 7.000000 0.600000 0.177613
hwb6_56
original 0 6723 11595 6929 4872 7.000000 0.600000 0.399634
mod10_176
original 0 178 289 177 111 7.000000 0.600000 0.016999
ex1_226
original 0 7 10 5 3 7.000000 0.600000 0.001504
sf_276
improve 0 778 1510 939 720 7.000000 0.600000 2.032724
cm152a_212
improve 0 1221 2379 1492 1158 7.000000 0.600000 0.228271
4gt12-v0_87
original 0 247 406 238 159 7.000000 0.600000 0.018187
decod24-enable_126
original 0 338 569 353 231 7.000000 0.600000 0.022902
radd_250
improve 0 3213 5667 3245 2454 7.000000 0.600000 0.248562
pm1_249
original 0 1776 3060 1792 1284 7.000000 0.600000 0.113861
sf_274
original 0 781 1489 918 708 7.000000 0.600000 0.086698
miller_11
original 0 50 86 59 36 7.000000 0.600000 0.004901
rd53_251
original 0 1291 2236 1349 945 7.000000 0.600000 0.074782
mlp4_245
improve 0 18852 33804 19609 14922 7.000000 0.600000 4.004066
9symml_195
improve 0 34881 61710 36410 26808 7.000000 0.600000 5.112550
rd84_142
original 0 343 628 236 285 7.000000 0.600000 0.112379
inc_237
original 0 10619 19091 11357 8472 7.000000 0.600000 3.652113
sqn_258
improve 0 10223 17987 10719 7764 7.000000 0.600000 0.688999
alu-v2_33
original 0 37 61 39 24 7.000000 0.600000 0.006600
sao2_257
original 0 38577 68517 37328 29940 7.000000 0.600000 7.014929
co14_215
original 0 17936 33284 17304 15348 7.000000 0.600000 12.429851
decod24-v1_41
original 0 85 178 119 93 7.000000 0.600000 0.016726
4mod5-v0_20
original 0 20 29 18 9 7.000000 0.600000 0.002357
alu-v4_37
original 0 37 58 37 21 7.000000 0.600000 0.003721
urf3_155
improve 0 423488 736835 425613 313293 7.000000 0.600000 37.497073
misex1_241
improve 0 4813 8467 4992 3645 7.000000 0.600000 4.008633
alu-v0_27
original 0 36 57 37 21 7.000000 0.600000 0.003299
4mod5-v1_24
original 0 36 75 39 39 7.000000 0.600000 0.013632
4mod7-v1_96
original 0 164 278 169 114 7.000000 0.600000 0.022250
cm82a_208
original 0 650 1118 626 468 7.000000 0.600000 0.065149
ham15_107
improve 0 8763 15766 9421 6987 7.000000 0.600000 4.234897
0example
original 0 9 36 31 27 7.000000 0.600000 0.017680
dc1_220
improve 0 1914 3378 2022 1464 7.000000 0.600000 0.132293
4gt4-v1_74
original 0 273 477 293 204 7.000000 0.600000 0.021886
rd32-v1_68
original 0 36 57 37 21 7.000000 0.600000 0.003346
decod24-v0_38
original 0 51 84 52 33 7.000000 0.600000 0.004949
sym6_316
improve 0 270 498 267 228 7.000000 0.600000 0.037533
alu-v0_26
original 0 84 141 85 57 7.000000 0.600000 0.009242
clip_206
improve 0 33827 61025 35287 27198 7.000000 0.600000 3.913973
4mod5-v0_18
original 0 69 114 75 45 7.000000 0.600000 0.016073
cm85a_209
improve 0 11414 21011 13014 9591 7.000000 0.600000 2.846407
alu-v4_36
original 0 115 187 117 72 7.000000 0.600000 0.013729
one-two-three-v0_97
improve 0 290 551 340 261 7.000000 0.600000 0.029186
4gt13_90
original 0 107 173 110 66 7.000000 0.600000 0.010963
mod5d2_64
original 0 53 92 58 39 7.000000 0.600000 0.005105
ground_state_estimation_10
improve 0 390180 452001 199059 61821 7.000000 0.600000 12.612067
C17_204
original 0 467 803 470 336 7.000000 0.600000 0.145875
4gt13_92
original 0 66 156 105 90 7.000000 0.600000 0.015245
rd53_130
improve 0 1043 1754 1028 711 7.000000 0.600000 0.062858
alu-v3_34
original 0 52 85 53 33 7.000000 0.600000 0.005519
decod24-bdd_294
original 0 73 118 73 45 7.000000 0.600000 0.007413
4gt5_76
original 0 91 151 102 60 7.000000 0.600000 0.008778
sym9_146
original 0 328 580 260 252 7.000000 0.600000 0.034145
4mod5-v1_22
original 0 21 33 21 12 7.000000 0.600000 0.002790
rd32_270
original 0 84 141 89 57 7.000000 0.600000 0.007650
hwb4_49
original 0 233 389 242 156 7.000000 0.600000 0.019996
urf5_280
improve 0 49829 89345 53762 39498 7.000000 0.600000 7.380181
4gt5_77
original 0 131 209 123 78 7.000000 0.600000 0.023705
rd84_253
original 0 13658 24449 13868 10791 7.000000 0.600000 6.046536
4_49_16
improve 0 217 424 278 207 7.000000 0.600000 0.042169
qft_10
improve 0 200 326 132 126 7.000000 0.600000 0.098795
4mod5-bdd_287
original 0 70 121 72 51 7.000000 0.600000 0.008013
qft_16
original 0 512 881 258 369 7.000000 0.600000 0.881215
urf1_149
improve 0 184864 316528 184108 131664 7.000000 0.600000 11.687227
urf5_158
improve 0 164416 287032 169566 122598 7.000000 0.600000 17.496180
urf3_279
original 0 125362 231862 140199 106500 7.000000 0.600000 22.609213
4gt12-v0_86
original 0 251 422 251 171 7.000000 0.600000 0.051767
4gt4-v0_73
original 0 395 680 419 285 7.000000 0.600000 0.020184
alu-v1_29
original 0 37 58 37 21 7.000000 0.600000 0.003873
alu-bdd_288
improve 0 84 150 93 66 7.000000 0.600000 0.010273
decod24-v2_43
original 0 52 82 51 30 7.000000 0.600000 0.004686
mod8-10_178
original 0 342 594 358 252 7.000000 0.600000 0.023461
one-two-three-v0_98
original 0 146 323 195 177 7.000000 0.600000 0.080317
4gt4-v0_78
improve 0 235 406 243 171 7.000000 0.600000 0.027189
4mod5-v0_19
original 0 35 59 38 24 7.000000 0.600000 0.003902
alu-v2_30
original 0 504 936 587 432 7.000000 0.600000 0.720329
alu-v3_35
original 0 37 58 37 21 7.000000 0.600000 0.003985
dist_223
original 0 38046 67884 37856 29838 7.000000 0.600000 6.540887
4gt4-v0_79
original 0 231 396 242 165 7.000000 0.600000 0.030627
hwb8_113
original 0 69380 119921 71254 50541 7.000000 0.600000 5.005700
ex3_229
improve 0 403 814 511 411 7.000000 0.600000 0.078220
xor5_254
original 0 7 10 5 3 7.000000 0.600000 0.001239
f2_232
improve 0 1206 2247 1414 1023 7.000000 0.600000 4.513726
time:18755.957547