rd53_138
original 0 132 234 115 102 2.000000 0.558110 0.011348
4gt13-v1_93
improve 0 68 143 82 75 2.000000 0.558110 0.023531
mod5mils_65
original 0 35 53 33 18 2.000000 0.558110 0.003285
mod5d1_63
original 0 22 40 26 18 2.000000 0.558110 0.005107
sym10_262
improve 0 64283 118308 70551 53910 2.000000 0.558110 43.623375
aj-e11_165
original 0 151 253 150 102 2.000000 0.558110 0.030302
hwb9_119
original 0 207775 376315 225212 168540 2.000000 0.558110 83.868128
4gt11_83
original 0 23 32 23 9 2.000000 0.558110 0.066420
cm42a_207
improve 0 1776 3126 1792 1350 2.000000 0.558110 0.181251
4gt4-v0_72
original 0 258 435 240 177 2.000000 0.558110 0.023495
max46_240
improve 0 27126 49585 28783 22386 2.000000 0.558110 21.161944
dc2_222
improve 0 9462 17371 10405 7905 2.000000 0.558110 1.400810
sym9_193
original 0 34881 64347 37788 29466 2.000000 0.558110 7.198865
rd53_135
improve 0 296 539 320 243 2.000000 0.558110 0.043434
mod10_171
original 0 244 439 286 195 2.000000 0.558110 0.023384
ising_model_13
original 0 633 633 143 0 2.000000 0.558110 0.005377
adr4_197
original 0 3439 6319 3577 2880 2.000000 0.558110 0.416717
4gt11_84
original 0 18 27 17 9 2.000000 0.558110 0.002114
4gt11_82
original 0 27 39 30 12 2.000000 0.558110 0.002637
wim_266
improve 0 986 1730 979 744 2.000000 0.558110 0.074687
rd53_131
original 0 469 904 556 435 2.000000 0.558110 0.053360
mod8-10_177
original 0 440 749 439 309 2.000000 0.558110 0.029922
4gt10-v1_81
original 0 148 250 154 102 2.000000 0.558110 0.013904
alu-v1_28
original 0 37 61 39 24 2.000000 0.558110 0.003962
cnt3-5_179
improve 0 175 349 155 174 2.000000 0.558110 0.091826
square_root_7
improve 0 7630 14514 8050 6873 2.000000 0.558110 6.129339
one-two-three-v1_99
original 0 132 213 133 81 2.000000 0.558110 0.012079
mini_alu_305
original 0 173 299 134 126 2.000000 0.558110 0.024227
rd53_311
improve 0 275 503 250 228 2.000000 0.558110 0.028127
3_17_13
original 0 36 54 35 18 2.000000 0.558110 0.003073
rd73_252
improve 0 5321 9688 5629 4359 2.000000 0.558110 1.824711
4gt4-v0_80
original 0 179 305 184 126 2.000000 0.558110 0.019262
hwb7_59
improve 0 24379 43066 25510 18675 2.000000 0.558110 5.602194
ham3_102
original 0 20 29 20 9 2.000000 0.558110 0.010804
cnt3-5_180
original 0 485 890 446 405 2.000000 0.558110 0.063785
rd53_133
original 0 580 1114 689 534 2.000000 0.558110 0.079183
4mod7-v0_94
improve 0 162 330 213 168 2.000000 0.558110 0.036397
plus63mod4096_163
original 0 128744 238841 143439 110097 2.000000 0.558110 54.668248
mini-alu_167
original 0 288 489 286 201 2.000000 0.558110 0.057455
root_255
improve 0 17159 32242 18232 15075 2.000000 0.558110 5.791293
z4_268
original 0 3073 5926 3415 2853 2.000000 0.558110 15.931337
majority_239
improve 0 612 1143 693 531 2.000000 0.558110 1.109026
ex2_227
original 0 631 1210 743 579 2.000000 0.558110 0.087168
urf2_277
improve 0 20112 37518 23030 17406 2.000000 0.558110 1.966467
one-two-three-v3_101
original 0 70 124 74 54 2.000000 0.558110 0.014815
4gt13_91
improve 0 103 184 122 81 2.000000 0.558110 0.014089
4gt12-v1_89
improve 0 228 387 226 159 2.000000 0.558110 0.018043
sqrt8_260
improve 0 3009 5544 3264 2535 2.000000 0.558110 0.473682
rd32-v0_66
original 0 34 55 36 21 2.000000 0.558110 0.004172
sym9_148
original 0 21504 39465 23675 17961 2.000000 0.558110 10.807263
4gt5_75
original 0 83 128 75 45 2.000000 0.558110 0.012324
0410184_169
original 0 211 379 190 168 2.000000 0.558110 0.024850
urf2_152
improve 0 80480 139712 81879 59232 2.000000 0.558110 5.038443
urf1_278
original 0 54766 101869 61651 47103 2.000000 0.558110 7.062545
sym6_145
original 0 3888 6858 4137 2970 2.000000 0.558110 0.285394
alu-v2_32
original 0 163 271 167 108 2.000000 0.558110 0.008513
4gt12-v0_88
original 0 194 326 192 132 2.000000 0.558110 0.015053
squar5_261
original 0 1993 3601 2045 1608 2.000000 0.558110 0.188333
alu-v2_31
improve 0 451 760 458 309 2.000000 0.558110 0.027218
hwb5_53
original 0 1336 2365 1444 1029 2.000000 0.558110 0.080625
one-two-three-v2_100
original 0 69 117 71 48 2.000000 0.558110 0.006894
cycle10_2_110
original 0 6050 11348 6845 5298 2.000000 0.558110 1.432232
urf6_160
improve 0 171840 315949 180629 144036 2.000000 0.558110 38.125886
ising_model_10
original 0 480 480 110 0 2.000000 0.558110 0.062394
sys6-v0_111
improve 0 215 380 170 165 2.000000 0.558110 0.018008
plus63mod8192_164
improve 0 187112 348090 211292 160611 2.000000 0.558110 153.278389
mod5adder_127
improve 0 555 1023 605 468 2.000000 0.558110 0.119866
rd73_140
original 0 230 407 200 177 2.000000 0.558110 0.022522
4mod5-v1_23
original 0 69 114 75 45 2.000000 0.558110 0.006432
graycode6_47
original 0 5 5 5 0 2.000000 0.558110 0.001023
ising_model_16
original 0 786 786 176 0 2.000000 0.558110 0.010652
ham7_104
original 0 320 656 391 336 2.000000 0.558110 0.083930
ex-1_166
original 0 19 28 18 9 2.000000 0.558110 0.002051
decod24-v3_45
original 0 150 306 191 156 2.000000 0.558110 0.025230
urf4_187
improve 0 512064 924685 514188 412371 2.000000 0.558110 78.636520
life_238
improve 0 22445 41769 25278 19302 2.000000 0.558110 11.238381
con1_216
improve 0 954 1782 1075 825 2.000000 0.558110 0.570215
hwb6_56
original 0 6723 11889 7083 5166 2.000000 0.558110 0.531968
mod10_176
improve 0 178 295 174 117 2.000000 0.558110 0.018820
ex1_226
original 0 7 10 5 3 2.000000 0.558110 0.001398
sf_276
improve 0 778 1411 862 633 2.000000 0.558110 0.065778
cm152a_212
improve 0 1221 2379 1517 1158 2.000000 0.558110 0.298793
4gt12-v0_87
improve 0 247 418 240 171 2.000000 0.558110 0.018632
decod24-enable_126
improve 0 338 581 351 243 2.000000 0.558110 0.026667
radd_250
original 0 3213 5862 3499 2649 2.000000 0.558110 0.385909
pm1_249
improve 0 1776 3126 1792 1350 2.000000 0.558110 0.111440
sf_274
improve 0 781 1408 873 615 2.000000 0.558110 4.766186
miller_11
original 0 50 77 50 27 2.000000 0.558110 0.004218
rd53_251
original 0 1291 2275 1374 984 2.000000 0.558110 0.107832
mlp4_245
improve 0 18852 35792 21357 16872 2.000000 0.558110 13.439238
9symml_195
original 0 34881 64347 37788 29466 2.000000 0.558110 7.144444
rd84_142
improve 0 343 631 256 288 2.000000 0.558110 0.082911
inc_237
original 0 10619 19991 11856 9372 2.000000 0.558110 4.228151
sqn_258
improve 0 10223 18743 11021 8502 2.000000 0.558110 4.313128
alu-v2_33
original 0 37 61 39 24 2.000000 0.558110 0.007735
sao2_257
improve 0 38577 72023 40188 33360 2.000000 0.558110 35.322221
co14_215
original 0 17936 34457 18028 16521 2.000000 0.558110 39.926488
decod24-v1_41
original 0 85 187 127 102 2.000000 0.558110 0.028264
4mod5-v0_20
original 0 20 29 18 9 2.000000 0.558110 0.002422
alu-v4_37
original 0 37 58 37 21 2.000000 0.558110 0.003581
urf3_155
improve 0 423488 751168 432490 327612 2.000000 0.558110 39.452611
misex1_241
original 0 4813 8629 5167 3816 2.000000 0.558110 0.476617
alu-v0_27
original 0 36 57 37 21 2.000000 0.558110 0.004437
4mod5-v1_24
original 0 36 72 35 36 2.000000 0.558110 0.009449
4mod7-v1_96
original 0 164 281 180 117 2.000000 0.558110 0.016155
cm82a_208
original 0 650 1139 631 489 2.000000 0.558110 0.058383
ham15_107
original 0 8763 16092 9563 7329 2.000000 0.558110 3.212392
0example
original 0 9 39 34 30 2.000000 0.558110 0.020529
dc1_220
original 0 1914 3549 2074 1635 2.000000 0.558110 0.167693
4gt4-v1_74
original 0 273 471 287 198 2.000000 0.558110 0.023971
rd32-v1_68
original 0 36 57 36 21 2.000000 0.558110 0.003110
decod24-v0_38
original 0 51 78 49 27 2.000000 0.558110 0.004139
sym6_316
original 0 270 510 264 240 2.000000 0.558110 0.027589
alu-v0_26
original 0 84 138 81 54 2.000000 0.558110 0.007549
clip_206
original 0 33827 63200 36400 29373 2.000000 0.558110 46.371918
4mod5-v0_18
original 0 69 111 71 42 2.000000 0.558110 0.018750
cm85a_209
improve 0 11414 21569 13079 10089 2.000000 0.558110 62.631053
alu-v4_36
original 0 115 196 121 81 2.000000 0.558110 0.015720
one-two-three-v0_97
improve 0 290 581 367 291 2.000000 0.558110 0.041635
4gt13_90
improve 0 107 188 126 81 2.000000 0.558110 0.013133
mod5d2_64
original 0 53 92 62 39 2.000000 0.558110 0.006775
ground_state_estimation_10
improve 0 390180 468198 214725 78018 2.000000 0.558110 11.496082
C17_204
improve 0 467 836 492 369 2.000000 0.558110 0.154129
4gt13_92
original 0 66 156 106 90 2.000000 0.558110 0.021920
rd53_130
original 0 1043 1817 1059 774 2.000000 0.558110 0.102845
alu-v3_34
original 0 52 85 53 33 2.000000 0.558110 0.005343
decod24-bdd_294
original 0 73 118 71 45 2.000000 0.558110 0.006166
4gt5_76
original 0 91 157 108 66 2.000000 0.558110 0.009152
sym9_146
improve 0 328 598 262 270 2.000000 0.558110 0.472251
4mod5-v1_22
original 0 21 33 21 12 2.000000 0.558110 0.002792
rd32_270
original 0 84 147 91 63 2.000000 0.558110 0.008865
hwb4_49
improve 0 233 398 250 165 2.000000 0.558110 0.019474
urf5_280
improve 0 49829 91460 54937 41607 2.000000 0.558110 9.049152
4gt5_77
original 0 131 218 132 87 2.000000 0.558110 0.023560
rd84_253
improve 0 13658 25342 14628 11673 2.000000 0.558110 4.098471
4_49_16
improve 0 217 427 273 210 2.000000 0.558110 0.034261
qft_10
improve 0 200 291 94 87 2.000000 0.558110 0.845121
4mod5-bdd_287
original 0 70 121 71 51 2.000000 0.558110 0.007530
qft_16
improve 0 512 934 292 369 2.000000 0.558110 29.528621
urf1_149
original 0 184864 321196 184684 136332 2.000000 0.558110 16.064519
urf5_158
improve 0 164416 285988 169867 121569 2.000000 0.558110 11.264197
urf3_279
original 0 125362 238438 144079 113076 2.000000 0.558110 39.678178
4gt12-v0_86
improve 0 251 425 245 174 2.000000 0.558110 0.052906
4gt4-v0_73
original 0 395 689 432 294 2.000000 0.558110 0.038564
alu-v1_29
original 0 37 58 37 21 2.000000 0.558110 0.002992
alu-bdd_288
original 0 84 150 93 66 2.000000 0.558110 0.010530
decod24-v2_43
original 0 52 79 48 27 2.000000 0.558110 0.004179
mod8-10_178
improve 0 342 606 350 264 2.000000 0.558110 0.034121
one-two-three-v0_98
original 0 146 305 180 159 2.000000 0.558110 0.043400
4gt4-v0_78
improve 0 235 397 242 162 2.000000 0.558110 0.021740
4mod5-v0_19
original 0 35 56 35 21 2.000000 0.558110 0.003596
alu-v2_30
improve 0 504 939 592 435 2.000000 0.558110 0.050680
alu-v3_35
original 0 37 58 37 21 2.000000 0.558110 0.003726
dist_223
original 0 38046 71094 39972 33048 2.000000 0.558110 15.359939
4gt4-v0_79
improve 0 231 387 235 156 2.000000 0.558110 0.028475
hwb8_113
improve 0 69380 123762 73768 54366 2.000000 0.558110 9.501371
ex3_229
original 0 403 805 503 402 2.000000 0.558110 0.089907
xor5_254
original 0 7 10 5 3 2.000000 0.558110 0.001276
f2_232
improve 0 1206 2259 1424 1053 2.000000 0.558110 0.167936
time:12027.755386