rd53_138
improve 0 132 231 114 99 6.000000 0.601000 0.015742
4gt13-v1_93
original 0 68 143 102 75 6.000000 0.601000 0.013741
mod5mils_65
original 0 35 59 39 24 6.000000 0.601000 0.003745
mod5d1_63
original 0 22 40 26 18 6.000000 0.601000 0.005117
sym10_262
improve 0 64283 117679 70645 53301 6.000000 0.601000 24.793503
aj-e11_165
original 0 151 265 161 114 6.000000 0.601000 0.034254
hwb9_119
improve 0 207775 370065 222474 162270 6.000000 0.601000 18.740896
4gt11_83
original 0 23 32 23 9 6.000000 0.601000 0.069778
cm42a_207
original 0 1776 3135 1806 1359 6.000000 0.601000 0.120869
4gt4-v0_72
improve 0 258 450 268 192 6.000000 0.601000 0.021578
max46_240
improve 0 27126 48681 28187 21549 6.000000 0.601000 3.465641
dc2_222
original 0 9462 17289 10298 7827 6.000000 0.601000 0.979397
sym9_193
improve 0 34881 63099 37561 28209 6.000000 0.601000 3.899303
rd53_135
original 0 296 524 312 228 6.000000 0.601000 0.035300
mod10_171
original 0 244 424 260 180 6.000000 0.601000 0.014200
ising_model_13
original 0 633 633 143 0 6.000000 0.601000 0.010661
adr4_197
original 0 3439 6385 3691 2946 6.000000 0.601000 0.617720
4gt11_84
original 0 18 27 17 9 6.000000 0.601000 0.003510
4gt11_82
original 0 27 42 33 15 6.000000 0.601000 0.003067
wim_266
improve 0 986 1703 975 717 6.000000 0.601000 0.068604
rd53_131
original 0 469 886 566 417 6.000000 0.601000 0.039020
mod8-10_177
original 0 440 761 458 321 6.000000 0.601000 0.030360
4gt10-v1_81
original 0 148 253 158 105 6.000000 0.601000 0.012303
alu-v1_28
original 0 37 61 39 24 6.000000 0.601000 0.004090
cnt3-5_179
original 0 175 349 137 174 6.000000 0.601000 0.962782
square_root_7
improve 0 7630 14145 7707 6474 6.000000 0.601000 13.453785
one-two-three-v1_99
original 0 132 222 141 90 6.000000 0.601000 0.014326
mini_alu_305
improve 0 173 314 160 141 6.000000 0.601000 0.021489
rd53_311
original 0 275 503 246 228 6.000000 0.601000 0.037275
3_17_13
original 0 36 54 35 18 6.000000 0.601000 0.003259
rd73_252
original 0 5321 9572 5572 4251 6.000000 0.601000 0.447948
4gt4-v0_80
original 0 179 314 193 135 6.000000 0.601000 0.017910
hwb7_59
original 0 24379 42475 25345 18096 6.000000 0.601000 1.594217
ham3_102
original 0 20 35 26 15 6.000000 0.601000 0.012871
cnt3-5_180
improve 0 485 845 419 360 6.000000 0.601000 0.047549
rd53_133
original 0 580 1078 673 498 6.000000 0.601000 0.086627
4mod7-v0_94
original 0 162 357 247 195 6.000000 0.601000 0.023515
