rd53_138
improve 0 132 225 113 93 3.000000 0.800000 0.015331
4gt13-v1_93
original 0 68 143 102 75 3.000000 0.800000 0.014238
mod5mils_65
original 0 35 59 39 24 3.000000 0.800000 0.003458
mod5d1_63
original 0 22 40 26 18 3.000000 0.800000 0.004899
sym10_262
improve 0 64283 118038 69914 53730 3.000000 0.800000 11.396352
aj-e11_165
original 0 151 271 161 120 3.000000 0.800000 0.029815
hwb9_119
improve 0 207775 375041 223561 167202 3.000000 0.800000 26.982033
4gt11_83
original 0 23 32 23 9 3.000000 0.800000 0.062846
cm42a_207
improve 0 1776 3135 1768 1359 3.000000 0.800000 0.097456
4gt4-v0_72
original 0 258 432 242 174 3.000000 0.800000 0.019490
max46_240
improve 0 27126 48801 28519 21666 3.000000 0.800000 3.665217
dc2_222
original 0 9462 17388 10316 7926 3.000000 0.800000 2.664981
sym9_193
improve 0 34881 63714 38486 28833 3.000000 0.800000 2.981803
rd53_135
improve 0 296 533 323 237 3.000000 0.800000 0.031023
mod10_171
original 0 244 436 274 192 3.000000 0.800000 0.011569
ising_model_13
original 0 633 633 143 0 3.000000 0.800000 0.010649
adr4_197
original 0 3439 6514 3757 3075 3.000000 0.800000 0.305105
4gt11_84
original 0 18 27 17 9 3.000000 0.800000 0.003133
4gt11_82
original 0 27 42 33 15 3.000000 0.800000 0.002833
wim_266
improve 0 986 1790 1031 804 3.000000 0.800000 0.074308
rd53_131
original 0 469 859 522 390 3.000000 0.800000 0.051957
mod8-10_177
original 0 440 749 455 309 3.000000 0.800000 0.028001
4gt10-v1_81
original 0 148 256 162 108 3.000000 0.800000 0.013473
alu-v1_28
original 0 37 61 39 24 3.000000 0.800000 0.002059
cnt3-5_179
original 0 175 346 133 171 3.000000 0.800000 0.908828
square_root_7
original 0 7630 14488 7973 6858 3.000000 0.800000 3.676037
one-two-three-v1_99
original 0 132 222 135 90 3.000000 0.800000 0.014572
mini_alu_305
original 0 173 317 154 144 3.000000 0.800000 0.040449
rd53_311
improve 0 275 503 239 228 3.000000 0.800000 0.035229
3_17_13
original 0 36 54 35 18 3.000000 0.800000 0.002748
rd73_252
improve 0 5321 9542 5436 4206 3.000000 0.800000 2.464561
4gt4-v0_80
original 0 179 311 190 132 3.000000 0.800000 0.014970
hwb7_59
improve 0 24379 42934 25100 18555 3.000000 0.800000 1.399721
ham3_102
original 0 20 35 26 15 3.000000 0.800000 0.009734
cnt3-5_180
original 0 485 875 413 390 3.000000 0.800000 0.051889
rd53_133
improve 0 580 1150 751 570 3.000000 0.800000 0.044298
4mod7-v0_94
improve 0 162 336 225 174 3.000000 0.800000 0.019671
plus63mod4096_163
improve 0 128744 238630 143867 109707 3.000000 0.800000 73.129065
mini-alu_167
original 0 288 486 293 198 3.000000 0.800000 0.054485
root_255
improve 0 17159 31373 17501 14214 3.000000 0.800000 2.006998
z4_268
original 0 3073 5929 3493 2856 3.000000 0.800000 5.345508
majority_239
original 0 612 1200 748 588 3.000000 0.800000 190.084926
ex2_227
improve 0 631 1276 812 645 3.000000 0.800000 0.107347
urf2_277
improve 0 20112 38002 23330 17871 3.000000 0.800000 5.919427
one-two-three-v3_101
original 0 70 115 71 45 3.000000 0.800000 0.013764
4gt13_91
original 0 103 169 105 66 3.000000 0.800000 0.009468
4gt12-v1_89
original 0 228 384 230 156 3.000000 0.800000 0.014043
sqrt8_260
improve 0 3009 5436 3189 2427 3.000000 0.800000 0.245830
rd32-v0_66
original 0 34 55 37 21 3.000000 0.800000 0.004096
sym9_148
original 0 21504 38871 23197 17367 3.000000 0.800000 5.963720
4gt5_75
original 0 83 134 75 51 3.000000 0.800000 0.014213
0410184_169
original 0 211 391 208 180 3.000000 0.800000 0.026404
urf2_152
original 0 80480 140360 82554 59880 3.000000 0.800000 4.705888
urf1_278
improve 0 54766 102414 62355 47631 3.000000 0.800000 8.234672
sym6_145
improve 0 3888 6816 4076 2928 3.000000 0.800000 0.236518
alu-v2_32
original 0 163 286 176 123 3.000000 0.800000 0.008542
4gt12-v0_88
improve 0 194 326 196 132 3.000000 0.800000 0.015697
squar5_261
original 0 1993 3628 2016 1635 3.000000 0.800000 0.184422
alu-v2_31
improve 0 451 784 483 333 3.000000 0.800000 0.027559
hwb5_53
improve 0 1336 2365 1459 1029 3.000000 0.800000 0.076982
one-two-three-v2_100
original 0 69 114 73 45 3.000000 0.800000 0.005378
cycle10_2_110
original 0 6050 11294 6851 5244 3.000000 0.800000 0.807847
urf6_160
improve 0 171840 314364 180799 142488 3.000000 0.800000 25.193897
ising_model_10
original 0 480 480 110 0 3.000000 0.800000 0.054495
sys6-v0_111
improve 0 215 377 172 162 3.000000 0.800000 0.019565
plus63mod8192_164
original 0 187112 346676 207898 159564 3.000000 0.800000 105.360595
mod5adder_127
improve 0 555 987 610 432 3.000000 0.800000 0.086063
rd73_140
original 0 230 398 197 168 3.000000 0.800000 0.014882
4mod5-v1_23
original 0 69 120 77 51 3.000000 0.800000 0.007119
graycode6_47
original 0 5 5 5 0 3.000000 0.800000 0.000964
ising_model_16
original 0 786 786 176 0 3.000000 0.800000 0.012649
ham7_104
improve 0 320 668 442 348 3.000000 0.800000 0.084474
ex-1_166
original 0 19 31 21 12 3.000000 0.800000 0.002217
decod24-v3_45
original 0 150 303 191 153 3.000000 0.800000 0.084294
urf4_187
improve 0 512064 917777 516412 405648 3.000000 0.800000 41.102576
life_238
improve 0 22445 40894 25033 18426 3.000000 0.800000 5.764348
con1_216
improve 0 954 1728 995 774 3.000000 0.800000 0.081512
hwb6_56
original 0 6723 11832 7071 5109 3.000000 0.800000 0.421898
mod10_176
improve 0 178 301 179 123 3.000000 0.800000 0.015054
ex1_226
original 0 7 10 5 3 3.000000 0.800000 0.001387
sf_276
original 0 778 1438 880 660 3.000000 0.800000 0.110304
cm152a_212
improve 0 1221 2322 1397 1101 3.000000 0.800000 0.124267
4gt12-v0_87
improve 0 247 424 252 177 3.000000 0.800000 0.019187
decod24-enable_126
original 0 338 596 359 258 3.000000 0.800000 0.022455
radd_250
original 0 3213 5850 3423 2637 3.000000 0.800000 0.979347
pm1_249
improve 0 1776 3135 1768 1359 3.000000 0.800000 0.103614
sf_274
improve 0 781 1468 958 687 3.000000 0.800000 0.083116
miller_11
original 0 50 86 59 36 3.000000 0.800000 0.004419
rd53_251
original 0 1291 2197 1288 906 3.000000 0.800000 0.072776
mlp4_245
original 0 18852 35010 20608 16158 3.000000 0.800000 9.526989
9symml_195
improve 0 34881 63714 38486 28833 3.000000 0.800000 3.019948
rd84_142
original 0 343 631 232 288 3.000000 0.800000 0.203153
inc_237
improve 0 10619 19529 11922 8910 3.000000 0.800000 1.195598
sqn_258
improve 0 10223 19031 11270 8790 3.000000 0.800000 3.452161
alu-v2_33
original 0 37 61 39 24 3.000000 0.800000 0.007651
sao2_257
improve 0 38577 71085 39272 32472 3.000000 0.800000 11.284135
co14_215
original 0 17936 34112 17836 16176 3.000000 0.800000 15.305193
decod24-v1_41
improve 0 85 181 122 96 3.000000 0.800000 0.019181
4mod5-v0_20
original 0 20 29 18 9 3.000000 0.800000 0.002273
alu-v4_37
original 0 37 58 37 21 3.000000 0.800000 0.003461
urf3_155
improve 0 423488 752389 435878 328821 3.000000 0.800000 41.333371
misex1_241
improve 0 4813 8521 5107 3705 3.000000 0.800000 0.925020
alu-v0_27
original 0 36 57 37 21 3.000000 0.800000 0.003129
4mod5-v1_24
original 0 36 72 39 36 3.000000 0.800000 0.010235
4mod7-v1_96
original 0 164 284 185 120 3.000000 0.800000 0.019969
cm82a_208
improve 0 650 1112 636 462 3.000000 0.800000 0.046355
ham15_107
improve 0 8763 16098 9840 7335 3.000000 0.800000 1.085246
0example
original 0 9 36 31 27 3.000000 0.800000 0.020230
dc1_220
improve 0 1914 3486 2055 1572 3.000000 0.800000 0.122421
4gt4-v1_74
original 0 273 465 275 192 3.000000 0.800000 0.018437
rd32-v1_68
original 0 36 57 37 21 3.000000 0.800000 0.003039
decod24-v0_38
original 0 51 84 52 33 3.000000 0.800000 0.004431
sym6_316
original 0 270 513 263 243 3.000000 0.800000 0.034816
alu-v0_26
original 0 84 147 92 63 3.000000 0.800000 0.008110
clip_206
improve 0 33827 63354 37435 29499 3.000000 0.800000 10.242608
4mod5-v0_18
original 0 69 111 71 42 3.000000 0.800000 0.016932
cm85a_209
original 0 11414 21056 12757 9642 3.000000 0.800000 5.284723
alu-v4_36
original 0 115 193 116 78 3.000000 0.800000 0.013889
one-two-three-v0_97
improve 0 290 551 346 261 3.000000 0.800000 0.026368
4gt13_90
original 0 107 173 108 66 3.000000 0.800000 0.009678
mod5d2_64
original 0 53 92 58 39 3.000000 0.800000 0.005073
ground_state_estimation_10
improve 0 390180 462327 211317 72141 3.000000 0.800000 12.425768
C17_204
improve 0 467 815 478 348 3.000000 0.800000 0.141248
4gt13_92
original 0 66 156 105 90 3.000000 0.800000 0.014481
rd53_130
improve 0 1043 1814 1052 771 3.000000 0.800000 0.074270
alu-v3_34
original 0 52 85 53 33 3.000000 0.800000 0.005028
decod24-bdd_294
original 0 73 121 78 48 3.000000 0.800000 0.007138
4gt5_76
original 0 91 163 113 72 3.000000 0.800000 0.009113
sym9_146
original 0 328 628 291 300 3.000000 0.800000 0.041020
4mod5-v1_22
original 0 21 33 21 12 3.000000 0.800000 0.002636
rd32_270
original 0 84 135 83 51 3.000000 0.800000 0.006776
hwb4_49
original 0 233 401 252 168 3.000000 0.800000 0.017214
urf5_280
improve 0 49829 91508 55046 41676 3.000000 0.800000 4.093549
4gt5_77
original 0 131 209 118 78 3.000000 0.800000 0.023324
rd84_253
improve 0 13658 25452 14697 11790 3.000000 0.800000 2.340702
4_49_16
improve 0 217 427 280 210 3.000000 0.800000 0.040762
qft_10
original 0 200 317 113 117 3.000000 0.800000 0.085500
4mod5-bdd_287
original 0 70 121 70 51 3.000000 0.800000 0.007282
qft_16
improve 0 512 878 245 354 3.000000 0.800000 2.219467
urf1_149
improve 0 184864 321937 186474 137061 3.000000 0.800000 12.902412
urf5_158
improve 0 164416 292604 174442 128181 3.000000 0.800000 10.828650
urf3_279
improve 0 125362 237305 143638 111861 3.000000 0.800000 31.371633
4gt12-v0_86
original 0 251 437 260 186 3.000000 0.800000 0.048959
4gt4-v0_73
original 0 395 692 428 297 3.000000 0.800000 0.018793
alu-v1_29
original 0 37 58 37 21 3.000000 0.800000 0.003629
alu-bdd_288
original 0 84 153 91 69 3.000000 0.800000 0.007706
decod24-v2_43
original 0 52 82 52 30 3.000000 0.800000 0.004317
mod8-10_178
improve 0 342 597 340 255 3.000000 0.800000 0.023853
one-two-three-v0_98
improve 0 146 317 201 171 3.000000 0.800000 0.075288
4gt4-v0_78
original 0 235 406 254 171 3.000000 0.800000 0.027189
4mod5-v0_19
original 0 35 59 38 24 3.000000 0.800000 0.003588
alu-v2_30
original 0 504 966 614 462 3.000000 0.800000 0.037951
alu-v3_35
original 0 37 58 37 21 3.000000 0.800000 0.003672
dist_223
original 0 38046 70059 39290 32013 3.000000 0.800000 10.218570
4gt4-v0_79
original 0 231 399 246 168 3.000000 0.800000 0.034347
hwb8_113
improve 0 69380 126956 75636 57534 3.000000 0.800000 16.750553
ex3_229
improve 0 403 847 556 444 3.000000 0.800000 0.110838
xor5_254
original 0 7 10 5 3 3.000000 0.800000 0.000909
f2_232
original 0 1206 2235 1384 1029 3.000000 0.800000 0.118864
time:28520.195674