rd53_138
improve 0 132 231 111 99 9.000000 0.008110 0.016772
4gt13-v1_93
original 0 68 143 99 75 9.000000 0.008110 0.015135
mod5mils_65
original 0 35 59 40 24 9.000000 0.008110 0.003865
mod5d1_63
original 0 22 40 26 18 9.000000 0.008110 0.005201
sym10_262
improve 0 64283 116713 67325 52380 9.000000 0.008110 14.659955
aj-e11_165
original 0 151 259 165 108 9.000000 0.008110 0.030441
hwb9_119
improve 0 207775 368221 214110 160416 9.000000 0.008110 19.103578
4gt11_83
original 0 23 32 23 9 9.000000 0.008110 0.071792
cm42a_207
original 0 1776 3135 1721 1359 9.000000 0.008110 0.132098
4gt4-v0_72
original 0 258 450 256 192 9.000000 0.008110 0.029421
max46_240
improve 0 27126 48613 27643 21474 9.000000 0.008110 5.897607
dc2_222
improve 0 9462 17031 9754 7566 9.000000 0.008110 1.572899
sym9_193
improve 0 34881 62397 36289 27513 9.000000 0.008110 3.067066
rd53_135
original 0 296 509 271 213 9.000000 0.008110 0.032264
mod10_171
original 0 244 424 263 180 9.000000 0.008110 0.013622
ising_model_13
original 0 633 633 143 0 9.000000 0.008110 0.012358
adr4_197
original 0 3439 6388 3614 2949 9.000000 0.008110 0.667875
4gt11_84
original 0 18 27 17 9 9.000000 0.008110 0.003330
4gt11_82
original 0 27 42 33 15 9.000000 0.008110 0.003126
wim_266
improve 0 986 1736 946 750 9.000000 0.008110 0.111813
rd53_131
original 0 469 874 534 405 9.000000 0.008110 0.040164
mod8-10_177
improve 0 440 755 465 315 9.000000 0.008110 0.031836
4gt10-v1_81
original 0 148 268 169 120 9.000000 0.008110 0.013718
alu-v1_28
original 0 37 64 39 27 9.000000 0.008110 0.004288
cnt3-5_179
improve 0 175 349 139 168 9.000000 0.008110 0.980786
square_root_7
improve 0 7630 14131 7701 6492 9.000000 0.008110 2.778755
one-two-three-v1_99
original 0 132 240 148 108 9.000000 0.008110 0.016726
mini_alu_305
original 0 173 317 136 144 9.000000 0.008110 0.028496
rd53_311
improve 0 275 512 260 237 9.000000 0.008110 0.055178
3_17_13
original 0 36 54 35 18 9.000000 0.008110 0.003314
rd73_252
improve 0 5321 9332 5293 4011 9.000000 0.008110 0.381629
4gt4-v0_80
original 0 179 305 190 126 9.000000 0.008110 0.018006
hwb7_59
improve 0 24379 42400 24653 18021 9.000000 0.008110 1.662288
ham3_102
original 0 20 35 26 15 9.000000 0.008110 0.010853
cnt3-5_180
improve 0 485 857 431 372 9.000000 0.008110 0.057848
rd53_133
improve 0 580 1168 726 588 9.000000 0.008110 0.196328
4mod7-v0_94
original 0 162 354 245 192 9.000000 0.008110 0.040747
plus63mod4096_163
original 0 128744 233339 135387 104595 9.000000 0.008110 96.003525
mini-alu_167
original 0 288 501 309 213 9.000000 0.008110 0.056027
root_255
original 0 17159 30731 16571 13572 9.000000 0.008110 3.590541
z4_268
improve 0 3073 5842 3425 2766 9.000000 0.008110 0.733642
majority_239
improve 0 612 1179 708 555 9.000000 0.008110 5.769987
ex2_227
improve 0 631 1204 719 573 9.000000 0.008110 0.137516
urf2_277
improve 0 20112 37512 22823 17400 9.000000 0.008110 1.927530
one-two-three-v3_101
original 0 70 115 68 45 9.000000 0.008110 0.014745
4gt13_91
original 0 103 163 97 60 9.000000 0.008110 0.010463
4gt12-v1_89
improve 0 228 414 242 186 9.000000 0.008110 0.019389
sqrt8_260
original 0 3009 5349 2984 2340 9.000000 0.008110 1.670207
rd32-v0_66
original 0 34 55 37 21 9.000000 0.008110 0.004539
sym9_148
improve 0 21504 38861 22804 17343 9.000000 0.008110 6.908086
4gt5_75
original 0 83 137 81 54 9.000000 0.008110 0.014315
0410184_169
original 0 211 385 191 174 9.000000 0.008110 0.026362
urf2_152
improve 0 80480 140483 83308 60003 9.000000 0.008110 5.300328
urf1_278
improve 0 54766 101302 61528 46521 9.000000 0.008110 9.651006
sym6_145
improve 0 3888 6726 3994 2838 9.000000 0.008110 0.242429
alu-v2_32
original 0 163 280 166 117 9.000000 0.008110 0.016643
4gt12-v0_88
original 0 194 329 206 135 9.000000 0.008110 0.016692
squar5_261
original 0 1993 3514 1883 1521 9.000000 0.008110 0.142193
alu-v2_31
original 0 451 784 484 333 9.000000 0.008110 0.029265
hwb5_53
improve 0 1336 2344 1427 1008 9.000000 0.008110 0.083988
one-two-three-v2_100
original 0 69 114 72 45 9.000000 0.008110 0.007071
cycle10_2_110
improve 0 6050 10685 6235 4632 9.000000 0.008110 1.197577
urf6_160
improve 0 171840 313245 179090 141375 9.000000 0.008110 21.867025
ising_model_10
original 0 480 480 110 0 9.000000 0.008110 0.058694
sys6-v0_111
original 0 215 389 163 174 9.000000 0.008110 0.024976
plus63mod8192_164
improve 0 187112 338997 196073 151827 9.000000 0.008110 36.367247
mod5adder_127
original 0 555 1056 627 501 9.000000 0.008110 0.102307
rd73_140
original 0 230 404 192 174 9.000000 0.008110 0.027122
4mod5-v1_23
original 0 69 126 81 57 9.000000 0.008110 0.007427
graycode6_47
original 0 5 5 5 0 9.000000 0.008110 0.001017
ising_model_16
original 0 786 786 176 0 9.000000 0.008110 0.014789
ham7_104
improve 0 320 659 424 339 9.000000 0.008110 0.087448
ex-1_166
original 0 19 31 21 12 9.000000 0.008110 0.002356
decod24-v3_45
original 0 150 327 209 177 9.000000 0.008110 0.080934
urf4_187
improve 0 512064 909202 501113 397125 9.000000 0.008110 43.028731
life_238
original 0 22445 40634 23670 18189 9.000000 0.008110 57.466933
con1_216
improve 0 954 1815 1070 861 9.000000 0.008110 0.115293
hwb6_56
improve 0 6723 11739 6919 5016 9.000000 0.008110 0.467674
mod10_176
improve 0 178 304 186 126 9.000000 0.008110 0.018197
ex1_226
original 0 7 10 6 3 9.000000 0.008110 0.001444
sf_276
original 0 778 1429 890 651 9.000000 0.008110 0.132279
cm152a_212
improve 0 1221 2469 1500 1248 9.000000 0.008110 2.110440
4gt12-v0_87
improve 0 247 421 245 174 9.000000 0.008110 0.023674
decod24-enable_126
original 0 338 584 359 246 9.000000 0.008110 0.025337
radd_250
original 0 3213 5796 3402 2583 9.000000 0.008110 0.279441
pm1_249
original 0 1776 3135 1721 1359 9.000000 0.008110 0.206315
sf_274
improve 0 781 1450 881 669 9.000000 0.008110 0.128912
miller_11
original 0 50 86 59 36 9.000000 0.008110 0.005067
rd53_251
original 0 1291 2275 1274 984 9.000000 0.008110 0.088921
mlp4_245
improve 0 18852 33985 19287 15108 9.000000 0.008110 4.928337
9symml_195
improve 0 34881 62397 36289 27513 9.000000 0.008110 3.233457
rd84_142
improve 0 343 634 240 291 9.000000 0.008110 0.069715
inc_237
original 0 10619 19127 11060 8508 9.000000 0.008110 1.818140
sqn_258
original 0 10223 18395 10513 8172 9.000000 0.008110 1.234773
alu-v2_33
original 0 37 61 33 24 9.000000 0.008110 0.008689
sao2_257
original 0 38577 69672 36761 31095 9.000000 0.008110 14.480739
co14_215
improve 0 17936 33418 17344 15402 9.000000 0.008110 20.944463
decod24-v1_41
original 0 85 178 116 93 9.000000 0.008110 0.017759
4mod5-v0_20
original 0 20 32 19 12 9.000000 0.008110 0.002608
alu-v4_37
original 0 37 61 36 24 9.000000 0.008110 0.003996
urf3_155
improve 0 423488 751708 436677 328179 9.000000 0.008110 40.152384
misex1_241
original 0 4813 8623 4925 3810 9.000000 0.008110 0.479709
alu-v0_27
original 0 36 63 41 27 9.000000 0.008110 0.003581
4mod5-v1_24
original 0 36 75 41 39 9.000000 0.008110 0.010290
4mod7-v1_96
original 0 164 284 180 120 9.000000 0.008110 0.017513
cm82a_208
improve 0 650 1151 642 501 9.000000 0.008110 0.064780
ham15_107
improve 0 8763 15921 9537 7158 9.000000 0.008110 0.983514
0example
original 0 9 36 31 27 9.000000 0.008110 0.020560
dc1_220
original 0 1914 3546 2029 1632 9.000000 0.008110 0.200568
4gt4-v1_74
original 0 273 471 274 198 9.000000 0.008110 0.022871
rd32-v1_68
original 0 36 57 37 21 9.000000 0.008110 0.003496
decod24-v0_38
original 0 51 87 59 36 9.000000 0.008110 0.005158
sym6_316
original 0 270 498 274 228 9.000000 0.008110 0.034861
alu-v0_26
original 0 84 144 89 60 9.000000 0.008110 0.009709
clip_206
original 0 33827 61046 33525 27219 9.000000 0.008110 13.217705
4mod5-v0_18
original 0 69 120 81 51 9.000000 0.008110 0.016725
cm85a_209
improve 0 11414 20825 12369 9384 9.000000 0.008110 13.023071
alu-v4_36
original 0 115 202 126 87 9.000000 0.008110 0.014707
one-two-three-v0_97
original 0 290 584 366 294 9.000000 0.008110 0.050368
4gt13_90
original 0 107 170 104 63 9.000000 0.008110 0.011528
mod5d2_64
original 0 53 92 61 39 9.000000 0.008110 0.006551
ground_state_estimation_10
original 0 390180 440895 206409 50715 9.000000 0.008110 12.942605
C17_204
improve 0 467 791 446 324 9.000000 0.008110 0.156214
4gt13_92
original 0 66 156 102 90 9.000000 0.008110 0.013237
rd53_130
original 0 1043 1778 1042 735 9.000000 0.008110 0.066978
alu-v3_34
original 0 52 88 58 36 9.000000 0.008110 0.005068
decod24-bdd_294
original 0 73 118 75 45 9.000000 0.008110 0.007590
4gt5_76
original 0 91 157 99 66 9.000000 0.008110 0.009344
sym9_146
original 0 328 607 271 279 9.000000 0.008110 0.221348
4mod5-v1_22
original 0 21 33 22 12 9.000000 0.008110 0.002811
rd32_270
original 0 84 141 86 57 9.000000 0.008110 0.008008
hwb4_49
original 0 233 383 242 150 9.000000 0.008110 0.018250
urf5_280
improve 0 49829 91154 54607 41319 9.000000 0.008110 6.109889
4gt5_77
original 0 131 224 138 93 9.000000 0.008110 0.024061
rd84_253
original 0 13658 24848 13778 11190 9.000000 0.008110 4.817560
4_49_16
improve 0 217 424 277 207 9.000000 0.008110 0.029881
qft_10
original 0 200 302 104 102 9.000000 0.008110 1.377232
4mod5-bdd_287
original 0 70 127 75 57 9.000000 0.008110 0.009960
qft_16
original 0 512 923 315 411 9.000000 0.008110 5.192980
urf1_149
improve 0 184864 322114 188229 137250 9.000000 0.008110 12.625705
urf5_158
original 0 164416 287392 167599 122976 9.000000 0.008110 17.427966
urf3_279
improve 0 125362 234853 140209 109425 9.000000 0.008110 24.155102
4gt12-v0_86
original 0 251 431 254 180 9.000000 0.008110 0.052930
4gt4-v0_73
original 0 395 677 391 282 9.000000 0.008110 0.019845
alu-v1_29
original 0 37 64 41 27 9.000000 0.008110 0.004604
alu-bdd_288
original 0 84 153 94 69 9.000000 0.008110 0.009898
decod24-v2_43
original 0 52 82 52 30 9.000000 0.008110 0.004879
mod8-10_178
original 0 342 591 354 249 9.000000 0.008110 0.089195
one-two-three-v0_98
original 0 146 320 195 174 9.000000 0.008110 1.388129
4gt4-v0_78
original 0 235 421 257 186 9.000000 0.008110 0.020457
4mod5-v0_19
original 0 35 59 36 24 9.000000 0.008110 0.004196
alu-v2_30
improve 0 504 954 597 450 9.000000 0.008110 0.040256
alu-v3_35
original 0 37 61 36 24 9.000000 0.008110 0.004198
dist_223
improve 0 38046 69541 39236 31482 9.000000 0.008110 5.638856
4gt4-v0_79
original 0 231 408 247 177 9.000000 0.008110 0.026312
hwb8_113
original 0 69380 122096 71017 52716 9.000000 0.008110 6.318094
ex3_229
original 0 403 853 548 450 9.000000 0.008110 0.122136
xor5_254
original 0 7 10 6 3 9.000000 0.008110 0.000941
f2_232
improve 0 1206 2226 1336 1020 9.000000 0.008110 0.266249
time:37351.187869