rd53_138
improve 0 132 228 113 96 2.000000 0.271000 0.015215
4gt13-v1_93
improve 0 68 146 98 78 2.000000 0.271000 0.017653
mod5mils_65
original 0 35 53 34 18 2.000000 0.271000 0.003255
mod5d1_63
original 0 22 40 26 18 2.000000 0.271000 0.005135
sym10_262
improve 0 64283 118725 71230 54369 2.000000 0.271000 40.132192
aj-e11_165
original 0 151 250 151 99 2.000000 0.271000 0.029999
hwb9_119
improve 0 207775 379116 227024 171138 2.000000 0.271000 73.319618
4gt11_83
original 0 23 32 23 9 2.000000 0.271000 0.073170
cm42a_207
improve 0 1776 3105 1734 1329 2.000000 0.271000 0.106785
4gt4-v0_72
original 0 258 435 255 177 2.000000 0.271000 0.020426
max46_240
improve 0 27126 48732 28571 21600 2.000000 0.271000 4.596327
dc2_222
improve 0 9462 17478 10499 7971 2.000000 0.271000 20.619613
sym9_193
original 0 34881 63654 37895 28773 2.000000 0.271000 6.025979
rd53_135
original 0 296 539 310 243 2.000000 0.271000 0.040140
mod10_171
improve 0 244 424 261 180 2.000000 0.271000 0.027235
ising_model_13
original 0 633 633 143 0 2.000000 0.271000 0.009957
adr4_197
improve 0 3439 6451 3751 3006 2.000000 0.271000 1.488202
4gt11_84
original 0 18 27 17 9 2.000000 0.271000 0.003273
4gt11_82
original 0 27 39 30 12 2.000000 0.271000 0.002800
wim_266
original 0 986 1715 994 729 2.000000 0.271000 0.069177
rd53_131
original 0 469 862 525 393 2.000000 0.271000 0.054548
mod8-10_177
improve 0 440 758 446 318 2.000000 0.271000 0.029399
4gt10-v1_81
original 0 148 250 153 102 2.000000 0.271000 0.014094
alu-v1_28
original 0 37 58 34 21 2.000000 0.271000 0.003630
cnt3-5_179
original 0 175 352 135 177 2.000000 0.271000 0.970561
square_root_7
improve 0 7630 14704 8233 7047 2.000000 0.271000 7.994542
one-two-three-v1_99
original 0 132 225 141 93 2.000000 0.271000 0.014698
mini_alu_305
original 0 173 311 141 138 2.000000 0.271000 0.021081
rd53_311
improve 0 275 497 257 222 2.000000 0.271000 0.031936
3_17_13
original 0 36 54 35 18 2.000000 0.271000 0.003105
rd73_252
original 0 5321 9596 5545 4275 2.000000 0.271000 2.048416
4gt4-v0_80
original 0 179 311 187 132 2.000000 0.271000 0.016717
hwb7_59
improve 0 24379 43336 25531 18957 2.000000 0.271000 1.886868
ham3_102
original 0 20 29 20 9 2.000000 0.271000 0.010773
cnt3-5_180
original 0 485 902 452 417 2.000000 0.271000 0.104553
rd53_133
improve 0 580 1084 679 504 2.000000 0.271000 0.234290
4mod7-v0_94
improve 0 162 330 214 168 2.000000 0.271000 0.033906
plus63mod4096_163
original 0 128744 241283 144238 112539 2.000000 0.271000 86.522393
mini-alu_167
original 0 288 480 285 192 2.000000 0.271000 0.063571
root_255
improve 0 17159 31917 18078 14721 2.000000 0.271000 11.182178
z4_268
original 0 3073 5698 3332 2625 2.000000 0.271000 0.334392
majority_239
improve 0 612 1113 697 501 2.000000 0.271000 0.058276
ex2_227
original 0 631 1222 739 591 2.000000 0.271000 0.094542
urf2_277
original 0 20112 37527 22958 17415 2.000000 0.271000 1.899038
one-two-three-v3_101
original 0 70 115 68 45 2.000000 0.271000 0.013756
4gt13_91
original 0 103 175 105 72 2.000000 0.271000 0.011063
4gt12-v1_89
original 0 228 396 238 168 2.000000 0.271000 0.020295
sqrt8_260
improve 0 3009 5490 3284 2478 2.000000 0.271000 0.986528
rd32-v0_66
original 0 34 55 36 21 2.000000 0.271000 0.004218
sym9_148
improve 0 21504 38961 23874 17430 2.000000 0.271000 11.966376
4gt5_75
original 0 83 143 89 60 2.000000 0.271000 0.014491
0410184_169
original 0 211 391 209 180 2.000000 0.271000 0.027274
urf2_152
improve 0 80480 139682 81809 59202 2.000000 0.271000 5.237341
urf1_278
improve 0 54766 101509 61592 46740 2.000000 0.271000 5.877714
sym6_145
original 0 3888 6798 4152 2910 2.000000 0.271000 0.305924
alu-v2_32
original 0 163 286 180 123 2.000000 0.271000 0.015422
4gt12-v0_88
original 0 194 323 196 129 2.000000 0.271000 0.014751
squar5_261
original 0 1993 3571 2010 1578 2.000000 0.271000 0.181385
alu-v2_31
original 0 451 739 441 288 2.000000 0.271000 0.027731
hwb5_53
original 0 1336 2329 1409 993 2.000000 0.271000 0.082929
one-two-three-v2_100
original 0 69 126 76 57 2.000000 0.271000 0.008188
cycle10_2_110
improve 0 6050 11321 6922 5214 2.000000 0.271000 26.107503
urf6_160
original 0 171840 315885 179009 144045 2.000000 0.271000 76.148670
ising_model_10
original 0 480 480 110 0 2.000000 0.271000 0.059714
sys6-v0_111
original 0 215 362 147 147 2.000000 0.271000 0.023358
plus63mod8192_164
original 0 187112 349748 209952 162636 2.000000 0.271000 160.624002
mod5adder_127
improve 0 555 1008 627 453 2.000000 0.271000 0.096003
rd73_140
improve 0 230 401 199 171 2.000000 0.271000 0.022004
4mod5-v1_23
original 0 69 114 74 45 2.000000 0.271000 0.006586
graycode6_47
original 0 5 5 5 0 2.000000 0.271000 0.001044
ising_model_16
original 0 786 786 176 0 2.000000 0.271000 0.010401
ham7_104
improve 0 320 620 405 300 2.000000 0.271000 0.062575
ex-1_166
original 0 19 28 18 9 2.000000 0.271000 0.002065
decod24-v3_45
improve 0 150 303 192 153 2.000000 0.271000 0.040422
urf4_187
improve 0 512064 924824 515627 412527 2.000000 0.271000 83.275284
life_238
improve 0 22445 41457 25167 18981 2.000000 0.271000 10.435925
con1_216
improve 0 954 1773 1081 819 2.000000 0.271000 0.133716
hwb6_56
improve 0 6723 11865 7097 5142 2.000000 0.271000 0.451956
mod10_176
original 0 178 298 188 120 2.000000 0.271000 0.015241
ex1_226
original 0 7 10 6 3 2.000000 0.271000 0.001488
sf_276
original 0 778 1432 884 654 2.000000 0.271000 0.105325
cm152a_212
original 0 1221 2328 1409 1107 2.000000 0.271000 0.324224
4gt12-v0_87
improve 0 247 418 237 171 2.000000 0.271000 0.018462
decod24-enable_126
original 0 338 581 357 243 2.000000 0.271000 0.024933
radd_250
original 0 3213 5865 3487 2652 2.000000 0.271000 4.339802
pm1_249
improve 0 1776 3105 1734 1329 2.000000 0.271000 0.116145
sf_274
improve 0 781 1402 884 618 2.000000 0.271000 0.700531
miller_11
original 0 50 77 50 27 2.000000 0.271000 0.004238
rd53_251
original 0 1291 2260 1352 969 2.000000 0.271000 0.085074
mlp4_245
original 0 18852 34923 20614 16071 2.000000 0.271000 28.105874
9symml_195
original 0 34881 63654 37895 28773 2.000000 0.271000 6.017694
rd84_142
original 0 343 622 235 279 2.000000 0.271000 0.087873
inc_237
original 0 10619 19583 11622 8964 2.000000 0.271000 1.388059
sqn_258
improve 0 10223 18653 10944 8418 2.000000 0.271000 5.114627
alu-v2_33
original 0 37 61 33 24 2.000000 0.271000 0.008095
sao2_257
improve 0 38577 72097 40203 33441 2.000000 0.271000 23.627447
co14_215
improve 0 17936 34391 18594 16398 2.000000 0.271000 15.967675
decod24-v1_41
original 0 85 178 124 93 2.000000 0.271000 0.024627
4mod5-v0_20
original 0 20 29 17 9 2.000000 0.271000 0.002305
alu-v4_37
original 0 37 58 33 21 2.000000 0.271000 0.003527
urf3_155
improve 0 423488 748773 433423 325218 2.000000 0.271000 40.085862
misex1_241
improve 0 4813 8632 5097 3819 2.000000 0.271000 0.498314
alu-v0_27
original 0 36 57 32 21 2.000000 0.271000 0.003420
4mod5-v1_24
original 0 36 72 39 36 2.000000 0.271000 0.005784
4mod7-v1_96
original 0 164 290 170 126 2.000000 0.271000 0.018414
cm82a_208
improve 0 650 1184 656 534 2.000000 0.271000 0.054338
ham15_107
improve 0 8763 16226 9826 7413 2.000000 0.271000 30.786897
0example
original 0 9 36 31 27 2.000000 0.271000 0.023462
dc1_220
original 0 1914 3555 2142 1641 2.000000 0.271000 0.156484
4gt4-v1_74
original 0 273 477 298 204 2.000000 0.271000 0.024768
rd32-v1_68
original 0 36 57 36 21 2.000000 0.271000 0.003172
decod24-v0_38
original 0 51 78 50 27 2.000000 0.271000 0.004571
sym6_316
original 0 270 513 272 243 2.000000 0.271000 0.040870
alu-v0_26
original 0 84 150 93 66 2.000000 0.271000 0.009983
clip_206
original 0 33827 63182 36192 29355 2.000000 0.271000 61.100587
4mod5-v0_18
original 0 69 111 72 42 2.000000 0.271000 0.016851
cm85a_209
improve 0 11414 21174 13127 9726 2.000000 0.271000 10.137974
alu-v4_36
original 0 115 193 121 78 2.000000 0.271000 0.014228
one-two-three-v0_97
improve 0 290 554 346 264 2.000000 0.271000 0.034187
4gt13_90
original 0 107 179 110 72 2.000000 0.271000 0.011374
mod5d2_64
original 0 53 86 56 33 2.000000 0.271000 0.005505
ground_state_estimation_10
improve 0 390180 470818 217883 80634 2.000000 0.271000 12.993268
C17_204
original 0 467 839 489 372 2.000000 0.271000 0.156441
4gt13_92
original 0 66 156 107 90 2.000000 0.271000 0.022347
rd53_130
original 0 1043 1787 1023 744 2.000000 0.271000 0.088699
alu-v3_34
original 0 52 82 52 30 2.000000 0.271000 0.004932
decod24-bdd_294
original 0 73 121 74 48 2.000000 0.271000 0.007015
4gt5_76
original 0 91 163 109 72 2.000000 0.271000 0.008399
sym9_146
improve 0 328 559 262 231 2.000000 0.271000 0.035068
4mod5-v1_22
original 0 21 33 21 12 2.000000 0.271000 0.002756
rd32_270
original 0 84 147 87 63 2.000000 0.271000 0.009551
hwb4_49
original 0 233 395 243 162 2.000000 0.271000 0.019751
urf5_280
original 0 49829 91328 54824 41499 2.000000 0.271000 6.258593
4gt5_77
original 0 131 218 129 87 2.000000 0.271000 0.025589
rd84_253
original 0 13658 25280 14358 11622 2.000000 0.271000 13.627703
4_49_16
improve 0 217 418 276 201 2.000000 0.271000 0.032959
qft_10
original 0 200 317 97 117 2.000000 0.271000 0.065822
4mod5-bdd_287
original 0 70 118 72 48 2.000000 0.271000 0.006757
qft_16
original 0 512 869 230 357 2.000000 0.271000 1.817767
urf1_149
original 0 184864 321097 184588 136233 2.000000 0.271000 16.207120
urf5_158
improve 0 164416 290459 170915 125994 2.000000 0.271000 20.144436
urf3_279
improve 0 125362 237269 144172 111867 2.000000 0.271000 20.874032
4gt12-v0_86
improve 0 251 425 243 174 2.000000 0.271000 0.056219
4gt4-v0_73
improve 0 395 686 419 291 2.000000 0.271000 0.029287
alu-v1_29
original 0 37 58 32 21 2.000000 0.271000 0.003787
alu-bdd_288
original 0 84 150 91 66 2.000000 0.271000 0.008980
decod24-v2_43
original 0 52 79 49 27 2.000000 0.271000 0.004342
mod8-10_178
original 0 342 603 350 261 2.000000 0.271000 0.030960
one-two-three-v0_98
original 0 146 302 199 156 2.000000 0.271000 0.062249
4gt4-v0_78
original 0 235 412 255 177 2.000000 0.271000 0.026846
4mod5-v0_19
original 0 35 56 35 21 2.000000 0.271000 0.003950
alu-v2_30
improve 0 504 903 562 399 2.000000 0.271000 0.043495
alu-v3_35
original 0 37 58 33 21 2.000000 0.271000 0.003811
dist_223
improve 0 38046 70170 40020 32100 2.000000 0.271000 11.752498
4gt4-v0_79
original 0 231 402 247 171 2.000000 0.271000 0.033897
hwb8_113
improve 0 69380 126931 77247 57438 2.000000 0.271000 24.242104
ex3_229
improve 0 403 754 470 351 2.000000 0.271000 0.058612
xor5_254
original 0 7 10 6 3 2.000000 0.271000 0.000976
f2_232
improve 0 1206 2229 1378 1023 2.000000 0.271000 0.149719
time:9346.139590