rd53_138
improve 0 132 228 113 96 2.000000 0.251000 0.014291
4gt13-v1_93
improve 0 68 146 98 78 2.000000 0.251000 0.016624
mod5mils_65
original 0 35 53 34 18 2.000000 0.251000 0.003253
mod5d1_63
original 0 22 40 26 18 2.000000 0.251000 0.005053
sym10_262
improve 0 64283 118725 71230 54369 2.000000 0.251000 39.845589
aj-e11_165
original 0 151 250 151 99 2.000000 0.251000 0.029439
hwb9_119
improve 0 207775 379116 227024 171138 2.000000 0.251000 73.017783
4gt11_83
original 0 23 32 23 9 2.000000 0.251000 0.061808
cm42a_207
improve 0 1776 3105 1734 1329 2.000000 0.251000 0.108816
4gt4-v0_72
original 0 258 435 255 177 2.000000 0.251000 0.022119
max46_240
improve 0 27126 48732 28571 21600 2.000000 0.251000 4.586731
dc2_222
improve 0 9462 17478 10499 7971 2.000000 0.251000 20.092947
sym9_193
original 0 34881 63654 37895 28773 2.000000 0.251000 6.052419
rd53_135
original 0 296 539 310 243 2.000000 0.251000 0.039961
mod10_171
improve 0 244 424 261 180 2.000000 0.251000 0.026884
ising_model_13
original 0 633 633 143 0 2.000000 0.251000 0.010457
adr4_197
improve 0 3439 6451 3751 3006 2.000000 0.251000 1.493225
4gt11_84
original 0 18 27 17 9 2.000000 0.251000 0.003382
4gt11_82
original 0 27 39 30 12 2.000000 0.251000 0.002624
wim_266
original 0 986 1715 994 729 2.000000 0.251000 0.069712
rd53_131
original 0 469 862 525 393 2.000000 0.251000 0.054795
mod8-10_177
improve 0 440 758 446 318 2.000000 0.251000 0.030368
4gt10-v1_81
original 0 148 250 153 102 2.000000 0.251000 0.014540
alu-v1_28
original 0 37 58 34 21 2.000000 0.251000 0.003634
cnt3-5_179
original 0 175 352 135 177 2.000000 0.251000 1.017654
square_root_7
improve 0 7630 14704 8233 7047 2.000000 0.251000 8.129553
one-two-three-v1_99
original 0 132 225 141 93 2.000000 0.251000 0.016971
mini_alu_305
original 0 173 311 141 138 2.000000 0.251000 0.023387
rd53_311
improve 0 275 497 257 222 2.000000 0.251000 0.030005
3_17_13
original 0 36 54 35 18 2.000000 0.251000 0.003033
rd73_252
original 0 5321 9596 5545 4275 2.000000 0.251000 2.076028
4gt4-v0_80
original 0 179 311 187 132 2.000000 0.251000 0.018158
hwb7_59
improve 0 24379 43336 25531 18957 2.000000 0.251000 1.919766
ham3_102
original 0 20 29 20 9 2.000000 0.251000 0.010794
cnt3-5_180
original 0 485 902 452 417 2.000000 0.251000 0.103890
rd53_133
improve 0 580 1084 679 504 2.000000 0.251000 0.240166
4mod7-v0_94
improve 0 162 330 214 168 2.000000 0.251000 0.031798
plus63mod4096_163
original 0 128744 241283 144238 112539 2.000000 0.251000 87.414515
mini-alu_167
original 0 288 480 285 192 2.000000 0.251000 0.056066
root_255
improve 0 17159 31917 18078 14721 2.000000 0.251000 11.471357
z4_268
original 0 3073 5698 3332 2625 2.000000 0.251000 0.338742
majority_239
improve 0 612 1113 697 501 2.000000 0.251000 0.060413
ex2_227
original 0 631 1222 739 591 2.000000 0.251000 0.099563
urf2_277
original 0 20112 37527 22958 17415 2.000000 0.251000 1.880560
one-two-three-v3_101
original 0 70 115 68 45 2.000000 0.251000 0.012102
4gt13_91
original 0 103 175 105 72 2.000000 0.251000 0.010860
4gt12-v1_89
original 0 228 396 238 168 2.000000 0.251000 0.020079
sqrt8_260
improve 0 3009 5490 3284 2478 2.000000 0.251000 0.994563
rd32-v0_66
original 0 34 55 36 21 2.000000 0.251000 0.004262
sym9_148
improve 0 21504 38961 23874 17430 2.000000 0.251000 11.981208
4gt5_75
original 0 83 143 89 60 2.000000 0.251000 0.016597
0410184_169
original 0 211 391 209 180 2.000000 0.251000 0.026624
urf2_152
improve 0 80480 139682 81809 59202 2.000000 0.251000 5.202579
urf1_278
improve 0 54766 101509 61592 46740 2.000000 0.251000 5.916711
sym6_145
original 0 3888 6798 4152 2910 2.000000 0.251000 0.304590
alu-v2_32
original 0 163 286 180 123 2.000000 0.251000 0.013261
4gt12-v0_88
original 0 194 323 196 129 2.000000 0.251000 0.014805
squar5_261
original 0 1993 3571 2010 1578 2.000000 0.251000 0.182217
alu-v2_31
original 0 451 739 441 288 2.000000 0.251000 0.028170
hwb5_53
original 0 1336 2329 1409 993 2.000000 0.251000 0.084789
one-two-three-v2_100
original 0 69 126 76 57 2.000000 0.251000 0.008156
cycle10_2_110
improve 0 6050 11321 6922 5214 2.000000 0.251000 26.359375
urf6_160
original 0 171840 315885 179009 144045 2.000000 0.251000 76.903253
ising_model_10
original 0 480 480 110 0 2.000000 0.251000 0.059642
sys6-v0_111
original 0 215 362 147 147 2.000000 0.251000 0.023441
plus63mod8192_164
original 0 187112 349748 209952 162636 2.000000 0.251000 161.600416
mod5adder_127
improve 0 555 1008 627 453 2.000000 0.251000 0.106049
rd73_140
improve 0 230 401 199 171 2.000000 0.251000 0.021819
4mod5-v1_23
original 0 69 114 74 45 2.000000 0.251000 0.006480
graycode6_47
original 0 5 5 5 0 2.000000 0.251000 0.001155
ising_model_16
original 0 786 786 176 0 2.000000 0.251000 0.011850
ham7_104
improve 0 320 620 405 300 2.000000 0.251000 0.059460
ex-1_166
original 0 19 28 18 9 2.000000 0.251000 0.002054
decod24-v3_45
improve 0 150 303 192 153 2.000000 0.251000 0.040605
urf4_187
improve 0 512064 924824 515627 412527 2.000000 0.251000 83.808440
life_238
improve 0 22445 41457 25167 18981 2.000000 0.251000 10.479942
con1_216
improve 0 954 1773 1081 819 2.000000 0.251000 0.134274
hwb6_56
improve 0 6723 11865 7097 5142 2.000000 0.251000 0.468416
mod10_176
original 0 178 298 188 120 2.000000 0.251000 0.017125
ex1_226
original 0 7 10 6 3 2.000000 0.251000 0.001458
sf_276
original 0 778 1432 884 654 2.000000 0.251000 0.107454
cm152a_212
original 0 1221 2328 1409 1107 2.000000 0.251000 0.326052
4gt12-v0_87
improve 0 247 418 237 171 2.000000 0.251000 0.017176
decod24-enable_126
original 0 338 581 357 243 2.000000 0.251000 0.025690
radd_250
original 0 3213 5865 3487 2652 2.000000 0.251000 4.156413
pm1_249
improve 0 1776 3105 1734 1329 2.000000 0.251000 0.114572
sf_274
improve 0 781 1402 884 618 2.000000 0.251000 0.667641
miller_11
original 0 50 77 50 27 2.000000 0.251000 0.004224
rd53_251
original 0 1291 2260 1352 969 2.000000 0.251000 0.085036
mlp4_245
original 0 18852 34923 20614 16071 2.000000 0.251000 27.957757
9symml_195
original 0 34881 63654 37895 28773 2.000000 0.251000 6.022656
rd84_142
original 0 343 622 235 279 2.000000 0.251000 0.090254
inc_237
original 0 10619 19583 11622 8964 2.000000 0.251000 1.389426
sqn_258
improve 0 10223 18653 10944 8418 2.000000 0.251000 4.978222
alu-v2_33
original 0 37 61 33 24 2.000000 0.251000 0.008233
sao2_257
improve 0 38577 72097 40203 33441 2.000000 0.251000 23.042630
co14_215
improve 0 17936 34391 18594 16398 2.000000 0.251000 15.873006
decod24-v1_41
original 0 85 178 124 93 2.000000 0.251000 0.024749
4mod5-v0_20
original 0 20 29 17 9 2.000000 0.251000 0.002305
alu-v4_37
original 0 37 58 33 21 2.000000 0.251000 0.003531
urf3_155
improve 0 423488 748773 433423 325218 2.000000 0.251000 40.335835
misex1_241
improve 0 4813 8632 5097 3819 2.000000 0.251000 0.490139
alu-v0_27
original 0 36 57 32 21 2.000000 0.251000 0.005450
4mod5-v1_24
original 0 36 72 39 36 2.000000 0.251000 0.010978
4mod7-v1_96
original 0 164 290 170 126 2.000000 0.251000 0.021168
cm82a_208
improve 0 650 1184 656 534 2.000000 0.251000 0.054052
ham15_107
improve 0 8763 16226 9826 7413 2.000000 0.251000 30.664171
0example
original 0 9 36 31 27 2.000000 0.251000 0.017404
dc1_220
original 0 1914 3555 2142 1641 2.000000 0.251000 0.153208
4gt4-v1_74
original 0 273 477 298 204 2.000000 0.251000 0.026571
rd32-v1_68
original 0 36 57 36 21 2.000000 0.251000 0.002582
decod24-v0_38
original 0 51 78 50 27 2.000000 0.251000 0.003622
sym6_316
original 0 270 513 272 243 2.000000 0.251000 0.052975
alu-v0_26
original 0 84 150 93 66 2.000000 0.251000 0.010332
clip_206
original 0 33827 63182 36192 29355 2.000000 0.251000 61.587088
4mod5-v0_18
original 0 69 111 72 42 2.000000 0.251000 0.017231
cm85a_209
improve 0 11414 21174 13127 9726 2.000000 0.251000 10.149933
alu-v4_36
original 0 115 193 121 78 2.000000 0.251000 0.014254
one-two-three-v0_97
improve 0 290 554 346 264 2.000000 0.251000 0.038940
4gt13_90
original 0 107 179 110 72 2.000000 0.251000 0.005941
mod5d2_64
original 0 53 86 56 33 2.000000 0.251000 0.005522
ground_state_estimation_10
improve 0 390180 470818 217883 80634 2.000000 0.251000 12.980115
C17_204
original 0 467 839 489 372 2.000000 0.251000 0.154709
4gt13_92
original 0 66 156 107 90 2.000000 0.251000 0.019493
rd53_130
original 0 1043 1787 1023 744 2.000000 0.251000 0.089073
alu-v3_34
original 0 52 82 52 30 2.000000 0.251000 0.004160
decod24-bdd_294
original 0 73 121 74 48 2.000000 0.251000 0.005591
4gt5_76
original 0 91 163 109 72 2.000000 0.251000 0.007678
sym9_146
improve 0 328 559 262 231 2.000000 0.251000 0.046502
4mod5-v1_22
original 0 21 33 21 12 2.000000 0.251000 0.002749
rd32_270
original 0 84 147 87 63 2.000000 0.251000 0.009715
hwb4_49
original 0 233 395 243 162 2.000000 0.251000 0.021497
urf5_280
original 0 49829 91328 54824 41499 2.000000 0.251000 6.263967
4gt5_77
original 0 131 218 129 87 2.000000 0.251000 0.023726
rd84_253
original 0 13658 25280 14358 11622 2.000000 0.251000 13.186718
4_49_16
improve 0 217 418 276 201 2.000000 0.251000 0.031701
qft_10
original 0 200 317 97 117 2.000000 0.251000 0.063050
4mod5-bdd_287
original 0 70 118 72 48 2.000000 0.251000 0.006898
qft_16
original 0 512 869 230 357 2.000000 0.251000 1.806903
urf1_149
original 0 184864 321097 184588 136233 2.000000 0.251000 16.229828
urf5_158
improve 0 164416 290459 170915 125994 2.000000 0.251000 20.071307
urf3_279
improve 0 125362 237269 144172 111867 2.000000 0.251000 20.999541
4gt12-v0_86
improve 0 251 425 243 174 2.000000 0.251000 0.055269
4gt4-v0_73
improve 0 395 686 419 291 2.000000 0.251000 0.023535
alu-v1_29
original 0 37 58 32 21 2.000000 0.251000 0.003899
alu-bdd_288
original 0 84 150 91 66 2.000000 0.251000 0.010022
decod24-v2_43
original 0 52 79 49 27 2.000000 0.251000 0.004327
mod8-10_178
original 0 342 603 350 261 2.000000 0.251000 0.030978
one-two-three-v0_98
original 0 146 302 199 156 2.000000 0.251000 0.063025
4gt4-v0_78
original 0 235 412 255 177 2.000000 0.251000 0.025836
4mod5-v0_19
original 0 35 56 35 21 2.000000 0.251000 0.003966
alu-v2_30
improve 0 504 903 562 399 2.000000 0.251000 0.042239
alu-v3_35
original 0 37 58 33 21 2.000000 0.251000 0.003746
dist_223
improve 0 38046 70170 40020 32100 2.000000 0.251000 11.722276
4gt4-v0_79
original 0 231 402 247 171 2.000000 0.251000 0.032325
hwb8_113
improve 0 69380 126931 77247 57438 2.000000 0.251000 24.266647
ex3_229
improve 0 403 754 470 351 2.000000 0.251000 0.056257
xor5_254
original 0 7 10 6 3 2.000000 0.251000 0.000987
f2_232
improve 0 1206 2229 1378 1023 2.000000 0.251000 0.153584
time:8309.951846