rd53_138
improve 0 132 231 119 99 5.000000 0.500000 0.019032
4gt13-v1_93
original 0 68 143 102 75 5.000000 0.500000 0.014715
mod5mils_65
original 0 35 59 39 24 5.000000 0.500000 0.003493
mod5d1_63
original 0 22 40 26 18 5.000000 0.500000 0.003803
sym10_262
improve 0 64283 116199 70253 51885 5.000000 0.500000 7.550321
aj-e11_165
original 0 151 259 152 108 5.000000 0.500000 0.027688
hwb9_119
improve 0 207775 367989 222758 160167 5.000000 0.500000 23.350198
4gt11_83
original 0 23 32 23 9 5.000000 0.500000 0.060189
cm42a_207
original 0 1776 3087 1803 1311 5.000000 0.500000 0.101453
4gt4-v0_72
original 0 258 444 262 186 5.000000 0.500000 0.020784
max46_240
original 0 27126 48543 28170 21417 5.000000 0.500000 2.089325
dc2_222
improve 0 9462 17205 10385 7737 5.000000 0.500000 2.592551
sym9_193
improve 0 34881 63291 38460 28404 5.000000 0.500000 3.749195
rd53_135
improve 0 296 515 302 219 5.000000 0.500000 0.031387
mod10_171
original 0 244 415 261 171 5.000000 0.500000 0.015873
ising_model_13
original 0 633 633 143 0 5.000000 0.500000 0.011275
adr4_197
original 0 3439 6307 3667 2868 5.000000 0.500000 0.369948
4gt11_84
original 0 18 27 17 9 5.000000 0.500000 0.003214
4gt11_82
original 0 27 42 33 15 5.000000 0.500000 0.002917
wim_266
original 0 986 1724 992 738 5.000000 0.500000 0.080106
rd53_131
original 0 469 853 523 384 5.000000 0.500000 0.033443
mod8-10_177
original 0 440 770 475 330 5.000000 0.500000 0.026736
4gt10-v1_81
original 0 148 247 152 99 5.000000 0.500000 0.013770
alu-v1_28
original 0 37 58 38 21 5.000000 0.500000 0.003659
cnt3-5_179
original 0 175 334 118 159 5.000000 0.500000 0.043363
square_root_7
improve 0 7630 13874 7537 6237 5.000000 0.500000 3.340406
one-two-three-v1_99
original 0 132 228 140 96 5.000000 0.500000 0.014016
mini_alu_305
original 0 173 311 156 138 5.000000 0.500000 0.024265
rd53_311
original 0 275 482 231 207 5.000000 0.500000 0.026246
3_17_13
original 0 36 54 35 18 5.000000 0.500000 0.003130
rd73_252
original 0 5321 9458 5530 4137 5.000000 0.500000 4.058489
4gt4-v0_80
original 0 179 314 192 135 5.000000 0.500000 0.016824
hwb7_59
original 0 24379 42283 25199 17904 5.000000 0.500000 1.495101
ham3_102
original 0 20 35 26 15 5.000000 0.500000 0.010304
cnt3-5_180
improve 0 485 857 417 372 5.000000 0.500000 0.048981
rd53_133
original 0 580 1069 663 489 5.000000 0.500000 0.106571
4mod7-v0_94
improve 0 162 351 245 189 5.000000 0.500000 0.021829
plus63mod4096_163
original 0 128744 234701 142337 105957 5.000000 0.500000 80.490406
mini-alu_167
original 0 288 480 307 192 5.000000 0.500000 0.052015
root_255
original 0 17159 30707 17356 13548 5.000000 0.500000 6.398189
z4_268
original 0 3073 5929 3525 2856 5.000000 0.500000 1.895090
majority_239
original 0 612 1164 753 552 5.000000 0.500000 67.139530
ex2_227
original 0 631 1222 774 591 5.000000 0.500000 0.140849
urf2_277
improve 0 20112 37086 22954 16956 5.000000 0.500000 5.538188
one-two-three-v3_101
original 0 70 115 73 45 5.000000 0.500000 0.011986
4gt13_91
original 0 103 169 108 66 5.000000 0.500000 0.008825
4gt12-v1_89
original 0 228 405 247 177 5.000000 0.500000 0.018669
sqrt8_260
original 0 3009 5439 3234 2430 5.000000 0.500000 0.535196
rd32-v0_66
original 0 34 55 37 21 5.000000 0.500000 0.004180
sym9_148
original 0 21504 38046 23212 16542 5.000000 0.500000 36.525786
4gt5_75
original 0 83 137 84 54 5.000000 0.500000 0.012791
0410184_169
improve 0 211 379 190 168 5.000000 0.500000 0.023009
urf2_152
improve 0 80480 138965 83094 58485 5.000000 0.500000 4.671689
urf1_278
improve 0 54766 99957 61842 45153 5.000000 0.500000 14.408250
sym6_145
improve 0 3888 6750 4170 2862 5.000000 0.500000 0.210522
alu-v2_32
original 0 163 286 180 123 5.000000 0.500000 0.008497
4gt12-v0_88
original 0 194 317 202 123 5.000000 0.500000 0.015116
squar5_261
improve 0 1993 3595 2083 1602 5.000000 0.500000 0.136689
alu-v2_31
original 0 451 757 471 306 5.000000 0.500000 0.026110
hwb5_53
original 0 1336 2269 1414 933 5.000000 0.500000 0.073708
one-two-three-v2_100
original 0 69 114 74 45 5.000000 0.500000 0.006563
cycle10_2_110
original 0 6050 11036 6742 4986 5.000000 0.500000 0.997208
urf6_160
improve 0 171840 314605 182203 142704 5.000000 0.500000 36.548598
ising_model_10
original 0 480 480 110 0 5.000000 0.500000 0.054813
sys6-v0_111
original 0 215 377 156 162 5.000000 0.500000 0.016925
plus63mod8192_164
improve 0 187112 340469 206888 153207 5.000000 0.500000 56.268422
mod5adder_127
improve 0 555 1014 651 459 5.000000 0.500000 0.091240
rd73_140
original 0 230 395 196 165 5.000000 0.500000 0.018979
4mod5-v1_23
original 0 69 120 80 51 5.000000 0.500000 0.006381
graycode6_47
original 0 5 5 5 0 5.000000 0.500000 0.000993
ising_model_16
original 0 786 786 176 0 5.000000 0.500000 0.010931
ham7_104
improve 0 320 662 437 342 5.000000 0.500000 0.128198
ex-1_166
original 0 19 31 21 12 5.000000 0.500000 0.002184
decod24-v3_45
original 0 150 303 191 153 5.000000 0.500000 0.077290
urf4_187
original 0 512064 920253 520090 408189 5.000000 0.500000 49.382192
life_238
improve 0 22445 40637 24528 18156 5.000000 0.500000 11.660224
con1_216
original 0 954 1764 1048 810 5.000000 0.500000 1.094236
hwb6_56
improve 0 6723 11805 7125 5082 5.000000 0.500000 0.433030
mod10_176
original 0 178 289 178 111 5.000000 0.500000 0.015545
ex1_226
original 0 7 10 5 3 5.000000 0.500000 0.001437
sf_276
original 0 778 1426 923 648 5.000000 0.500000 0.820810
cm152a_212
improve 0 1221 2406 1531 1185 5.000000 0.500000 0.200141
4gt12-v0_87
original 0 247 430 260 183 5.000000 0.500000 0.019089
decod24-enable_126
original 0 338 584 356 246 5.000000 0.500000 0.024793
radd_250
original 0 3213 5790 3433 2577 5.000000 0.500000 1.165740
pm1_249
original 0 1776 3087 1803 1311 5.000000 0.500000 0.106961
sf_274
improve 0 781 1552 1006 771 5.000000 0.500000 0.080471
miller_11
original 0 50 86 59 36 5.000000 0.500000 0.004711
rd53_251
original 0 1291 2266 1359 975 5.000000 0.500000 0.076457
mlp4_245
original 0 18852 34506 20557 15654 5.000000 0.500000 16.204598
9symml_195
improve 0 34881 63291 38460 28404 5.000000 0.500000 3.787076
rd84_142
original 0 343 610 232 267 5.000000 0.500000 0.095001
inc_237
original 0 10619 19187 11671 8568 5.000000 0.500000 1.168696
sqn_258
original 0 10223 18599 10999 8376 5.000000 0.500000 0.840446
alu-v2_33
original 0 37 61 39 24 5.000000 0.500000 0.007629
sao2_257
improve 0 38577 69420 38785 30840 5.000000 0.500000 4.526041
co14_215
original 0 17936 33500 17663 15564 5.000000 0.500000 6.204324
decod24-v1_41
original 0 85 178 119 93 5.000000 0.500000 0.019554
4mod5-v0_20
original 0 20 29 18 9 5.000000 0.500000 0.002253
alu-v4_37
original 0 37 58 37 21 5.000000 0.500000 0.003587
urf3_155
improve 0 423488 747324 438189 323790 5.000000 0.500000 40.551412
misex1_241
improve 0 4813 8473 5125 3660 5.000000 0.500000 0.409733
alu-v0_27
original 0 36 57 37 21 5.000000 0.500000 0.003093
4mod5-v1_24
original 0 36 75 41 39 5.000000 0.500000 0.010488
4mod7-v1_96
original 0 164 278 180 114 5.000000 0.500000 0.013779
cm82a_208
improve 0 650 1130 658 480 5.000000 0.500000 0.053696
ham15_107
improve 0 8763 16093 9976 7314 5.000000 0.500000 4.259677
0example
original 0 9 36 31 27 5.000000 0.500000 0.019239
dc1_220
improve 0 1914 3477 2069 1563 5.000000 0.500000 0.126305
4gt4-v1_74
original 0 273 468 286 195 5.000000 0.500000 0.019269
rd32-v1_68
original 0 36 57 37 21 5.000000 0.500000 0.002912
decod24-v0_38
original 0 51 84 54 33 5.000000 0.500000 0.005850
sym6_316
improve 0 270 516 277 246 5.000000 0.500000 0.032669
alu-v0_26
original 0 84 138 85 54 5.000000 0.500000 0.007209
clip_206
original 0 33827 62114 36179 28287 5.000000 0.500000 12.381286
4mod5-v0_18
original 0 69 111 72 42 5.000000 0.500000 0.014123
cm85a_209
original 0 11414 21587 13554 10173 5.000000 0.500000 2.866304
alu-v4_36
original 0 115 193 117 78 5.000000 0.500000 0.011955
one-two-three-v0_97
improve 0 290 578 373 288 5.000000 0.500000 0.044146
4gt13_90
original 0 107 179 116 72 5.000000 0.500000 0.011065
mod5d2_64
original 0 53 89 60 36 5.000000 0.500000 0.005894
ground_state_estimation_10
improve 0 390180 454209 202666 64029 5.000000 0.500000 11.698787
C17_204
original 0 467 815 480 348 5.000000 0.500000 0.141673
4gt13_92
original 0 66 156 105 90 5.000000 0.500000 0.014495
rd53_130
original 0 1043 1778 1065 735 5.000000 0.500000 0.067538
alu-v3_34
original 0 52 82 53 30 5.000000 0.500000 0.005052
decod24-bdd_294
original 0 73 118 72 45 5.000000 0.500000 0.008446
4gt5_76
original 0 91 163 114 72 5.000000 0.500000 0.008884
sym9_146
original 0 328 592 261 264 5.000000 0.500000 0.032925
4mod5-v1_22
original 0 21 33 21 12 5.000000 0.500000 0.002506
rd32_270
original 0 84 141 86 57 5.000000 0.500000 0.007277
hwb4_49
original 0 233 398 250 165 5.000000 0.500000 0.018090
urf5_280
improve 0 49829 89549 54355 39708 5.000000 0.500000 6.891571
4gt5_77
original 0 131 218 128 87 5.000000 0.500000 0.022571
rd84_253
improve 0 13658 25038 14584 11349 5.000000 0.500000 9.193064
4_49_16
improve 0 217 421 281 204 5.000000 0.500000 0.023994
qft_10
original 0 200 296 93 96 5.000000 0.500000 0.101681
4mod5-bdd_287
original 0 70 121 75 51 5.000000 0.500000 0.009408
qft_16
improve 0 512 953 275 405 5.000000 0.500000 5.718049
urf1_149
original 0 184864 320896 188602 136032 5.000000 0.500000 11.619933
urf5_158
improve 0 164416 292807 175628 128382 5.000000 0.500000 9.671281
urf3_279
original 0 125362 233881 142327 108519 5.000000 0.500000 33.502597
4gt12-v0_86
original 0 251 437 266 186 5.000000 0.500000 0.051216
4gt4-v0_73
original 0 395 689 438 294 5.000000 0.500000 0.021933
alu-v1_29
original 0 37 58 37 21 5.000000 0.500000 0.003715
alu-bdd_288
original 0 84 147 87 63 5.000000 0.500000 0.008751
decod24-v2_43
original 0 52 82 52 30 5.000000 0.500000 0.004488
mod8-10_178
original 0 342 573 345 231 5.000000 0.500000 0.022314
one-two-three-v0_98
improve 0 146 317 199 171 5.000000 0.500000 0.147740
4gt4-v0_78
original 0 235 418 268 183 5.000000 0.500000 0.024265
4mod5-v0_19
original 0 35 56 37 21 5.000000 0.500000 0.003921
alu-v2_30
improve 0 504 969 632 465 5.000000 0.500000 0.039342
alu-v3_35
original 0 37 58 37 21 5.000000 0.500000 0.003848
dist_223
improve 0 38046 69032 39658 30933 5.000000 0.500000 16.686494
4gt4-v0_79
original 0 231 414 260 183 5.000000 0.500000 0.031543
hwb8_113
improve 0 69380 124302 75789 54867 5.000000 0.500000 12.325735
ex3_229
improve 0 403 772 498 369 5.000000 0.500000 0.054326
xor5_254
original 0 7 10 5 3 5.000000 0.500000 0.000899
f2_232
original 0 1206 2253 1430 1047 5.000000 0.500000 0.305640
time:3342.721999