rd53_138
improve 0 132 231 111 99 9.000000 0.308110 0.014487
4gt13-v1_93
original 0 68 143 99 75 9.000000 0.308110 0.015569
mod5mils_65
original 0 35 59 40 24 9.000000 0.308110 0.003826
mod5d1_63
original 0 22 40 26 18 9.000000 0.308110 0.005186
sym10_262
improve 0 64283 116713 67325 52380 9.000000 0.308110 15.259598
aj-e11_165
original 0 151 259 165 108 9.000000 0.308110 0.030270
hwb9_119
improve 0 207775 368221 214110 160416 9.000000 0.308110 19.483048
4gt11_83
original 0 23 32 23 9 9.000000 0.308110 0.069872
cm42a_207
original 0 1776 3135 1721 1359 9.000000 0.308110 0.128591
4gt4-v0_72
original 0 258 450 256 192 9.000000 0.308110 0.027407
max46_240
improve 0 27126 48613 27643 21474 9.000000 0.308110 6.106100
dc2_222
improve 0 9462 17031 9754 7566 9.000000 0.308110 1.601812
sym9_193
improve 0 34881 62397 36289 27513 9.000000 0.308110 2.986932
rd53_135
original 0 296 509 271 213 9.000000 0.308110 0.031095
mod10_171
original 0 244 424 263 180 9.000000 0.308110 0.013597
ising_model_13
original 0 633 633 143 0 9.000000 0.308110 0.012582
adr4_197
original 0 3439 6388 3614 2949 9.000000 0.308110 0.666152
4gt11_84
original 0 18 27 17 9 9.000000 0.308110 0.003393
4gt11_82
original 0 27 42 33 15 9.000000 0.308110 0.003134
wim_266
improve 0 986 1736 946 750 9.000000 0.308110 0.108528
rd53_131
original 0 469 874 534 405 9.000000 0.308110 0.038649
mod8-10_177
improve 0 440 755 465 315 9.000000 0.308110 0.032536
4gt10-v1_81
original 0 148 268 169 120 9.000000 0.308110 0.013894
alu-v1_28
original 0 37 64 39 27 9.000000 0.308110 0.004310
cnt3-5_179
improve 0 175 349 139 168 9.000000 0.308110 0.981087
square_root_7
improve 0 7630 14131 7701 6492 9.000000 0.308110 2.755406
one-two-three-v1_99
original 0 132 240 148 108 9.000000 0.308110 0.015827
mini_alu_305
original 0 173 317 136 144 9.000000 0.308110 0.029293
rd53_311
improve 0 275 512 260 237 9.000000 0.308110 0.053346
3_17_13
original 0 36 54 35 18 9.000000 0.308110 0.003415
rd73_252
improve 0 5321 9332 5293 4011 9.000000 0.308110 0.380692
4gt4-v0_80
original 0 179 305 190 126 9.000000 0.308110 0.017422
hwb7_59
improve 0 24379 42400 24653 18021 9.000000 0.308110 1.561556
ham3_102
original 0 20 35 26 15 9.000000 0.308110 0.011135
cnt3-5_180
improve 0 485 857 431 372 9.000000 0.308110 0.056687
rd53_133
improve 0 580 1168 726 588 9.000000 0.308110 0.193681
4mod7-v0_94
original 0 162 354 245 192 9.000000 0.308110 0.039574
plus63mod4096_163
original 0 128744 233339 135387 104595 9.000000 0.308110 96.855163
mini-alu_167
original 0 288 501 309 213 9.000000 0.308110 0.055339
root_255
original 0 17159 30731 16571 13572 9.000000 0.308110 3.637092
z4_268
improve 0 3073 5842 3425 2766 9.000000 0.308110 0.828980
majority_239
improve 0 612 1179 708 555 9.000000 0.308110 6.016359
ex2_227
improve 0 631 1204 719 573 9.000000 0.308110 0.139719
urf2_277
improve 0 20112 37512 22823 17400 9.000000 0.308110 1.922344
one-two-three-v3_101
original 0 70 115 68 45 9.000000 0.308110 0.012877
4gt13_91
original 0 103 163 97 60 9.000000 0.308110 0.010530
4gt12-v1_89
improve 0 228 414 242 186 9.000000 0.308110 0.020086
sqrt8_260
original 0 3009 5349 2984 2340 9.000000 0.308110 1.676797
rd32-v0_66
original 0 34 55 37 21 9.000000 0.308110 0.004538
sym9_148
improve 0 21504 38861 22804 17343 9.000000 0.308110 6.691596
4gt5_75
original 0 83 137 81 54 9.000000 0.308110 0.014419
0410184_169
original 0 211 385 191 174 9.000000 0.308110 0.023400
urf2_152
improve 0 80480 140483 83308 60003 9.000000 0.308110 5.376799
urf1_278
improve 0 54766 101302 61528 46521 9.000000 0.308110 9.843368
sym6_145
improve 0 3888 6726 3994 2838 9.000000 0.308110 0.358712
alu-v2_32
original 0 163 280 166 117 9.000000 0.308110 0.016956
4gt12-v0_88
original 0 194 329 206 135 9.000000 0.308110 0.017709
squar5_261
original 0 1993 3514 1883 1521 9.000000 0.308110 0.142035
alu-v2_31
original 0 451 784 484 333 9.000000 0.308110 0.027893
hwb5_53
improve 0 1336 2344 1427 1008 9.000000 0.308110 0.082634
one-two-three-v2_100
original 0 69 114 72 45 9.000000 0.308110 0.007058
cycle10_2_110
improve 0 6050 10685 6235 4632 9.000000 0.308110 1.192540
urf6_160
improve 0 171840 313245 179090 141375 9.000000 0.308110 21.709591
ising_model_10
original 0 480 480 110 0 9.000000 0.308110 0.059376
sys6-v0_111
original 0 215 389 163 174 9.000000 0.308110 0.024236
plus63mod8192_164
improve 0 187112 338997 196073 151827 9.000000 0.308110 35.840123
mod5adder_127
original 0 555 1056 627 501 9.000000 0.308110 0.099605
rd73_140
original 0 230 404 192 174 9.000000 0.308110 0.026313
4mod5-v1_23
original 0 69 126 81 57 9.000000 0.308110 0.008044
graycode6_47
original 0 5 5 5 0 9.000000 0.308110 0.001014
ising_model_16
original 0 786 786 176 0 9.000000 0.308110 0.014425
ham7_104
improve 0 320 659 424 339 9.000000 0.308110 0.085096
ex-1_166
original 0 19 31 21 12 9.000000 0.308110 0.002300
decod24-v3_45
original 0 150 327 209 177 9.000000 0.308110 0.079930
urf4_187
improve 0 512064 909202 501113 397125 9.000000 0.308110 42.758079
life_238
original 0 22445 40634 23670 18189 9.000000 0.308110 57.257643
con1_216
improve 0 954 1815 1070 861 9.000000 0.308110 0.109143
hwb6_56
improve 0 6723 11739 6919 5016 9.000000 0.308110 0.469025
mod10_176
improve 0 178 304 186 126 9.000000 0.308110 0.017573
ex1_226
original 0 7 10 6 3 9.000000 0.308110 0.001588
sf_276
original 0 778 1429 890 651 9.000000 0.308110 0.131762
cm152a_212
improve 0 1221 2469 1500 1248 9.000000 0.308110 2.198597
4gt12-v0_87
improve 0 247 421 245 174 9.000000 0.308110 0.023239
decod24-enable_126
original 0 338 584 359 246 9.000000 0.308110 0.026853
radd_250
original 0 3213 5796 3402 2583 9.000000 0.308110 0.277448
pm1_249
original 0 1776 3135 1721 1359 9.000000 0.308110 0.132840
sf_274
improve 0 781 1450 881 669 9.000000 0.308110 0.124380
miller_11
original 0 50 86 59 36 9.000000 0.308110 0.005083
rd53_251
original 0 1291 2275 1274 984 9.000000 0.308110 0.086771
mlp4_245
improve 0 18852 33985 19287 15108 9.000000 0.308110 4.725379
9symml_195
improve 0 34881 62397 36289 27513 9.000000 0.308110 2.965374
rd84_142
improve 0 343 634 240 291 9.000000 0.308110 0.069137
inc_237
original 0 10619 19127 11060 8508 9.000000 0.308110 1.721423
sqn_258
original 0 10223 18395 10513 8172 9.000000 0.308110 1.305417
alu-v2_33
original 0 37 61 33 24 9.000000 0.308110 0.008614
sao2_257
original 0 38577 69672 36761 31095 9.000000 0.308110 14.464815
co14_215
improve 0 17936 33418 17344 15402 9.000000 0.308110 20.785363
decod24-v1_41
original 0 85 178 116 93 9.000000 0.308110 0.022240
4mod5-v0_20
original 0 20 32 19 12 9.000000 0.308110 0.002613
alu-v4_37
original 0 37 61 36 24 9.000000 0.308110 0.004014
urf3_155
improve 0 423488 751708 436677 328179 9.000000 0.308110 40.016146
misex1_241
original 0 4813 8623 4925 3810 9.000000 0.308110 0.478577
alu-v0_27
original 0 36 63 41 27 9.000000 0.308110 0.003560
4mod5-v1_24
original 0 36 75 41 39 9.000000 0.308110 0.012576
4mod7-v1_96
original 0 164 284 180 120 9.000000 0.308110 0.019013
cm82a_208
improve 0 650 1151 642 501 9.000000 0.308110 0.066030
ham15_107
improve 0 8763 15921 9537 7158 9.000000 0.308110 0.988784
0example
original 0 9 36 31 27 9.000000 0.308110 0.020580
dc1_220
original 0 1914 3546 2029 1632 9.000000 0.308110 0.202544
4gt4-v1_74
original 0 273 471 274 198 9.000000 0.308110 0.021685
rd32-v1_68
original 0 36 57 37 21 9.000000 0.308110 0.003524
decod24-v0_38
original 0 51 87 59 36 9.000000 0.308110 0.004799
sym6_316
original 0 270 498 274 228 9.000000 0.308110 0.035083
alu-v0_26
original 0 84 144 89 60 9.000000 0.308110 0.009686
clip_206
original 0 33827 61046 33525 27219 9.000000 0.308110 12.742503
4mod5-v0_18
original 0 69 120 81 51 9.000000 0.308110 0.016836
cm85a_209
improve 0 11414 20825 12369 9384 9.000000 0.308110 12.311494
alu-v4_36
original 0 115 202 126 87 9.000000 0.308110 0.013503
one-two-three-v0_97
original 0 290 584 366 294 9.000000 0.308110 0.051624
4gt13_90
original 0 107 170 104 63 9.000000 0.308110 0.010832
mod5d2_64
original 0 53 92 61 39 9.000000 0.308110 0.006604
ground_state_estimation_10
original 0 390180 440895 206409 50715 9.000000 0.308110 12.863878
C17_204
improve 0 467 791 446 324 9.000000 0.308110 0.154915
4gt13_92
original 0 66 156 102 90 9.000000 0.308110 0.013254
rd53_130
original 0 1043 1778 1042 735 9.000000 0.308110 0.067426
alu-v3_34
original 0 52 88 58 36 9.000000 0.308110 0.005960
decod24-bdd_294
original 0 73 118 75 45 9.000000 0.308110 0.007832
4gt5_76
original 0 91 157 99 66 9.000000 0.308110 0.009459
sym9_146
original 0 328 607 271 279 9.000000 0.308110 0.226072
4mod5-v1_22
original 0 21 33 22 12 9.000000 0.308110 0.002847
rd32_270
original 0 84 141 86 57 9.000000 0.308110 0.008950
hwb4_49
original 0 233 383 242 150 9.000000 0.308110 0.018025
urf5_280
improve 0 49829 91154 54607 41319 9.000000 0.308110 6.118072
4gt5_77
original 0 131 224 138 93 9.000000 0.308110 0.025053
rd84_253
original 0 13658 24848 13778 11190 9.000000 0.308110 4.793143
4_49_16
improve 0 217 424 277 207 9.000000 0.308110 0.030456
qft_10
original 0 200 302 104 102 9.000000 0.308110 1.424521
4mod5-bdd_287
original 0 70 127 75 57 9.000000 0.308110 0.010004
qft_16
original 0 512 923 315 411 9.000000 0.308110 5.332828
urf1_149
improve 0 184864 322114 188229 137250 9.000000 0.308110 12.747344
urf5_158
original 0 164416 287392 167599 122976 9.000000 0.308110 17.639179
urf3_279
improve 0 125362 234853 140209 109425 9.000000 0.308110 25.071070
4gt12-v0_86
original 0 251 431 254 180 9.000000 0.308110 0.052237
4gt4-v0_73
original 0 395 677 391 282 9.000000 0.308110 0.020003
alu-v1_29
original 0 37 64 41 27 9.000000 0.308110 0.004590
alu-bdd_288
original 0 84 153 94 69 9.000000 0.308110 0.010515
decod24-v2_43
original 0 52 82 52 30 9.000000 0.308110 0.004890
mod8-10_178
original 0 342 591 354 249 9.000000 0.308110 0.026748
one-two-three-v0_98
original 0 146 320 195 174 9.000000 0.308110 1.463973
4gt4-v0_78
original 0 235 421 257 186 9.000000 0.308110 0.019260
4mod5-v0_19
original 0 35 59 36 24 9.000000 0.308110 0.004119
alu-v2_30
improve 0 504 954 597 450 9.000000 0.308110 0.039112
alu-v3_35
original 0 37 61 36 24 9.000000 0.308110 0.004195
dist_223
improve 0 38046 69541 39236 31482 9.000000 0.308110 5.665174
4gt4-v0_79
original 0 231 408 247 177 9.000000 0.308110 0.026845
hwb8_113
original 0 69380 122096 71017 52716 9.000000 0.308110 6.238679
ex3_229
original 0 403 853 548 450 9.000000 0.308110 0.122343
xor5_254
original 0 7 10 6 3 9.000000 0.308110 0.000935
f2_232
improve 0 1206 2226 1336 1020 9.000000 0.308110 0.262745
time:39127.005319