rd53_138
original 0 132 228 113 96 8.000000 0.710000 0.088012
4gt13-v1_93
original 0 68 143 99 75 8.000000 0.710000 0.013401
mod5mils_65
original 0 35 59 39 24 8.000000 0.710000 0.003765
mod5d1_63
original 0 22 40 26 18 8.000000 0.710000 0.005218
sym10_262
improve 0 64283 115689 67203 51339 8.000000 0.710000 30.582135
aj-e11_165
original 0 151 259 165 108 8.000000 0.710000 0.030255
hwb9_119
improve 0 207775 363327 210925 155418 8.000000 0.710000 42.799967
4gt11_83
original 0 23 32 23 9 8.000000 0.710000 0.065090
cm42a_207
original 0 1776 3027 1730 1251 8.000000 0.710000 0.110811
4gt4-v0_72
original 0 258 435 243 177 8.000000 0.710000 0.025211
max46_240
improve 0 27126 47935 27143 20796 8.000000 0.710000 4.752195
dc2_222
improve 0 9462 16926 9819 7458 8.000000 0.710000 3.172169
sym9_193
improve 0 34881 62331 36379 27435 8.000000 0.710000 4.991064
rd53_135
original 0 296 500 304 204 8.000000 0.710000 0.033751
mod10_171
original 0 244 424 248 180 8.000000 0.710000 0.012944
ising_model_13
original 0 633 633 143 0 8.000000 0.710000 0.011024
adr4_197
original 0 3439 6328 3627 2889 8.000000 0.710000 1.245425
4gt11_84
original 0 18 27 17 9 8.000000 0.710000 0.003336
4gt11_82
original 0 27 42 33 15 8.000000 0.710000 0.003052
wim_266
improve 0 986 1703 941 717 8.000000 0.710000 0.076259
rd53_131
improve 0 469 850 542 381 8.000000 0.710000 0.070303
mod8-10_177
improve 0 440 746 453 306 8.000000 0.710000 0.029853
4gt10-v1_81
original 0 148 247 152 99 8.000000 0.710000 0.011939
alu-v1_28
original 0 37 61 39 24 8.000000 0.710000 0.004104
cnt3-5_179
original 0 175 343 128 168 8.000000 0.710000 0.032948
square_root_7
improve 0 7630 14509 7941 6867 8.000000 0.710000 3.721531
one-two-three-v1_99
original 0 132 234 150 102 8.000000 0.710000 0.015234
mini_alu_305
original 0 173 323 138 150 8.000000 0.710000 0.035536
rd53_311
original 0 275 524 264 249 8.000000 0.710000 0.037408
3_17_13
original 0 36 57 38 21 8.000000 0.710000 0.003401
rd73_252
improve 0 5321 9362 5240 4029 8.000000 0.710000 3.971302
4gt4-v0_80
original 0 179 308 196 129 8.000000 0.710000 0.016947
hwb7_59
original 0 24379 42064 24407 17685 8.000000 0.710000 1.636752
ham3_102
original 0 20 35 26 15 8.000000 0.710000 0.010307
cnt3-5_180
improve 0 485 845 423 360 8.000000 0.710000 0.053684
rd53_133
original 0 580 1102 678 522 8.000000 0.710000 0.111284
4mod7-v0_94
improve 0 162 327 216 165 8.000000 0.710000 0.021649
plus63mod4096_163
improve 0 128744 229900 134933 101037 8.000000 0.710000 41.839712
mini-alu_167
original 0 288 480 298 192 8.000000 0.710000 0.059980
root_255
improve 0 17159 30680 16811 13506 8.000000 0.710000 5.968061
z4_268
original 0 3073 5719 3298 2646 8.000000 0.710000 12.327611
majority_239
improve 0 612 1413 802 603 8.000000 0.710000 197.341107
ex2_227
original 0 631 1225 739 594 8.000000 0.710000 0.151298
urf2_277
improve 0 20112 37638 22970 17526 8.000000 0.710000 1.932711
one-two-three-v3_101
original 0 70 118 71 48 8.000000 0.710000 0.014067
4gt13_91
original 0 103 166 101 63 8.000000 0.710000 0.009462
4gt12-v1_89
original 0 228 408 230 180 8.000000 0.710000 0.020605
sqrt8_260
improve 0 3009 5361 3020 2352 8.000000 0.710000 0.295750
rd32-v0_66
original 0 34 55 37 21 8.000000 0.710000 0.004465
sym9_148
improve 0 21504 38260 22506 16752 8.000000 0.710000 2.706865
4gt5_75
original 0 83 140 82 57 8.000000 0.710000 0.015651
0410184_169
original 0 211 367 188 156 8.000000 0.710000 0.026226
urf2_152
original 0 80480 139043 81630 58563 8.000000 0.710000 4.899734
urf1_278
improve 0 54766 100429 61015 45663 8.000000 0.710000 4.855892
sym6_145
improve 0 3888 6720 4002 2802 8.000000 0.710000 5.973515
alu-v2_32
original 0 163 277 160 114 8.000000 0.710000 0.008742
4gt12-v0_88
original 0 194 326 198 132 8.000000 0.710000 0.015282
squar5_261
original 0 1993 3481 1917 1488 8.000000 0.710000 0.171518
alu-v2_31
original 0 451 730 445 279 8.000000 0.710000 0.030365
hwb5_53
improve 0 1336 2338 1413 1002 8.000000 0.710000 0.078755
one-two-three-v2_100
original 0 69 114 73 45 8.000000 0.710000 0.006940
cycle10_2_110
original 0 6050 11126 6657 5076 8.000000 0.710000 0.478742
urf6_160
improve 0 171840 310983 177366 139125 8.000000 0.710000 18.049256
ising_model_10
original 0 480 480 110 0 8.000000 0.710000 0.056983
sys6-v0_111
original 0 215 368 151 153 8.000000 0.710000 0.020880
plus63mod8192_164
original 0 187112 334931 196411 147819 8.000000 0.710000 56.102873
mod5adder_127
improve 0 555 1017 634 462 8.000000 0.710000 0.090648
rd73_140
original 0 230 395 191 165 8.000000 0.710000 0.018481
4mod5-v1_23
original 0 69 123 80 54 8.000000 0.710000 0.007395
graycode6_47
original 0 5 5 5 0 8.000000 0.710000 0.000999
ising_model_16
original 0 786 786 176 0 8.000000 0.710000 0.013818
ham7_104
original 0 320 632 389 312 8.000000 0.710000 0.089444
ex-1_166
original 0 19 31 21 12 8.000000 0.710000 0.002245
decod24-v3_45
original 0 150 303 185 153 8.000000 0.710000 0.084336
urf4_187
original 0 512064 885234 479537 373170 8.000000 0.710000 42.226035
life_238
improve 0 22445 39842 23414 17397 8.000000 0.710000 1.903299
con1_216
improve 0 954 1767 1022 813 8.000000 0.710000 0.197686
hwb6_56
original 0 6723 11589 6801 4866 8.000000 0.710000 0.385824
mod10_176
original 0 178 283 175 105 8.000000 0.710000 0.013341
ex1_226
original 0 7 10 5 3 8.000000 0.710000 0.001458
sf_276
original 0 778 1537 947 759 8.000000 0.710000 0.906832
cm152a_212
original 0 1221 2370 1408 1149 8.000000 0.710000 1.634430
4gt12-v0_87
improve 0 247 430 252 183 8.000000 0.710000 0.019685
decod24-enable_126
original 0 338 578 345 240 8.000000 0.710000 0.027729
radd_250
improve 0 3213 5655 3255 2442 8.000000 0.710000 0.238184
pm1_249
original 0 1776 3027 1730 1251 8.000000 0.710000 0.116647
sf_274
original 0 781 1489 934 708 8.000000 0.710000 0.085732
miller_11
original 0 50 89 62 39 8.000000 0.710000 0.003880
rd53_251
original 0 1291 2227 1278 936 8.000000 0.710000 0.074496
mlp4_245
improve 0 18852 33766 19470 14901 8.000000 0.710000 4.479813
9symml_195
improve 0 34881 62331 36379 27435 8.000000 0.710000 4.982653
rd84_142
improve 0 343 622 251 279 8.000000 0.710000 0.097692
inc_237
improve 0 10619 18857 10993 8226 8.000000 0.710000 5.490212
sqn_258
original 0 10223 18278 10396 8055 8.000000 0.710000 11.814164
alu-v2_33
original 0 37 61 39 24 8.000000 0.710000 0.006976
sao2_257
original 0 38577 69072 37268 30495 8.000000 0.710000 8.498944
co14_215
improve 0 17936 33470 17763 15504 8.000000 0.710000 22.848537
decod24-v1_41
original 0 85 178 116 93 8.000000 0.710000 0.020973
4mod5-v0_20
original 0 20 29 18 9 8.000000 0.710000 0.002343
alu-v4_37
original 0 37 58 37 21 8.000000 0.710000 0.003825
urf3_155
improve 0 423488 745607 430487 322104 8.000000 0.710000 32.615921
misex1_241
improve 0 4813 8461 4866 3636 8.000000 0.710000 1.881890
alu-v0_27
original 0 36 57 37 21 8.000000 0.710000 0.003284
4mod5-v1_24
original 0 36 75 41 39 8.000000 0.710000 0.011161
4mod7-v1_96
improve 0 164 281 172 117 8.000000 0.710000 0.019302
cm82a_208
original 0 650 1109 628 459 8.000000 0.710000 0.055808
ham15_107
improve 0 8763 15950 9608 7170 8.000000 0.710000 6.656573
0example
original 0 9 36 31 27 8.000000 0.710000 0.018985
dc1_220
improve 0 1914 3519 2070 1605 8.000000 0.710000 0.137829
4gt4-v1_74
original 0 273 465 276 192 8.000000 0.710000 0.021520
rd32-v1_68
original 0 36 57 37 21 8.000000 0.710000 0.003376
decod24-v0_38
original 0 51 87 59 36 8.000000 0.710000 0.005138
sym6_316
original 0 270 507 269 237 8.000000 0.710000 0.034429
alu-v0_26
original 0 84 138 80 54 8.000000 0.710000 0.008956
clip_206
improve 0 33827 60995 35034 27159 8.000000 0.710000 5.209687
4mod5-v0_18
original 0 69 114 74 45 8.000000 0.710000 0.016239
cm85a_209
improve 0 11414 20915 12671 9486 8.000000 0.710000 5.147286
alu-v4_36
original 0 115 193 118 78 8.000000 0.710000 0.013558
one-two-three-v0_97
improve 0 290 554 342 264 8.000000 0.710000 0.032451
4gt13_90
original 0 107 170 103 63 8.000000 0.710000 0.011577
mod5d2_64
original 0 53 98 63 45 8.000000 0.710000 0.005858
ground_state_estimation_10
original 0 390180 442026 206409 51846 8.000000 0.710000 12.379100
C17_204
original 0 467 803 463 336 8.000000 0.710000 0.150198
4gt13_92
original 0 66 156 102 90 8.000000 0.710000 0.014900
rd53_130
original 0 1043 1757 1014 714 8.000000 0.710000 0.063261
alu-v3_34
original 0 52 85 53 33 8.000000 0.710000 0.005463
decod24-bdd_294
original 0 73 118 73 45 8.000000 0.710000 0.007450
4gt5_76
original 0 91 154 99 63 8.000000 0.710000 0.008862
sym9_146
original 0 328 568 257 240 8.000000 0.710000 0.882692
4mod5-v1_22
original 0 21 33 21 12 8.000000 0.710000 0.002762
rd32_270
original 0 84 138 87 54 8.000000 0.710000 0.008049
hwb4_49
original 0 233 392 239 159 8.000000 0.710000 0.017993
urf5_280
improve 0 49829 89993 53982 40137 8.000000 0.710000 11.286476
4gt5_77
original 0 131 221 135 90 8.000000 0.710000 0.023858
rd84_253
improve 0 13658 24425 13681 10722 8.000000 0.710000 9.724047
4_49_16
improve 0 217 418 272 201 8.000000 0.710000 0.023473
qft_10
original 0 200 326 147 126 8.000000 0.710000 0.173252
4mod5-bdd_287
original 0 70 121 71 51 8.000000 0.710000 0.008146
qft_16
original 0 512 902 318 390 8.000000 0.710000 1.200235
urf1_149
original 0 184864 320584 185202 135720 8.000000 0.710000 11.431800
urf5_158
original 0 164416 290212 168616 125796 8.000000 0.710000 10.248558
urf3_279
improve 0 125362 234229 140854 108765 8.000000 0.710000 33.352417
4gt12-v0_86
original 0 251 440 262 189 8.000000 0.710000 0.050339
4gt4-v0_73
original 0 395 677 395 282 8.000000 0.710000 0.019579
alu-v1_29
original 0 37 58 37 21 8.000000 0.710000 0.003911
alu-bdd_288
original 0 84 147 93 63 8.000000 0.710000 0.007795
decod24-v2_43
original 0 52 82 51 30 8.000000 0.710000 0.004365
mod8-10_178
improve 0 342 576 337 234 8.000000 0.710000 0.025933
one-two-three-v0_98
improve 0 146 323 188 177 8.000000 0.710000 0.081453
4gt4-v0_78
original 0 235 409 240 174 8.000000 0.710000 0.017447
4mod5-v0_19
original 0 35 59 38 24 8.000000 0.710000 0.003957
alu-v2_30
original 0 504 1014 609 510 8.000000 0.710000 0.043760
alu-v3_35
original 0 37 58 37 21 8.000000 0.710000 0.003967
dist_223
improve 0 38046 67848 37522 29793 8.000000 0.710000 5.771105
4gt4-v0_79
original 0 231 399 239 168 8.000000 0.710000 0.025374
hwb8_113
improve 0 69380 120287 70551 50904 8.000000 0.710000 5.211805
ex3_229
improve 0 403 793 469 390 8.000000 0.710000 0.068774
xor5_254
original 0 7 10 5 3 8.000000 0.710000 0.000936
f2_232
improve 0 1206 2247 1366 1041 8.000000 0.710000 0.131346
time:23589.495792