rd53_138
original 0 132 234 114 102 6.000000 1.000000 0.009902
4gt13-v1_93
original 0 68 143 102 75 6.000000 1.000000 0.013795
mod5mils_65
original 0 35 59 39 24 6.000000 1.000000 0.003671
mod5d1_63
original 0 22 40 26 18 6.000000 1.000000 0.005042
sym10_262
original 0 64283 116687 69532 52404 6.000000 1.000000 26.096042
aj-e11_165
original 0 151 265 161 114 6.000000 1.000000 0.031782
hwb9_119
improve 0 207775 369888 222264 162066 6.000000 1.000000 19.947683
4gt11_83
original 0 23 32 23 9 6.000000 1.000000 0.063387
cm42a_207
original 0 1776 3135 1806 1359 6.000000 1.000000 0.115723
4gt4-v0_72
improve 0 258 450 268 192 6.000000 1.000000 0.020122
max46_240
original 0 27126 48303 27716 21177 6.000000 1.000000 3.543458
dc2_222
original 0 9462 17289 10298 7827 6.000000 1.000000 0.870037
sym9_193
improve 0 34881 63204 38488 28272 6.000000 1.000000 11.373535
rd53_135
improve 0 296 524 315 228 6.000000 1.000000 0.040521
mod10_171
original 0 244 424 260 180 6.000000 1.000000 0.021343
ising_model_13
original 0 633 633 143 0 6.000000 1.000000 0.011694
adr4_197
improve 0 3439 6388 3733 2949 6.000000 1.000000 0.345175
4gt11_84
original 0 18 27 17 9 6.000000 1.000000 0.003337
4gt11_82
original 0 27 42 33 15 6.000000 1.000000 0.003198
wim_266
improve 0 986 1706 978 720 6.000000 1.000000 0.072369
rd53_131
original 0 469 865 542 396 6.000000 1.000000 1.789085
mod8-10_177
original 0 440 761 458 321 6.000000 1.000000 0.029892
4gt10-v1_81
original 0 148 253 158 105 6.000000 1.000000 0.012487
alu-v1_28
original 0 37 61 39 24 6.000000 1.000000 0.004040
cnt3-5_179
original 0 175 358 147 183 6.000000 1.000000 0.914725
square_root_7
improve 0 7630 14284 7880 6630 6.000000 1.000000 6.199746
one-two-three-v1_99
original 0 132 222 141 90 6.000000 1.000000 0.014088
mini_alu_305
improve 0 173 314 160 141 6.000000 1.000000 0.021979
rd53_311
original 0 275 503 246 228 6.000000 1.000000 0.036803
3_17_13
original 0 36 54 35 18 6.000000 1.000000 0.003222
rd73_252
original 0 5321 9572 5572 4251 6.000000 1.000000 0.381526
4gt4-v0_80
original 0 179 314 193 135 6.000000 1.000000 0.018712
hwb7_59
original 0 24379 42475 25345 18096 6.000000 1.000000 1.492275
ham3_102
original 0 20 35 26 15 6.000000 1.000000 0.010424
cnt3-5_180
improve 0 485 845 419 360 6.000000 1.000000 0.047072
rd53_133
original 0 580 1078 673 498 6.000000 1.000000 0.107199
4mod7-v0_94
improve 0 162 351 246 189 6.000000 1.000000 0.022613
plus63mod4096_163
improve 0 128744 234540 141579 105708 6.000000 1.000000 40.136964
mini-alu_167
original 0 288 489 302 201 6.000000 1.000000 0.052917
root_255
original 0 17159 31016 17291 13857 6.000000 1.000000 2.982178
z4_268
original 0 3073 5749 3409 2676 6.000000 1.000000 0.599844
majority_239
original 0 612 1176 756 564 6.000000 1.000000 138.847366
ex2_227
original 0 631 1237 776 606 6.000000 1.000000 0.340405
urf2_277
improve 0 20112 37497 22967 17385 6.000000 1.000000 1.885607
one-two-three-v3_101
original 0 70 124 78 54 6.000000 1.000000 0.016135
4gt13_91
original 0 103 163 101 60 6.000000 1.000000 0.008582
4gt12-v1_89
original 0 228 402 243 174 6.000000 1.000000 0.017535
sqrt8_260
improve 0 3009 5478 3201 2469 6.000000 1.000000 0.226255
rd32-v0_66
original 0 34 55 37 21 6.000000 1.000000 0.004473
sym9_148
original 0 21504 39540 24446 18036 6.000000 1.000000 2.912216
4gt5_75
original 0 83 131 80 48 6.000000 1.000000 0.014512
0410184_169
original 0 211 373 197 162 6.000000 1.000000 0.024526
urf2_152
improve 0 80480 138983 82973 58503 6.000000 1.000000 4.749412
urf1_278
original 0 54766 100792 61563 46026 6.000000 1.000000 13.073634
sym6_145
improve 0 3888 6678 4065 2790 6.000000 1.000000 0.227397
alu-v2_32
original 0 163 280 174 117 6.000000 1.000000 0.008503
4gt12-v0_88
original 0 194 332 201 138 6.000000 1.000000 0.017525
squar5_261
improve 0 1993 3523 2013 1530 6.000000 1.000000 0.128427
alu-v2_31
original 0 451 757 472 306 6.000000 1.000000 0.028096
hwb5_53
improve 0 1336 2320 1452 984 6.000000 1.000000 0.077368
one-two-three-v2_100
original 0 69 114 74 45 6.000000 1.000000 0.006818
cycle10_2_110
original 0 6050 10931 6582 4881 6.000000 1.000000 1.550977
urf6_160
original 0 171840 312036 181061 140196 6.000000 1.000000 31.400398
ising_model_10
original 0 480 480 110 0 6.000000 1.000000 0.057131
sys6-v0_111
original 0 215 368 153 153 6.000000 1.000000 0.018650
plus63mod8192_164
original 0 187112 342098 206182 154986 6.000000 1.000000 90.938401
mod5adder_127
original 0 555 1002 616 447 6.000000 1.000000 0.091972
rd73_140
original 0 230 395 189 165 6.000000 1.000000 0.016227
4mod5-v1_23
original 0 69 120 78 51 6.000000 1.000000 0.006633
graycode6_47
original 0 5 5 5 0 6.000000 1.000000 0.001000
ising_model_16
original 0 786 786 176 0 6.000000 1.000000 0.013182
ham7_104
original 0 320 653 420 333 6.000000 1.000000 0.089010
ex-1_166
original 0 19 31 21 12 6.000000 1.000000 0.002269
decod24-v3_45
original 0 150 303 191 153 6.000000 1.000000 0.080296
urf4_187
original 0 512064 896871 498726 384807 6.000000 1.000000 44.312077
life_238
improve 0 22445 40994 24849 18528 6.000000 1.000000 8.174247
con1_216
original 0 954 1791 1067 837 6.000000 1.000000 0.163627
hwb6_56
improve 0 6723 11910 7208 5187 6.000000 1.000000 0.431564
mod10_176
original 0 178 289 177 111 6.000000 1.000000 0.016063
ex1_226
original 0 7 10 5 3 6.000000 1.000000 0.001431
sf_276
original 0 778 1474 920 696 6.000000 1.000000 0.097884
cm152a_212
original 0 1221 2535 1643 1314 6.000000 1.000000 10.508808
4gt12-v0_87
original 0 247 424 251 177 6.000000 1.000000 0.021479
decod24-enable_126
original 0 338 575 352 237 6.000000 1.000000 0.023270
radd_250
original 0 3213 5904 3470 2691 6.000000 1.000000 0.251362
pm1_249
original 0 1776 3135 1806 1359 6.000000 1.000000 0.123577
sf_274
improve 0 781 1408 888 627 6.000000 1.000000 0.074583
miller_11
original 0 50 86 59 36 6.000000 1.000000 0.004766
rd53_251
original 0 1291 2275 1359 984 6.000000 1.000000 0.081986
mlp4_245
improve 0 18852 34739 20597 15831 6.000000 1.000000 22.642487
9symml_195
improve 0 34881 63204 38488 28272 6.000000 1.000000 11.530539
rd84_142
original 0 343 613 224 270 6.000000 1.000000 0.059646
inc_237
improve 0 10619 19227 11684 8601 6.000000 1.000000 5.843538
sqn_258
original 0 10223 18269 10651 8046 6.000000 1.000000 2.649157
alu-v2_33
original 0 37 61 39 24 6.000000 1.000000 0.008028
sao2_257
improve 0 38577 70047 38933 31431 6.000000 1.000000 9.308671
co14_215
original 0 17936 34886 18656 16950 6.000000 1.000000 7.626263
decod24-v1_41
original 0 85 178 119 93 6.000000 1.000000 0.023134
4mod5-v0_20
original 0 20 29 18 9 6.000000 1.000000 0.001390
alu-v4_37
original 0 37 58 37 21 6.000000 1.000000 0.003444
urf3_155
original 0 423488 746345 435682 322857 6.000000 1.000000 40.513377
misex1_241
original 0 4813 8572 5191 3759 6.000000 1.000000 0.547203
alu-v0_27
original 0 36 57 37 21 6.000000 1.000000 0.003376
4mod5-v1_24
original 0 36 75 41 39 6.000000 1.000000 0.011033
4mod7-v1_96
original 0 164 278 180 114 6.000000 1.000000 0.012619
cm82a_208
improve 0 650 1148 672 498 6.000000 1.000000 0.042365
ham15_107
improve 0 8763 16095 9725 7323 6.000000 1.000000 4.557400
0example
original 0 9 36 31 27 6.000000 1.000000 0.018448
dc1_220
improve 0 1914 3408 2032 1494 6.000000 1.000000 0.132403
4gt4-v1_74
improve 0 273 471 286 198 6.000000 1.000000 0.021241
rd32-v1_68
original 0 36 57 37 21 6.000000 1.000000 0.003503
decod24-v0_38
original 0 51 84 52 33 6.000000 1.000000 0.005039
sym6_316
original 0 270 489 262 219 6.000000 1.000000 0.024697
alu-v0_26
original 0 84 141 88 57 6.000000 1.000000 0.009071
clip_206
original 0 33827 62732 36563 28905 6.000000 1.000000 16.258577
4mod5-v0_18
original 0 69 111 69 42 6.000000 1.000000 0.016372
cm85a_209
improve 0 11414 21698 13714 10230 6.000000 1.000000 38.086600
alu-v4_36
original 0 115 196 125 81 6.000000 1.000000 0.012995
one-two-three-v0_97
improve 0 290 545 334 255 6.000000 1.000000 0.027744
4gt13_90
original 0 107 173 109 66 6.000000 1.000000 0.009404
mod5d2_64
original 0 53 92 60 39 6.000000 1.000000 0.005938
ground_state_estimation_10
improve 0 390180 446388 193598 56208 6.000000 1.000000 12.131871
C17_204
improve 0 467 809 476 342 6.000000 1.000000 0.140152
4gt13_92
original 0 66 156 105 90 6.000000 1.000000 0.014874
rd53_130
original 0 1043 1754 1012 711 6.000000 1.000000 0.062784
alu-v3_34
original 0 52 85 53 33 6.000000 1.000000 0.005480
decod24-bdd_294
original 0 73 121 71 48 6.000000 1.000000 0.007363
4gt5_76
original 0 91 157 108 66 6.000000 1.000000 0.008689
sym9_146
original 0 328 577 251 249 6.000000 1.000000 0.028969
4mod5-v1_22
original 0 21 33 21 12 6.000000 1.000000 0.002729
rd32_270
original 0 84 141 87 57 6.000000 1.000000 0.008423
hwb4_49
original 0 233 404 247 171 6.000000 1.000000 0.018915
urf5_280
original 0 49829 90431 54689 40602 6.000000 1.000000 9.913265
4gt5_77
original 0 131 215 130 84 6.000000 1.000000 0.023583
rd84_253
improve 0 13658 25023 14359 11328 6.000000 1.000000 11.367777
4_49_16
improve 0 217 418 278 201 6.000000 1.000000 0.019436
qft_10
improve 0 200 314 106 114 6.000000 1.000000 0.051212
4mod5-bdd_287
original 0 70 118 67 48 6.000000 1.000000 0.008435
qft_16
improve 0 512 938 276 375 6.000000 1.000000 18.258675
urf1_149
improve 0 184864 320656 188067 135792 6.000000 1.000000 11.786505
urf5_158
improve 0 164416 291798 172076 127371 6.000000 1.000000 11.642822
urf3_279
improve 0 125362 240693 146678 115257 6.000000 1.000000 22.104539
4gt12-v0_86
original 0 251 428 255 177 6.000000 1.000000 0.053304
4gt4-v0_73
original 0 395 686 432 291 6.000000 1.000000 0.023561
alu-v1_29
original 0 37 58 37 21 6.000000 1.000000 0.003972
alu-bdd_288
original 0 84 147 88 63 6.000000 1.000000 0.009863
decod24-v2_43
original 0 52 82 51 30 6.000000 1.000000 0.004741
mod8-10_178
improve 0 342 594 352 252 6.000000 1.000000 0.025139
one-two-three-v0_98
original 0 146 317 200 171 6.000000 1.000000 0.079410
4gt4-v0_78
original 0 235 412 254 177 6.000000 1.000000 0.028924
4mod5-v0_19
original 0 35 59 38 24 6.000000 1.000000 0.003927
alu-v2_30
improve 0 504 954 621 450 6.000000 1.000000 0.041026
alu-v3_35
original 0 37 58 37 21 6.000000 1.000000 0.003958
dist_223
original 0 38046 69072 39128 31026 6.000000 1.000000 11.239324
4gt4-v0_79
original 0 231 393 237 162 6.000000 1.000000 0.036166
hwb8_113
original 0 69380 121805 73061 52425 6.000000 1.000000 4.449049
ex3_229
original 0 403 892 595 489 6.000000 1.000000 0.293820
xor5_254
original 0 7 10 5 3 6.000000 1.000000 0.001047
f2_232
original 0 1206 2250 1416 1044 6.000000 1.000000 0.263978
time:14370.435734