rd53_138
improve 0 132 222 110 90 2.000000 0.510000 0.011889
4gt13-v1_93
improve 0 68 146 89 78 2.000000 0.510000 0.020910
mod5mils_65
original 0 35 53 33 18 2.000000 0.510000 0.003358
mod5d1_63
original 0 22 40 26 18 2.000000 0.510000 0.005064
sym10_262
improve 0 64283 123303 74739 58878 2.000000 0.510000 37.467588
aj-e11_165
original 0 151 253 150 102 2.000000 0.510000 0.029069
hwb9_119
original 0 207775 376315 225212 168540 2.000000 0.510000 86.630406
4gt11_83
original 0 23 32 23 9 2.000000 0.510000 0.061490
cm42a_207
improve 0 1776 3126 1792 1350 2.000000 0.510000 0.112021
4gt4-v0_72
original 0 258 435 240 177 2.000000 0.510000 0.021360
max46_240
improve 0 27126 49435 28482 22287 2.000000 0.510000 7.861371
dc2_222
original 0 9462 17352 10404 7890 2.000000 0.510000 1.415656
sym9_193
improve 0 34881 64098 38401 29154 2.000000 0.510000 16.810046
rd53_135
improve 0 296 533 310 237 2.000000 0.510000 0.029886
mod10_171
original 0 244 439 286 195 2.000000 0.510000 0.020509
ising_model_13
original 0 633 633 143 0 2.000000 0.510000 0.009848
adr4_197
improve 0 3439 6606 3820 3141 2.000000 0.510000 4.108881
4gt11_84
original 0 18 27 17 9 2.000000 0.510000 0.003255
4gt11_82
original 0 27 39 30 12 2.000000 0.510000 0.002683
wim_266
improve 0 986 1721 990 735 2.000000 0.510000 0.072142
rd53_131
improve 0 469 847 552 378 2.000000 0.510000 0.040919
mod8-10_177
original 0 440 725 438 285 2.000000 0.510000 0.027639
4gt10-v1_81
original 0 148 250 154 102 2.000000 0.510000 0.011562
alu-v1_28
original 0 37 61 39 24 2.000000 0.510000 0.003859
cnt3-5_179
original 0 175 340 129 165 2.000000 0.510000 0.159772
square_root_7
improve 0 7630 14560 8135 6900 2.000000 0.510000 13.222963
one-two-three-v1_99
original 0 132 213 133 81 2.000000 0.510000 0.012048
mini_alu_305
original 0 173 299 134 126 2.000000 0.510000 0.020698
rd53_311
improve 0 275 503 250 228 2.000000 0.510000 0.031833
3_17_13
original 0 36 54 35 18 2.000000 0.510000 0.003001
rd73_252
improve 0 5321 9695 5740 4374 2.000000 0.510000 0.541829
4gt4-v0_80
original 0 179 305 184 126 2.000000 0.510000 0.017558
hwb7_59
improve 0 24379 43066 25510 18675 2.000000 0.510000 5.804517
ham3_102
original 0 20 29 20 9 2.000000 0.510000 0.009477
cnt3-5_180
original 0 485 890 446 405 2.000000 0.510000 0.062920
rd53_133
original 0 580 1189 743 609 2.000000 0.510000 0.265906
4mod7-v0_94
improve 0 162 333 221 171 2.000000 0.510000 0.031163
plus63mod4096_163
original 0 128744 238841 143439 110097 2.000000 0.510000 55.997392
mini-alu_167
original 0 288 489 286 201 2.000000 0.510000 0.058429
root_255
original 0 17159 32066 18076 14907 2.000000 0.510000 21.110482
z4_268
improve 0 3073 5825 3418 2727 2.000000 0.510000 5.741101
majority_239
improve 0 612 1137 711 525 2.000000 0.510000 0.169547
ex2_227
improve 0 631 1168 709 537 2.000000 0.510000 0.069423
urf2_277
improve 0 20112 37518 23030 17406 2.000000 0.510000 1.898055
one-two-three-v3_101
original 0 70 124 74 54 2.000000 0.510000 0.013311
4gt13_91
improve 0 103 184 122 81 2.000000 0.510000 0.013546
4gt12-v1_89
improve 0 228 387 226 159 2.000000 0.510000 0.016524
sqrt8_260
improve 0 3009 5601 3352 2592 2.000000 0.510000 0.553847
rd32-v0_66
original 0 34 55 36 21 2.000000 0.510000 0.004198
sym9_148
improve 0 21504 40571 24742 18951 2.000000 0.510000 23.117727
4gt5_75
original 0 83 128 75 45 2.000000 0.510000 0.014022
0410184_169
original 0 211 379 190 168 2.000000 0.510000 0.025309
urf2_152
improve 0 80480 139712 81879 59232 2.000000 0.510000 5.000826
urf1_278
original 0 54766 102229 61946 47463 2.000000 0.510000 7.908823
sym6_145
original 0 3888 6858 4137 2970 2.000000 0.510000 0.287831
alu-v2_32
original 0 163 280 180 117 2.000000 0.510000 0.013569
4gt12-v0_88
original 0 194 326 192 132 2.000000 0.510000 0.013815
squar5_261
original 0 1993 3601 2045 1608 2.000000 0.510000 0.190904
alu-v2_31
improve 0 451 760 458 309 2.000000 0.510000 0.029572
hwb5_53
improve 0 1336 2350 1435 1014 2.000000 0.510000 0.082663
one-two-three-v2_100
original 0 69 117 71 48 2.000000 0.510000 0.006727
cycle10_2_110
improve 0 6050 11606 7182 5550 2.000000 0.510000 3.406288
urf6_160
improve 0 171840 315949 180629 144036 2.000000 0.510000 38.570816
ising_model_10
original 0 480 480 110 0 2.000000 0.510000 0.056896
sys6-v0_111
original 0 215 392 164 177 2.000000 0.510000 0.031038
plus63mod8192_164
improve 0 187112 348090 211292 160611 2.000000 0.510000 157.006513
mod5adder_127
original 0 555 1011 615 456 2.000000 0.510000 0.110728
rd73_140
original 0 230 404 190 174 2.000000 0.510000 0.021028
4mod5-v1_23
original 0 69 114 75 45 2.000000 0.510000 0.006276
graycode6_47
original 0 5 5 5 0 2.000000 0.510000 0.000988
ising_model_16
original 0 786 786 176 0 2.000000 0.510000 0.009893
ham7_104
improve 0 320 668 437 348 2.000000 0.510000 0.081248
ex-1_166
original 0 19 28 18 9 2.000000 0.510000 0.002057
decod24-v3_45
original 0 150 306 191 156 2.000000 0.510000 0.033051
urf4_187
improve 0 512064 923877 521552 411681 2.000000 0.510000 70.668266
life_238
improve 0 22445 41048 24804 18588 2.000000 0.510000 6.026022
con1_216
original 0 954 1773 1039 819 2.000000 0.510000 10.774166
hwb6_56
original 0 6723 11889 7083 5166 2.000000 0.510000 0.557314
mod10_176
improve 0 178 295 174 117 2.000000 0.510000 0.016446
ex1_226
original 0 7 10 5 3 2.000000 0.510000 0.001454
sf_276
improve 0 778 1429 897 651 2.000000 0.510000 0.139345
cm152a_212
improve 0 1221 2349 1447 1125 2.000000 0.510000 1.088470
4gt12-v0_87
improve 0 247 418 240 171 2.000000 0.510000 0.018983
decod24-enable_126
improve 0 338 581 351 243 2.000000 0.510000 0.025352
radd_250
original 0 3213 5862 3499 2649 2.000000 0.510000 0.371212
pm1_249
improve 0 1776 3126 1792 1350 2.000000 0.510000 0.118398
sf_274
improve 0 781 1489 997 708 2.000000 0.510000 0.094032
miller_11
original 0 50 77 50 27 2.000000 0.510000 0.004062
rd53_251
original 0 1291 2275 1374 984 2.000000 0.510000 0.108992
mlp4_245
improve 0 18852 35095 20757 16170 2.000000 0.510000 19.129477
9symml_195
improve 0 34881 64098 38401 29154 2.000000 0.510000 16.646836
rd84_142
improve 0 343 628 253 285 2.000000 0.510000 0.319449
inc_237
original 0 10619 19724 11774 9105 2.000000 0.510000 2.029740
sqn_258
improve 0 10223 18602 10991 8370 2.000000 0.510000 1.997335
alu-v2_33
original 0 37 61 39 24 2.000000 0.510000 0.007960
sao2_257
improve 0 38577 72023 40188 33360 2.000000 0.510000 36.513111
co14_215
improve 0 17936 34566 18442 16563 2.000000 0.510000 17.280299
decod24-v1_41
original 0 85 190 130 105 2.000000 0.510000 0.025721
4mod5-v0_20
original 0 20 29 18 9 2.000000 0.510000 0.002277
alu-v4_37
original 0 37 58 37 21 2.000000 0.510000 0.003557
urf3_155
improve 0 423488 751168 432490 327612 2.000000 0.510000 39.648588
misex1_241
original 0 4813 8629 5167 3816 2.000000 0.510000 0.453368
alu-v0_27
original 0 36 57 37 21 2.000000 0.510000 0.003231
4mod5-v1_24
original 0 36 72 35 36 2.000000 0.510000 0.010200
4mod7-v1_96
original 0 164 281 180 117 2.000000 0.510000 0.016950
cm82a_208
original 0 650 1139 631 489 2.000000 0.510000 0.056662
ham15_107
improve 0 8763 16002 9690 7236 2.000000 0.510000 1.972237
0example
original 0 9 39 34 30 2.000000 0.510000 0.019235
dc1_220
improve 0 1914 3393 1995 1479 2.000000 0.510000 0.136735
4gt4-v1_74
original 0 273 471 287 198 2.000000 0.510000 0.022104
rd32-v1_68
original 0 36 57 36 21 2.000000 0.510000 0.003197
decod24-v0_38
original 0 51 78 49 27 2.000000 0.510000 0.004316
sym6_316
original 0 270 510 264 240 2.000000 0.510000 0.026066
alu-v0_26
original 0 84 138 81 54 2.000000 0.510000 0.007569
clip_206
improve 0 33827 62629 36387 28695 2.000000 0.510000 32.309702
4mod5-v0_18
original 0 69 111 71 42 2.000000 0.510000 0.014886
cm85a_209
improve 0 11414 21488 13335 10035 2.000000 0.510000 14.895293
alu-v4_36
original 0 115 196 121 81 2.000000 0.510000 0.013269
one-two-three-v0_97
improve 0 290 578 364 288 2.000000 0.510000 0.036312
4gt13_90
improve 0 107 188 126 81 2.000000 0.510000 0.015441
mod5d2_64
original 0 53 92 62 39 2.000000 0.510000 0.005623
ground_state_estimation_10
original 0 390180 469944 218623 79764 2.000000 0.510000 11.657010
C17_204
improve 0 467 836 492 369 2.000000 0.510000 0.153253
4gt13_92
improve 0 66 156 96 90 2.000000 0.510000 0.020505
rd53_130
improve 0 1043 1823 1058 780 2.000000 0.510000 0.076002
alu-v3_34
original 0 52 85 53 33 2.000000 0.510000 0.004524
decod24-bdd_294
original 0 73 118 71 45 2.000000 0.510000 0.005610
4gt5_76
original 0 91 157 108 66 2.000000 0.510000 0.009181
sym9_146
improve 0 328 577 261 249 2.000000 0.510000 0.045413
4mod5-v1_22
original 0 21 33 21 12 2.000000 0.510000 0.002660
rd32_270
original 0 84 147 91 63 2.000000 0.510000 0.010617
hwb4_49
improve 0 233 398 250 165 2.000000 0.510000 0.019347
urf5_280
improve 0 49829 91460 54937 41607 2.000000 0.510000 9.308138
4gt5_77
original 0 131 218 132 87 2.000000 0.510000 0.024073
rd84_253
improve 0 13658 25387 14725 11685 2.000000 0.510000 19.292117
4_49_16
improve 0 217 430 284 213 2.000000 0.510000 0.036228
qft_10
improve 0 200 291 94 87 2.000000 0.510000 0.812934
4mod5-bdd_287
original 0 70 121 71 51 2.000000 0.510000 0.006621
qft_16
improve 0 512 934 292 369 2.000000 0.510000 30.375494
urf1_149
original 0 184864 321160 184587 136296 2.000000 0.510000 16.226571
urf5_158
improve 0 164416 293056 170286 128598 2.000000 0.510000 17.386957
urf3_279
improve 0 125362 237713 144262 112305 2.000000 0.510000 23.141084
4gt12-v0_86
improve 0 251 425 245 174 2.000000 0.510000 0.050061
4gt4-v0_73
original 0 395 689 432 294 2.000000 0.510000 0.032062
alu-v1_29
original 0 37 58 37 21 2.000000 0.510000 0.003807
alu-bdd_288
original 0 84 150 93 66 2.000000 0.510000 0.009417
decod24-v2_43
original 0 52 79 48 27 2.000000 0.510000 0.004158
mod8-10_178
improve 0 342 606 350 264 2.000000 0.510000 0.029128
one-two-three-v0_98
improve 0 146 284 174 138 2.000000 0.510000 0.075201
4gt4-v0_78
improve 0 235 397 242 162 2.000000 0.510000 0.020315
4mod5-v0_19
original 0 35 56 35 21 2.000000 0.510000 0.003536
alu-v2_30
improve 0 504 939 575 435 2.000000 0.510000 0.058770
alu-v3_35
original 0 37 58 37 21 2.000000 0.510000 0.003730
dist_223
improve 0 38046 69804 40280 31647 2.000000 0.510000 34.499802
4gt4-v0_79
improve 0 231 387 235 156 2.000000 0.510000 0.026000
hwb8_113
improve 0 69380 127707 76776 58197 2.000000 0.510000 29.112051
ex3_229
improve 0 403 745 457 342 2.000000 0.510000 0.119840
xor5_254
original 0 7 10 5 3 2.000000 0.510000 0.000941
f2_232
improve 0 1206 2304 1503 1098 2.000000 0.510000 0.249408
time:15999.295951