rd53_138
original 0 132 225 110 93 4.000000 0.808110 0.014294
4gt13-v1_93
original 0 68 143 102 75 4.000000 0.808110 0.015033
mod5mils_65
original 0 35 59 40 24 4.000000 0.808110 0.003663
mod5d1_63
original 0 22 40 26 18 4.000000 0.808110 0.005153
sym10_262
improve 0 64283 121363 73336 56970 4.000000 0.808110 25.829493
aj-e11_165
original 0 151 265 162 114 4.000000 0.808110 0.029669
hwb9_119
original 0 207775 371170 221740 163395 4.000000 0.808110 30.273564
4gt11_83
original 0 23 32 23 9 4.000000 0.808110 0.064773
cm42a_207
improve 0 1776 3123 1795 1347 4.000000 0.808110 0.123996
4gt4-v0_72
improve 0 258 447 268 189 4.000000 0.808110 0.018939
max46_240
improve 0 27126 48824 28107 21690 4.000000 0.808110 4.404087
dc2_222
original 0 9462 17193 10301 7731 4.000000 0.808110 2.329989
sym9_193
original 0 34881 63321 37567 28440 4.000000 0.808110 4.205355
rd53_135
original 0 296 533 318 237 4.000000 0.808110 0.035674
mod10_171
original 0 244 442 268 198 4.000000 0.808110 0.016213
ising_model_13
original 0 633 633 143 0 4.000000 0.808110 0.005719
adr4_197
original 0 3439 6652 3851 3213 4.000000 0.808110 0.475925
4gt11_84
original 0 18 27 17 9 4.000000 0.808110 0.003458
4gt11_82
original 0 27 39 30 12 4.000000 0.808110 0.002749
wim_266
improve 0 986 1694 965 708 4.000000 0.808110 0.067674
rd53_131
original 0 469 850 506 381 4.000000 0.808110 0.042122
mod8-10_177
original 0 440 770 481 330 4.000000 0.808110 0.029601
4gt10-v1_81
original 0 148 262 170 114 4.000000 0.808110 0.013564
alu-v1_28
original 0 37 61 39 24 4.000000 0.808110 0.004026
cnt3-5_179
improve 0 175 349 134 174 4.000000 0.808110 0.037198
square_root_7
original 0 7630 14542 8073 6912 4.000000 0.808110 3.296280
one-two-three-v1_99
original 0 132 234 151 102 4.000000 0.808110 0.010084
mini_alu_305
improve 0 173 323 147 150 4.000000 0.808110 0.029970
rd53_311
original 0 275 524 259 249 4.000000 0.808110 0.026847
3_17_13
original 0 36 57 38 21 4.000000 0.808110 0.003335
rd73_252
improve 0 5321 9656 5625 4323 4.000000 0.808110 2.744589
4gt4-v0_80
original 0 179 311 199 132 4.000000 0.808110 0.017019
hwb7_59
improve 0 24379 42790 25334 18411 4.000000 0.808110 1.500715
ham3_102
original 0 20 35 26 15 4.000000 0.808110 0.009485
cnt3-5_180
original 0 485 893 446 408 4.000000 0.808110 0.058397
rd53_133
original 0 580 1090 687 510 4.000000 0.808110 0.046649
4mod7-v0_94
improve 0 162 336 225 174 4.000000 0.808110 0.022593
plus63mod4096_163
improve 0 128744 235133 141242 106266 4.000000 0.808110 40.169726
mini-alu_167
original 0 288 483 282 195 4.000000 0.808110 0.059981
root_255
improve 0 17159 31595 17798 14406 4.000000 0.808110 9.671450
z4_268
original 0 3073 5857 3486 2784 4.000000 0.808110 8.741335
majority_239
improve 0 612 1407 856 636 4.000000 0.808110 154.220671
ex2_227
original 0 631 1237 784 606 4.000000 0.808110 0.110687
urf2_277
original 0 20112 37782 23161 17670 4.000000 0.808110 1.821999
one-two-three-v3_101
original 0 70 115 71 45 4.000000 0.808110 0.012706
4gt13_91
original 0 103 169 104 66 4.000000 0.808110 0.008155
4gt12-v1_89
original 0 228 411 253 183 4.000000 0.808110 0.018304
sqrt8_260
original 0 3009 5445 3197 2436 4.000000 0.808110 0.264786
rd32-v0_66
original 0 34 55 37 21 4.000000 0.808110 0.004328
sym9_148
improve 0 21504 38991 23697 17481 4.000000 0.808110 2.427865
4gt5_75
original 0 83 137 79 54 4.000000 0.808110 0.015069
0410184_169
original 0 211 382 186 171 4.000000 0.808110 0.024700
urf2_152
original 0 80480 140012 82387 59532 4.000000 0.808110 7.912970
urf1_278
original 0 54766 101209 61570 46443 4.000000 0.808110 5.354245
sym6_145
improve 0 3888 6756 4121 2868 4.000000 0.808110 0.223822
alu-v2_32
original 0 163 286 177 123 4.000000 0.808110 0.009150
4gt12-v0_88
original 0 194 326 193 132 4.000000 0.808110 0.013867
squar5_261
improve 0 1993 3569 2041 1572 4.000000 0.808110 0.580412
alu-v2_31
original 0 451 763 472 312 4.000000 0.808110 0.031332
hwb5_53
improve 0 1336 2329 1443 993 4.000000 0.808110 0.071029
one-two-three-v2_100
original 0 69 114 73 45 4.000000 0.808110 0.006675
cycle10_2_110
original 0 6050 11279 6927 5229 4.000000 0.808110 20.305082
urf6_160
improve 0 171840 313782 179227 141930 4.000000 0.808110 17.822117
ising_model_10
original 0 480 480 110 0 4.000000 0.808110 0.059348
sys6-v0_111
original 0 215 374 154 159 4.000000 0.808110 0.019300
plus63mod8192_164
improve 0 187112 342462 205619 155265 4.000000 0.808110 38.964604
mod5adder_127
improve 0 555 987 626 432 4.000000 0.808110 0.092927
rd73_140
original 0 230 395 182 165 4.000000 0.808110 0.017519
4mod5-v1_23
original 0 69 123 78 54 4.000000 0.808110 0.007236
graycode6_47
original 0 5 5 5 0 4.000000 0.808110 0.001157
ising_model_16
original 0 786 786 176 0 4.000000 0.808110 0.011734
ham7_104
original 0 320 650 408 330 4.000000 0.808110 0.032300
ex-1_166
original 0 19 31 21 12 4.000000 0.808110 0.002295
decod24-v3_45
original 0 150 303 191 153 4.000000 0.808110 0.086744
urf4_187
improve 0 512064 907254 508553 395151 4.000000 0.808110 37.481829
life_238
improve 0 22445 40643 24552 18198 4.000000 0.808110 1.730666
con1_216
improve 0 954 1776 1038 822 4.000000 0.808110 0.174938
hwb6_56
improve 0 6723 11859 7133 5136 4.000000 0.808110 0.362559
mod10_176
original 0 178 298 184 120 4.000000 0.808110 0.009795
ex1_226
original 0 7 10 5 3 4.000000 0.808110 0.002122
sf_276
original 0 778 1450 864 672 4.000000 0.808110 0.788277
cm152a_212
improve 0 1221 2244 1380 1023 4.000000 0.808110 0.158388
4gt12-v0_87
original 0 247 424 249 177 4.000000 0.808110 0.020030
decod24-enable_126
original 0 338 593 365 255 4.000000 0.808110 0.023991
radd_250
original 0 3213 5805 3433 2592 4.000000 0.808110 0.369179
pm1_249
improve 0 1776 3123 1795 1347 4.000000 0.808110 0.110080
sf_274
improve 0 781 1441 916 660 4.000000 0.808110 0.065018
miller_11
original 0 50 89 62 39 4.000000 0.808110 0.003574
rd53_251
original 0 1291 2224 1339 933 4.000000 0.808110 0.090216
mlp4_245
improve 0 18852 34929 20733 16068 4.000000 0.808110 2.672032
9symml_195
original 0 34881 63321 37567 28440 4.000000 0.808110 4.131620
rd84_142
original 0 343 643 241 300 4.000000 0.808110 0.083695
inc_237
improve 0 10619 19402 11786 8775 4.000000 0.808110 2.327620
sqn_258
original 0 10223 18383 10686 8160 4.000000 0.808110 4.678923
alu-v2_33
original 0 37 61 39 24 4.000000 0.808110 0.005162
sao2_257
improve 0 38577 70543 39011 31938 4.000000 0.808110 10.083660
co14_215
original 0 17936 33761 17614 15825 4.000000 0.808110 5.198509
decod24-v1_41
improve 0 85 181 122 96 4.000000 0.808110 0.018223
4mod5-v0_20
original 0 20 29 18 9 4.000000 0.808110 0.002452
alu-v4_37
original 0 37 58 37 21 4.000000 0.808110 0.003731
urf3_155
original 0 423488 752513 432732 329025 4.000000 0.808110 60.319427
misex1_241
original 0 4813 8590 5157 3777 4.000000 0.808110 0.434410
alu-v0_27
original 0 36 57 37 21 4.000000 0.808110 0.003352
4mod5-v1_24
original 0 36 75 37 39 4.000000 0.808110 0.011123
4mod7-v1_96
original 0 164 293 191 129 4.000000 0.808110 0.024645
cm82a_208
improve 0 650 1124 625 474 4.000000 0.808110 0.089822
ham15_107
original 0 8763 16107 9654 7344 4.000000 0.808110 1.686543
0example
original 0 9 39 34 30 4.000000 0.808110 0.019341
dc1_220
improve 0 1914 3590 2223 1671 4.000000 0.808110 0.472280
4gt4-v1_74
original 0 273 486 293 213 4.000000 0.808110 0.021505
rd32-v1_68
original 0 36 57 37 21 4.000000 0.808110 0.003304
decod24-v0_38
original 0 51 84 52 33 4.000000 0.808110 0.004755
sym6_316
improve 0 270 525 287 255 4.000000 0.808110 0.040208
alu-v0_26
original 0 84 144 85 60 4.000000 0.808110 0.008842
clip_206
original 0 33827 62189 35948 28362 4.000000 0.808110 28.046041
4mod5-v0_18
original 0 69 111 72 42 4.000000 0.808110 0.015638
cm85a_209
original 0 11414 21155 12738 9741 4.000000 0.808110 1.508963
alu-v4_36
original 0 115 193 117 78 4.000000 0.808110 0.012456
one-two-three-v0_97
improve 0 290 572 359 282 4.000000 0.808110 0.029090
4gt13_90
original 0 107 179 111 72 4.000000 0.808110 0.010634
mod5d2_64
original 0 53 92 58 39 4.000000 0.808110 0.005401
ground_state_estimation_10
original 0 390180 457794 206598 67614 4.000000 0.808110 11.900054
C17_204
original 0 467 818 489 351 4.000000 0.808110 0.146238
4gt13_92
original 0 66 156 105 90 4.000000 0.808110 0.014837
rd53_130
improve 0 1043 1796 1051 753 4.000000 0.808110 0.060187
alu-v3_34
original 0 52 85 53 33 4.000000 0.808110 0.005454
decod24-bdd_294
original 0 73 118 71 45 4.000000 0.808110 0.006876
4gt5_76
original 0 91 163 114 72 4.000000 0.808110 0.009592
sym9_146
improve 0 328 583 267 255 4.000000 0.808110 0.025947
4mod5-v1_22
original 0 21 33 21 12 4.000000 0.808110 0.002807
rd32_270
original 0 84 144 91 60 4.000000 0.808110 0.008526
hwb4_49
original 0 233 401 251 168 4.000000 0.808110 0.014760
urf5_280
improve 0 49829 90811 55056 40971 4.000000 0.808110 5.443002
4gt5_77
original 0 131 218 127 87 4.000000 0.808110 0.023594
rd84_253
improve 0 13658 25155 14291 11484 4.000000 0.808110 3.297101
4_49_16
improve 0 217 436 285 210 4.000000 0.808110 2.192600
qft_10
improve 0 200 314 129 114 4.000000 0.808110 0.099170
4mod5-bdd_287
original 0 70 121 70 51 4.000000 0.808110 0.007804
qft_16
improve 0 512 902 264 348 4.000000 0.808110 5.995040
urf1_149
improve 0 184864 322072 187005 137208 4.000000 0.808110 11.074215
urf5_158
improve 0 164416 293539 173264 129087 4.000000 0.808110 14.546170
urf3_279
improve 0 125362 236394 143752 110964 4.000000 0.808110 26.270058
4gt12-v0_86
original 0 251 434 259 183 4.000000 0.808110 0.053387
4gt4-v0_73
original 0 395 689 438 294 4.000000 0.808110 0.018178
alu-v1_29
original 0 37 58 37 21 4.000000 0.808110 0.003839
alu-bdd_288
improve 0 84 150 94 66 4.000000 0.808110 0.010365
decod24-v2_43
original 0 52 82 52 30 4.000000 0.808110 0.004524
mod8-10_178
improve 0 342 606 361 264 4.000000 0.808110 0.025928
one-two-three-v0_98
original 0 146 308 190 162 4.000000 0.808110 1.573453
4gt4-v0_78
original 0 235 409 246 174 4.000000 0.808110 0.022858
4mod5-v0_19
original 0 35 59 39 24 4.000000 0.808110 0.002207
alu-v2_30
original 0 504 975 608 471 4.000000 0.808110 0.038805
alu-v3_35
original 0 37 58 37 21 4.000000 0.808110 0.003051
dist_223
improve 0 38046 69539 39423 31485 4.000000 0.808110 7.551967
4gt4-v0_79
original 0 231 399 235 168 4.000000 0.808110 0.031141
hwb8_113
original 0 69380 122069 72620 52689 4.000000 0.808110 4.178911
ex3_229
improve 0 403 793 486 390 4.000000 0.808110 0.067011
xor5_254
original 0 7 10 5 3 4.000000 0.808110 0.001004
f2_232
improve 0 1206 2172 1321 966 4.000000 0.808110 0.106833
time:14155.277034