rd53_138
improve 0 132 231 114 99 6.000000 0.521000 0.016032
4gt13-v1_93
original 0 68 143 102 75 6.000000 0.521000 0.012385
mod5mils_65
original 0 35 59 39 24 6.000000 0.521000 0.003785
mod5d1_63
original 0 22 40 26 18 6.000000 0.521000 0.005258
sym10_262
improve 0 64283 117679 70645 53301 6.000000 0.521000 25.216744
aj-e11_165
original 0 151 265 161 114 6.000000 0.521000 0.043081
hwb9_119
improve 0 207775 370065 222474 162270 6.000000 0.521000 18.790681
4gt11_83
original 0 23 32 23 9 6.000000 0.521000 0.074199
cm42a_207
original 0 1776 3135 1806 1359 6.000000 0.521000 0.131175
4gt4-v0_72
improve 0 258 450 268 192 6.000000 0.521000 0.020412
max46_240
improve 0 27126 48681 28187 21549 6.000000 0.521000 3.452378
dc2_222
original 0 9462 17289 10298 7827 6.000000 0.521000 0.994803
sym9_193
improve 0 34881 63099 37561 28209 6.000000 0.521000 3.861964
rd53_135
original 0 296 524 312 228 6.000000 0.521000 0.036327
mod10_171
original 0 244 424 260 180 6.000000 0.521000 0.021275
ising_model_13
original 0 633 633 143 0 6.000000 0.521000 0.011611
adr4_197
original 0 3439 6385 3691 2946 6.000000 0.521000 0.625853
4gt11_84
original 0 18 27 17 9 6.000000 0.521000 0.003501
4gt11_82
original 0 27 42 33 15 6.000000 0.521000 0.002019
wim_266
improve 0 986 1703 975 717 6.000000 0.521000 0.069971
rd53_131
original 0 469 886 566 417 6.000000 0.521000 0.050702
mod8-10_177
original 0 440 761 458 321 6.000000 0.521000 0.043096
4gt10-v1_81
original 0 148 253 158 105 6.000000 0.521000 0.011472
alu-v1_28
original 0 37 61 39 24 6.000000 0.521000 0.003398
cnt3-5_179
original 0 175 349 137 174 6.000000 0.521000 0.952548
square_root_7
improve 0 7630 14145 7707 6474 6.000000 0.521000 13.957526
one-two-three-v1_99
original 0 132 222 141 90 6.000000 0.521000 0.015266
mini_alu_305
improve 0 173 314 160 141 6.000000 0.521000 0.024523
rd53_311
original 0 275 503 246 228 6.000000 0.521000 0.039179
3_17_13
original 0 36 54 35 18 6.000000 0.521000 0.003258
rd73_252
original 0 5321 9572 5572 4251 6.000000 0.521000 0.452449
4gt4-v0_80
original 0 179 314 193 135 6.000000 0.521000 0.017704
hwb7_59
original 0 24379 42475 25345 18096 6.000000 0.521000 1.510312
ham3_102
original 0 20 35 26 15 6.000000 0.521000 0.011264
cnt3-5_180
improve 0 485 845 419 360 6.000000 0.521000 0.049124
rd53_133
original 0 580 1078 673 498 6.000000 0.521000 0.086565
4mod7-v0_94
original 0 162 357 247 195 6.000000 0.521000 0.025328
plus63mod4096_163
improve 0 128744 234540 141579 105708 6.000000 0.521000 40.871274
mini-alu_167
original 0 288 489 302 201 6.000000 0.521000 0.054358
root_255
improve 0 17159 31178 17487 14019 6.000000 0.521000 1.686621
z4_268
original 0 3073 5773 3391 2700 6.000000 0.521000 0.610071
majority_239
improve 0 612 1266 788 630 6.000000 0.521000 14.999552
ex2_227
original 0 631 1213 753 582 6.000000 0.521000 0.081009
urf2_277
improve 0 20112 37497 22967 17385 6.000000 0.521000 1.980161
one-two-three-v3_101
original 0 70 124 78 54 6.000000 0.521000 0.014219
4gt13_91
original 0 103 163 101 60 6.000000 0.521000 0.010196
4gt12-v1_89
original 0 228 402 243 174 6.000000 0.521000 0.019679
sqrt8_260
original 0 3009 5424 3229 2415 6.000000 0.521000 0.221678
rd32-v0_66
original 0 34 55 37 21 6.000000 0.521000 0.004597
sym9_148
improve 0 21504 39771 25020 18219 6.000000 0.521000 9.902325
4gt5_75
original 0 83 131 80 48 6.000000 0.521000 0.010638
0410184_169
original 0 211 373 197 162 6.000000 0.521000 0.028143
urf2_152
improve 0 80480 138983 82973 58503 6.000000 0.521000 4.786419
urf1_278
original 0 54766 100390 61270 45624 6.000000 0.521000 8.217723
sym6_145
improve 0 3888 6678 4065 2790 6.000000 0.521000 0.229898
alu-v2_32
original 0 163 280 174 117 6.000000 0.521000 0.008778
4gt12-v0_88
original 0 194 332 201 138 6.000000 0.521000 0.018030
squar5_261
improve 0 1993 3523 2013 1530 6.000000 0.521000 0.129296
alu-v2_31
original 0 451 757 472 306 6.000000 0.521000 0.031530
hwb5_53
improve 0 1336 2320 1450 984 6.000000 0.521000 0.076247
one-two-three-v2_100
original 0 69 114 74 45 6.000000 0.521000 0.006800
cycle10_2_110
original 0 6050 11099 6675 5049 6.000000 0.521000 0.529907
urf6_160
original 0 171840 312036 181061 140196 6.000000 0.521000 32.131312
ising_model_10
original 0 480 480 110 0 6.000000 0.521000 0.078137
sys6-v0_111
improve 0 215 380 174 165 6.000000 0.521000 0.022690
plus63mod8192_164
original 0 187112 342098 206182 154986 6.000000 0.521000 92.726385
mod5adder_127
improve 0 555 1014 630 459 6.000000 0.521000 0.100519
rd73_140
improve 0 230 395 201 165 6.000000 0.521000 0.023568
4mod5-v1_23
original 0 69 120 78 51 6.000000 0.521000 0.007763
graycode6_47
original 0 5 5 5 0 6.000000 0.521000 0.001020
ising_model_16
original 0 786 786 176 0 6.000000 0.521000 0.007036
ham7_104
original 0 320 632 393 312 6.000000 0.521000 0.088207
ex-1_166
original 0 19 31 21 12 6.000000 0.521000 0.001665
decod24-v3_45
original 0 150 336 212 186 6.000000 0.521000 0.042202
urf4_187
improve 0 512064 902965 513528 390843 6.000000 0.521000 43.447029
life_238
original 0 22445 40898 24665 18453 6.000000 0.521000 18.475754
con1_216
original 0 954 1818 1110 864 6.000000 0.521000 0.153123
hwb6_56
improve 0 6723 11781 7098 5058 6.000000 0.521000 0.391428
mod10_176
original 0 178 289 177 111 6.000000 0.521000 0.016259
ex1_226
original 0 7 10 5 3 6.000000 0.521000 0.001449
sf_276
original 0 778 1537 980 759 6.000000 0.521000 0.581511
cm152a_212
original 0 1221 2421 1542 1200 6.000000 0.521000 1.157585
4gt12-v0_87
original 0 247 424 251 177 6.000000 0.521000 0.023440
decod24-enable_126
original 0 338 575 352 237 6.000000 0.521000 0.020127
radd_250
original 0 3213 5904 3470 2691 6.000000 0.521000 0.273628
pm1_249
original 0 1776 3135 1806 1359 6.000000 0.521000 0.145587
sf_274
improve 0 781 1477 916 693 6.000000 0.521000 0.462765
miller_11
original 0 50 86 59 36 6.000000 0.521000 0.003883
rd53_251
original 0 1291 2275 1359 984 6.000000 0.521000 0.112830
mlp4_245
improve 0 18852 34996 20666 16029 6.000000 0.521000 54.546914
9symml_195
improve 0 34881 63099 37561 28209 6.000000 0.521000 3.881620
rd84_142
original 0 343 622 244 279 6.000000 0.521000 0.135737
inc_237
improve 0 10619 19331 11723 8712 6.000000 0.521000 1.389034
sqn_258
original 0 10223 18389 10691 8166 6.000000 0.521000 3.736030
alu-v2_33
original 0 37 61 39 24 6.000000 0.521000 0.007418
sao2_257
improve 0 38577 70047 38933 31431 6.000000 0.521000 9.475917
co14_215
improve 0 17936 33734 17912 15702 6.000000 0.521000 31.136083
decod24-v1_41
original 0 85 178 119 93 6.000000 0.521000 0.020622
4mod5-v0_20
original 0 20 29 18 9 6.000000 0.521000 0.002449
alu-v4_37
original 0 37 58 37 21 6.000000 0.521000 0.003833
urf3_155
original 0 423488 746345 435682 322857 6.000000 0.521000 41.448346
misex1_241
original 0 4813 8572 5191 3759 6.000000 0.521000 0.550441
alu-v0_27
original 0 36 57 37 21 6.000000 0.521000 0.003880
4mod5-v1_24
original 0 36 75 41 39 6.000000 0.521000 0.014182
4mod7-v1_96
original 0 164 278 180 114 6.000000 0.521000 0.015077
cm82a_208
improve 0 650 1148 672 498 6.000000 0.521000 0.043896
ham15_107
improve 0 8763 16047 9709 7284 6.000000 0.521000 1.276957
0example
original 0 9 39 34 30 6.000000 0.521000 0.018694
dc1_220
original 0 1914 3654 2193 1740 6.000000 0.521000 0.172653
4gt4-v1_74
improve 0 273 471 286 198 6.000000 0.521000 0.020686
rd32-v1_68
original 0 36 57 37 21 6.000000 0.521000 0.003413
decod24-v0_38
original 0 51 84 52 33 6.000000 0.521000 0.004913
sym6_316
original 0 270 489 262 219 6.000000 0.521000 0.027305
alu-v0_26
original 0 84 141 88 57 6.000000 0.521000 0.009120
clip_206
improve 0 33827 62276 36623 28416 6.000000 0.521000 10.516215
4mod5-v0_18
original 0 69 111 69 42 6.000000 0.521000 0.015576
cm85a_209
improve 0 11414 21100 12928 9651 6.000000 0.521000 10.102546
alu-v4_36
original 0 115 196 125 81 6.000000 0.521000 0.013944
one-two-three-v0_97
improve 0 290 566 351 276 6.000000 0.521000 0.036726
4gt13_90
original 0 107 173 109 66 6.000000 0.521000 0.006028
mod5d2_64
original 0 53 92 60 39 6.000000 0.521000 0.003200
ground_state_estimation_10
improve 0 390180 446388 193598 56208 6.000000 0.521000 12.058138
C17_204
improve 0 467 809 476 342 6.000000 0.521000 0.151999
4gt13_92
original 0 66 156 105 90 6.000000 0.521000 0.015101
rd53_130
original 0 1043 1772 1057 729 6.000000 0.521000 0.067204
alu-v3_34
original 0 52 85 53 33 6.000000 0.521000 0.004383
decod24-bdd_294
original 0 73 121 71 48 6.000000 0.521000 0.005829
4gt5_76
original 0 91 157 108 66 6.000000 0.521000 0.006747
sym9_146
original 0 328 580 253 252 6.000000 0.521000 0.037166
4mod5-v1_22
original 0 21 33 21 12 6.000000 0.521000 0.002403
rd32_270
original 0 84 141 87 57 6.000000 0.521000 0.007071
hwb4_49
original 0 233 404 247 171 6.000000 0.521000 0.020933
urf5_280
original 0 49829 90431 54689 40602 6.000000 0.521000 10.121214
4gt5_77
original 0 131 215 130 84 6.000000 0.521000 0.027855
rd84_253
original 0 13658 24803 14333 11145 6.000000 0.521000 1.497650
4_49_16
original 0 217 421 273 204 6.000000 0.521000 0.024208
qft_10
improve 0 200 314 106 114 6.000000 0.521000 0.045330
4mod5-bdd_287
original 0 70 118 67 48 6.000000 0.521000 0.004509
qft_16
improve 0 512 938 276 375 6.000000 0.521000 18.648191
urf1_149
improve 0 184864 320656 188067 135792 6.000000 0.521000 11.900861
urf5_158
improve 0 164416 284290 171997 119874 6.000000 0.521000 10.229199
urf3_279
improve 0 125362 234101 141833 108666 6.000000 0.521000 28.122489
4gt12-v0_86
original 0 251 428 255 177 6.000000 0.521000 0.054782
4gt4-v0_73
original 0 395 692 436 297 6.000000 0.521000 0.024014
alu-v1_29
original 0 37 58 37 21 6.000000 0.521000 0.004027
alu-bdd_288
original 0 84 147 88 63 6.000000 0.521000 0.010006
decod24-v2_43
original 0 52 82 51 30 6.000000 0.521000 0.004743
mod8-10_178
improve 0 342 594 352 252 6.000000 0.521000 0.024916
one-two-three-v0_98
original 0 146 302 186 156 6.000000 0.521000 0.037249
4gt4-v0_78
original 0 235 412 254 177 6.000000 0.521000 0.030248
4mod5-v0_19
original 0 35 59 38 24 6.000000 0.521000 0.003989
alu-v2_30
improve 0 504 921 578 417 6.000000 0.521000 0.032901
alu-v3_35
original 0 37 58 37 21 6.000000 0.521000 0.003987
dist_223
improve 0 38046 69136 39456 31059 6.000000 0.521000 10.547745
4gt4-v0_79
original 0 231 393 237 162 6.000000 0.521000 0.037791
hwb8_113
improve 0 69380 121679 73117 52299 6.000000 0.521000 4.236309
ex3_229
original 0 403 889 585 486 6.000000 0.521000 0.308636
xor5_254
original 0 7 10 5 3 6.000000 0.521000 0.001540
f2_232
improve 0 1206 2421 1554 1212 6.000000 0.521000 0.860123
time:10522.001204