rd53_138
original 0 132 240 122 108 1.000000 0.011000 0.015215
4gt13-v1_93
original 0 68 149 107 81 1.000000 0.011000 0.016072
mod5mils_65
original 0 35 59 36 24 1.000000 0.011000 0.003393
mod5d1_63
original 0 22 40 26 18 1.000000 0.011000 0.004610
sym10_262
original 0 64283 121976 74183 57693 1.000000 0.011000 40.402558
aj-e11_165
original 0 151 268 176 117 1.000000 0.011000 0.042381
hwb9_119
improve 0 207775 389235 238676 181239 1.000000 0.011000 77.270227
4gt11_83
original 0 23 32 23 9 1.000000 0.011000 0.062739
cm42a_207
improve 0 1776 3231 1946 1455 1.000000 0.011000 0.120072
4gt4-v0_72
improve 0 258 456 264 198 1.000000 0.011000 0.020229
max46_240
improve 0 27126 50331 30540 23178 1.000000 0.011000 11.850682
dc2_222
original 0 9462 17913 10861 8451 1.000000 0.011000 14.087291
sym9_193
improve 0 34881 65698 40278 30753 1.000000 0.011000 24.392292
rd53_135
improve 0 296 560 333 264 1.000000 0.011000 0.039134
mod10_171
improve 0 244 427 272 183 1.000000 0.011000 0.018396
ising_model_13
original 0 633 633 143 0 1.000000 0.011000 0.009981
adr4_197
original 0 3439 6700 3949 3261 1.000000 0.011000 2.456402
4gt11_84
original 0 18 27 17 9 1.000000 0.011000 0.002677
4gt11_82
original 0 27 39 30 12 1.000000 0.011000 0.002592
wim_266
improve 0 986 1784 1042 798 1.000000 0.011000 0.152664
rd53_131
original 0 469 847 531 378 1.000000 0.011000 0.037836
mod8-10_177
improve 0 440 782 498 342 1.000000 0.011000 0.026823
4gt10-v1_81
original 0 148 256 162 108 1.000000 0.011000 0.013214
alu-v1_28
original 0 37 61 39 24 1.000000 0.011000 0.003592
cnt3-5_179
original 0 175 370 148 195 1.000000 0.011000 0.106622
square_root_7
improve 0 7630 14405 8087 6747 1.000000 0.011000 16.093320
one-two-three-v1_99
original 0 132 228 147 96 1.000000 0.011000 0.012585
mini_alu_305
original 0 173 344 172 171 1.000000 0.011000 0.036915
rd53_311
original 0 275 515 264 240 1.000000 0.011000 0.026310
3_17_13
original 0 36 57 38 21 1.000000 0.011000 0.003027
rd73_252
improve 0 5321 9887 5865 4566 1.000000 0.011000 0.551479
4gt4-v0_80
original 0 179 326 212 147 1.000000 0.011000 0.019012
hwb7_59
improve 0 24379 44310 26923 19923 1.000000 0.011000 2.835771
ham3_102
original 0 20 29 20 9 1.000000 0.011000 0.009672
cnt3-5_180
improve 0 485 872 437 387 1.000000 0.011000 0.056543
rd53_133
original 0 580 1114 730 534 1.000000 0.011000 2.239991
4mod7-v0_94
improve 0 162 318 207 156 1.000000 0.011000 0.019017
plus63mod4096_163
improve 0 128744 247108 151898 118185 1.000000 0.011000 54.198326
mini-alu_167
original 0 288 471 280 183 1.000000 0.011000 0.048105
root_255
improve 0 17159 32790 18919 15576 1.000000 0.011000 18.912626
z4_268
improve 0 3073 5992 3635 2886 1.000000 0.011000 11.374432
majority_239
original 0 612 1206 778 594 1.000000 0.011000 0.671885
ex2_227
improve 0 631 1291 831 660 1.000000 0.011000 0.100769
urf2_277
original 0 20112 39258 24395 19146 1.000000 0.011000 3.080552
one-two-three-v3_101
original 0 70 118 74 48 1.000000 0.011000 0.012968
4gt13_91
original 0 103 181 118 78 1.000000 0.011000 0.010923
4gt12-v1_89
improve 0 228 420 262 192 1.000000 0.011000 0.019104
sqrt8_260
original 0 3009 5679 3390 2670 1.000000 0.011000 0.587406
rd32-v0_66
original 0 34 55 36 21 1.000000 0.011000 0.003980
sym9_148
improve 0 21504 39747 24824 18225 1.000000 0.011000 9.038242
4gt5_75
original 0 83 134 78 51 1.000000 0.011000 0.011640
0410184_169
improve 0 211 412 220 201 1.000000 0.011000 0.024552
urf2_152
improve 0 80480 144044 86853 63564 1.000000 0.011000 5.077277
urf1_278
improve 0 54766 105278 65372 50481 1.000000 0.011000 11.264534
sym6_145
improve 0 3888 6987 4344 3099 1.000000 0.011000 0.285135
alu-v2_32
improve 0 163 295 184 132 1.000000 0.011000 0.011191
4gt12-v0_88
original 0 194 320 194 126 1.000000 0.011000 0.013973
squar5_261
original 0 1993 3715 2154 1722 1.000000 0.011000 0.176088
alu-v2_31
improve 0 451 808 497 357 1.000000 0.011000 0.028842
hwb5_53
improve 0 1336 2374 1484 1038 1.000000 0.011000 0.073202
one-two-three-v2_100
original 0 69 123 77 54 1.000000 0.011000 0.008735
cycle10_2_110
improve 0 6050 11327 7018 5250 1.000000 0.011000 14.246334
urf6_160
original 0 171840 324438 189195 152598 1.000000 0.011000 45.266567
ising_model_10
original 0 480 480 110 0 1.000000 0.011000 0.053660
sys6-v0_111
original 0 215 395 169 180 1.000000 0.011000 0.027853
plus63mod8192_164
improve 0 187112 358544 220241 171027 1.000000 0.011000 144.983408
mod5adder_127
original 0 555 1131 694 576 1.000000 0.011000 0.319581
rd73_140
original 0 230 416 218 186 1.000000 0.011000 0.578848
4mod5-v1_23
original 0 69 111 72 42 1.000000 0.011000 0.005902
graycode6_47
original 0 5 5 5 0 1.000000 0.011000 0.001004
ising_model_16
original 0 786 786 176 0 1.000000 0.011000 0.011141
ham7_104
improve 0 320 653 427 333 1.000000 0.011000 0.061253
ex-1_166
original 0 19 31 21 12 1.000000 0.011000 0.002072
decod24-v3_45
original 0 150 318 206 168 1.000000 0.011000 0.060668
urf4_187
improve 0 512064 947939 551191 435660 1.000000 0.011000 88.379444
life_238
improve 0 22445 42410 26288 19920 1.000000 0.011000 13.216556
con1_216
improve 0 954 1896 1170 942 1.000000 0.011000 0.121321
hwb6_56
original 0 6723 12198 7443 5475 1.000000 0.011000 0.480750
mod10_176
original 0 178 298 184 120 1.000000 0.011000 0.013813
ex1_226
original 0 7 10 6 3 1.000000 0.011000 0.001462
sf_276
improve 0 778 1480 931 702 1.000000 0.011000 0.134517
cm152a_212
improve 0 1221 2370 1470 1149 1.000000 0.011000 0.258705
4gt12-v0_87
improve 0 247 430 254 183 1.000000 0.011000 0.019881
decod24-enable_126
improve 0 338 605 379 267 1.000000 0.011000 0.025084
radd_250
original 0 3213 6006 3619 2793 1.000000 0.011000 4.312847
pm1_249
improve 0 1776 3231 1946 1455 1.000000 0.011000 0.121502
sf_274
improve 0 781 1456 926 675 1.000000 0.011000 0.104504
miller_11
original 0 50 89 62 39 1.000000 0.011000 0.004340
rd53_251
original 0 1291 2350 1418 1059 1.000000 0.011000 0.096136
mlp4_245
improve 0 18852 35854 21571 16947 1.000000 0.011000 15.112978
9symml_195
improve 0 34881 65698 40278 30753 1.000000 0.011000 24.921810
rd84_142
original 0 343 676 262 333 1.000000 0.011000 0.180682
inc_237
original 0 10619 19985 12082 9366 1.000000 0.011000 3.985985
sqn_258
improve 0 10223 19354 11624 9087 1.000000 0.011000 22.399118
alu-v2_33
original 0 37 67 41 30 1.000000 0.011000 0.009041
sao2_257
improve 0 38577 74076 42153 35391 1.000000 0.011000 65.668902
co14_215
improve 0 17936 35124 19207 17100 1.000000 0.011000 29.318168
decod24-v1_41
original 0 85 187 135 102 1.000000 0.011000 0.022035
4mod5-v0_20
original 0 20 29 17 9 1.000000 0.011000 0.002257
alu-v4_37
original 0 37 64 42 27 1.000000 0.011000 0.003525
urf3_155
original 0 423488 773546 459353 350058 1.000000 0.011000 81.735589
misex1_241
improve 0 4813 8950 5538 4137 1.000000 0.011000 0.477227
alu-v0_27
original 0 36 63 41 27 1.000000 0.011000 0.003258
4mod5-v1_24
original 0 36 72 39 36 1.000000 0.011000 0.010319
4mod7-v1_96
original 0 164 290 177 126 1.000000 0.011000 0.020153
cm82a_208
original 0 650 1199 691 549 1.000000 0.011000 0.056429
ham15_107
original 0 8763 16527 10026 7764 1.000000 0.011000 4.179495
0example
original 0 9 42 27 33 1.000000 0.011000 0.026083
dc1_220
original 0 1914 3618 2200 1704 1.000000 0.011000 0.175824
4gt4-v1_74
original 0 273 483 294 210 1.000000 0.011000 0.018862
rd32-v1_68
original 0 36 57 36 21 1.000000 0.011000 0.003057
decod24-v0_38
original 0 51 84 52 33 1.000000 0.011000 0.004314
sym6_316
improve 0 270 525 294 255 1.000000 0.011000 0.053153
alu-v0_26
original 0 84 138 87 54 1.000000 0.011000 0.007834
clip_206
original 0 33827 64880 37982 31053 1.000000 0.011000 13.066441
4mod5-v0_18
original 0 69 105 66 36 1.000000 0.011000 0.013651
cm85a_209
improve 0 11414 22097 13909 10644 1.000000 0.011000 39.572810
alu-v4_36
original 0 115 196 122 81 1.000000 0.011000 0.013270
one-two-three-v0_97
original 0 290 578 371 288 1.000000 0.011000 2.875295
4gt13_90
original 0 107 188 125 81 1.000000 0.011000 0.010026
mod5d2_64
original 0 53 92 64 39 1.000000 0.011000 0.004899
ground_state_estimation_10
original 0 390180 507645 250768 117465 1.000000 0.011000 15.223999
C17_204
improve 0 467 851 502 384 1.000000 0.011000 0.155596
4gt13_92
original 0 66 162 113 96 1.000000 0.011000 0.021979
rd53_130
original 0 1043 1862 1099 819 1.000000 0.011000 0.074893
alu-v3_34
original 0 52 85 55 33 1.000000 0.011000 0.004933
decod24-bdd_294
original 0 73 118 73 45 1.000000 0.011000 0.006320
4gt5_76
original 0 91 166 119 75 1.000000 0.011000 0.010055
sym9_146
original 0 328 580 278 252 1.000000 0.011000 0.381498
4mod5-v1_22
original 0 21 33 21 12 1.000000 0.011000 0.002587
rd32_270
original 0 84 141 83 57 1.000000 0.011000 0.008188
hwb4_49
original 0 233 401 251 168 1.000000 0.011000 0.019552
urf5_280
improve 0 49829 94178 58159 44346 1.000000 0.011000 5.131056
4gt5_77
original 0 131 224 142 93 1.000000 0.011000 0.022786
rd84_253
original 0 13658 25883 15248 12225 1.000000 0.011000 11.484635
4_49_16
improve 0 217 412 271 195 1.000000 0.011000 0.027315
qft_10
improve 0 200 365 123 135 1.000000 0.011000 7.357737
4mod5-bdd_287
original 0 70 118 72 48 1.000000 0.011000 0.006568
qft_16
improve 0 512 1003 297 351 1.000000 0.011000 53.529994
urf1_149
improve 0 184864 330046 196407 145179 1.000000 0.011000 12.192834
urf5_158
original 0 164416 302836 182175 138420 1.000000 0.011000 17.028168
urf3_279
improve 0 125362 245735 152370 120273 1.000000 0.011000 35.601590
4gt12-v0_86
improve 0 251 437 264 186 1.000000 0.011000 0.051232
4gt4-v0_73
original 0 395 737 482 342 1.000000 0.011000 0.028439
alu-v1_29
original 0 37 64 41 27 1.000000 0.011000 0.003932
alu-bdd_288
original 0 84 159 92 75 1.000000 0.011000 0.013984
decod24-v2_43
original 0 52 85 55 33 1.000000 0.011000 0.004310
mod8-10_178
original 0 342 621 377 279 1.000000 0.011000 0.025484
one-two-three-v0_98
improve 0 146 299 189 153 1.000000 0.011000 0.073997
4gt4-v0_78
original 0 235 403 255 168 1.000000 0.011000 0.019027
4mod5-v0_19
original 0 35 59 36 24 1.000000 0.011000 0.003443
alu-v2_30
improve 0 504 948 598 444 1.000000 0.011000 0.041576
alu-v3_35
original 0 37 64 42 27 1.000000 0.011000 0.003963
dist_223
improve 0 38046 72078 42011 33945 1.000000 0.011000 38.230936
4gt4-v0_79
original 0 231 393 248 162 1.000000 0.011000 0.025525
hwb8_113
improve 0 69380 131860 81782 62418 1.000000 0.011000 16.655540
ex3_229
improve 0 403 838 552 435 1.000000 0.011000 0.205307
xor5_254
original 0 7 10 6 3 1.000000 0.011000 0.000973
f2_232
improve 0 1206 2253 1382 1047 1.000000 0.011000 0.209239
time:1188.414852