rd53_138
original 0 132 234 117 102 8.000000 0.391000 0.017566
4gt13-v1_93
original 0 68 143 99 75 8.000000 0.391000 0.012467
mod5mils_65
original 0 35 59 39 24 8.000000 0.391000 0.003813
mod5d1_63
original 0 22 40 26 18 8.000000 0.391000 0.005221
sym10_262
improve 0 64283 114717 66056 50388 8.000000 0.391000 14.958621
aj-e11_165
original 0 151 259 165 108 8.000000 0.391000 0.031443
hwb9_119
improve 0 207775 363327 210925 155418 8.000000 0.391000 44.679091
4gt11_83
original 0 23 32 23 9 8.000000 0.391000 0.065333
cm42a_207
original 0 1776 3027 1730 1251 8.000000 0.391000 0.118878
4gt4-v0_72
original 0 258 435 243 177 8.000000 0.391000 0.024478
max46_240
original 0 27126 48027 26806 20901 8.000000 0.391000 8.137912
dc2_222
improve 0 9462 16926 9819 7458 8.000000 0.391000 3.440819
sym9_193
improve 0 34881 62253 36251 27354 8.000000 0.391000 5.428708
rd53_135
original 0 296 500 304 204 8.000000 0.391000 0.036190
mod10_171
original 0 244 424 248 180 8.000000 0.391000 0.020443
ising_model_13
original 0 633 633 143 0 8.000000 0.391000 0.012202
adr4_197
improve 0 3439 6769 3999 3324 8.000000 0.391000 3.222990
4gt11_84
original 0 18 27 17 9 8.000000 0.391000 0.003465
4gt11_82
original 0 27 42 33 15 8.000000 0.391000 0.003214
wim_266
improve 0 986 1703 941 717 8.000000 0.391000 0.078998
rd53_131
original 0 469 850 499 381 8.000000 0.391000 0.042067
mod8-10_177
improve 0 440 749 457 309 8.000000 0.391000 0.029349
4gt10-v1_81
original 0 148 247 152 99 8.000000 0.391000 0.015040
alu-v1_28
original 0 37 61 39 24 8.000000 0.391000 0.004284
cnt3-5_179
original 0 175 337 134 162 8.000000 0.391000 0.187067
square_root_7
improve 0 7630 14071 7832 6429 8.000000 0.391000 9.149299
one-two-three-v1_99
original 0 132 234 150 102 8.000000 0.391000 0.016038
mini_alu_305
original 0 173 323 138 150 8.000000 0.391000 0.109617
rd53_311
original 0 275 524 264 249 8.000000 0.391000 0.040037
3_17_13
original 0 36 57 38 21 8.000000 0.391000 0.003645
rd73_252
improve 0 5321 9385 5289 4047 8.000000 0.391000 4.498636
4gt4-v0_80
original 0 179 308 196 129 8.000000 0.391000 0.015694
hwb7_59
original 0 24379 42064 24407 17685 8.000000 0.391000 1.706955
ham3_102
original 0 20 35 26 15 8.000000 0.391000 0.011654
cnt3-5_180
improve 0 485 845 423 360 8.000000 0.391000 0.057100
rd53_133
original 0 580 1120 672 540 8.000000 0.391000 0.122211
4mod7-v0_94
original 0 162 351 241 189 8.000000 0.391000 0.027366
plus63mod4096_163
improve 0 128744 229900 134933 101037 8.000000 0.391000 43.021087
mini-alu_167
original 0 288 480 298 192 8.000000 0.391000 0.062648
root_255
improve 0 17159 30812 16986 13653 8.000000 0.391000 1.760036
z4_268
original 0 3073 5914 3463 2841 8.000000 0.391000 0.787982
majority_239
improve 0 612 1365 814 645 8.000000 0.391000 98.613487
ex2_227
original 0 631 1189 736 558 8.000000 0.391000 0.087417
urf2_277
improve 0 20112 37638 22970 17526 8.000000 0.391000 2.110678
one-two-three-v3_101
original 0 70 118 71 48 8.000000 0.391000 0.014856
4gt13_91
original 0 103 166 101 63 8.000000 0.391000 0.010959
4gt12-v1_89
original 0 228 408 230 180 8.000000 0.391000 0.019674
sqrt8_260
improve 0 3009 5373 3071 2361 8.000000 0.391000 0.848279
rd32-v0_66
original 0 34 55 37 21 8.000000 0.391000 0.004530
sym9_148
original 0 21504 39078 22835 17574 8.000000 0.391000 12.120029
4gt5_75
original 0 83 140 82 57 8.000000 0.391000 0.016971
0410184_169
original 0 211 367 188 156 8.000000 0.391000 0.025546
urf2_152
original 0 80480 139043 81630 58563 8.000000 0.391000 5.078043
urf1_278
improve 0 54766 100429 61015 45663 8.000000 0.391000 5.093813
sym6_145
improve 0 3888 6720 4002 2802 8.000000 0.391000 5.819711
alu-v2_32
original 0 163 277 160 114 8.000000 0.391000 0.009033
4gt12-v0_88
original 0 194 326 198 132 8.000000 0.391000 0.015607
squar5_261
original 0 1993 3481 1917 1488 8.000000 0.391000 0.175232
alu-v2_31
original 0 451 730 445 279 8.000000 0.391000 0.031340
hwb5_53
improve 0 1336 2347 1398 1011 8.000000 0.391000 0.083598
one-two-three-v2_100
original 0 69 114 73 45 8.000000 0.391000 0.007140
cycle10_2_110
improve 0 6050 11114 6731 5064 8.000000 0.391000 0.763177
urf6_160
improve 0 171840 310983 177366 139125 8.000000 0.391000 18.877627
ising_model_10
original 0 480 480 110 0 8.000000 0.391000 0.058671
sys6-v0_111
improve 0 215 383 184 168 8.000000 0.391000 0.019202
plus63mod8192_164
original 0 187112 334931 196411 147819 8.000000 0.391000 58.817162
mod5adder_127
original 0 555 1077 600 522 8.000000 0.391000 2.279346
rd73_140
original 0 230 392 190 162 8.000000 0.391000 0.021303
4mod5-v1_23
original 0 69 123 80 54 8.000000 0.391000 0.007615
graycode6_47
original 0 5 5 5 0 8.000000 0.391000 0.001115
ising_model_16
original 0 786 786 176 0 8.000000 0.391000 0.014229
ham7_104
improve 0 320 629 404 309 8.000000 0.391000 0.042417
ex-1_166
original 0 19 31 21 12 8.000000 0.391000 0.002315
decod24-v3_45
improve 0 150 351 236 201 8.000000 0.391000 0.048059
urf4_187
improve 0 512064 894547 494541 382410 8.000000 0.391000 48.615479
life_238
improve 0 22445 39945 23380 17454 8.000000 0.391000 17.008252
con1_216
improve 0 954 1734 1004 780 8.000000 0.391000 0.075237
hwb6_56
original 0 6723 11538 6742 4815 8.000000 0.391000 0.409614
mod10_176
original 0 178 283 175 105 8.000000 0.391000 0.015414
ex1_226
original 0 7 10 5 3 8.000000 0.391000 0.001729
sf_276
original 0 778 1558 958 780 8.000000 0.391000 0.565202
cm152a_212
improve 0 1221 2409 1501 1176 8.000000 0.391000 3.309330
4gt12-v0_87
improve 0 247 430 252 183 8.000000 0.391000 0.021435
decod24-enable_126
original 0 338 578 345 240 8.000000 0.391000 0.024349
radd_250
improve 0 3213 5655 3255 2442 8.000000 0.391000 0.246315
pm1_249
original 0 1776 3027 1730 1251 8.000000 0.391000 0.124483
sf_274
improve 0 781 1426 874 645 8.000000 0.391000 0.077899
miller_11
original 0 50 89 62 39 8.000000 0.391000 0.005244
rd53_251
original 0 1291 2227 1278 936 8.000000 0.391000 0.078863
mlp4_245
improve 0 18852 33766 19470 14901 8.000000 0.391000 4.419556
9symml_195
improve 0 34881 62253 36251 27354 8.000000 0.391000 5.521995
rd84_142
improve 0 343 607 256 264 8.000000 0.391000 0.051832
inc_237
improve 0 10619 19061 11286 8442 8.000000 0.391000 1.097948
sqn_258
improve 0 10223 18275 10428 8049 8.000000 0.391000 1.240391
alu-v2_33
original 0 37 61 39 24 8.000000 0.391000 0.006784
sao2_257
original 0 38577 69072 37268 30495 8.000000 0.391000 8.779526
co14_215
original 0 17936 33398 17208 15462 8.000000 0.391000 14.619036
decod24-v1_41
original 0 85 178 116 93 8.000000 0.391000 0.022792
4mod5-v0_20
original 0 20 29 18 9 8.000000 0.391000 0.002541
alu-v4_37
original 0 37 58 37 21 8.000000 0.391000 0.003894
urf3_155
improve 0 423488 745607 430487 322104 8.000000 0.391000 33.912196
misex1_241
improve 0 4813 8461 4866 3636 8.000000 0.391000 1.945720
alu-v0_27
original 0 36 57 37 21 8.000000 0.391000 0.003525
4mod5-v1_24
original 0 36 78 40 42 8.000000 0.391000 0.011693
4mod7-v1_96
improve 0 164 281 172 117 8.000000 0.391000 0.018090
cm82a_208
original 0 650 1109 628 459 8.000000 0.391000 0.058784
ham15_107
improve 0 8763 15774 9462 7011 8.000000 0.391000 1.047627
0example
original 0 9 39 34 30 8.000000 0.391000 0.020586
dc1_220
original 0 1914 3495 2029 1581 8.000000 0.391000 0.157814
4gt4-v1_74
original 0 273 465 276 192 8.000000 0.391000 0.020470
rd32-v1_68
original 0 36 57 37 21 8.000000 0.391000 0.003524
decod24-v0_38
original 0 51 87 59 36 8.000000 0.391000 0.005303
sym6_316
original 0 270 507 269 237 8.000000 0.391000 0.036660
alu-v0_26
original 0 84 138 80 54 8.000000 0.391000 0.009310
clip_206
improve 0 33827 61175 35092 27324 8.000000 0.391000 8.769939
4mod5-v0_18
original 0 69 114 74 45 8.000000 0.391000 0.016819
cm85a_209
improve 0 11414 20720 12456 9303 8.000000 0.391000 1.607126
alu-v4_36
original 0 115 193 118 78 8.000000 0.391000 0.013386
one-two-three-v0_97
improve 0 290 569 355 279 8.000000 0.391000 0.028933
4gt13_90
original 0 107 170 103 63 8.000000 0.391000 0.010953
mod5d2_64
original 0 53 98 63 45 8.000000 0.391000 0.006579
ground_state_estimation_10
improve 0 390180 442638 189342 52458 8.000000 0.391000 12.645730
C17_204
original 0 467 803 463 336 8.000000 0.391000 0.154044
4gt13_92
original 0 66 156 102 90 8.000000 0.391000 0.020753
rd53_130
improve 0 1043 1745 995 702 8.000000 0.391000 0.075592
alu-v3_34
original 0 52 85 53 33 8.000000 0.391000 0.005742
decod24-bdd_294
original 0 73 118 73 45 8.000000 0.391000 0.007495
4gt5_76
original 0 91 154 99 63 8.000000 0.391000 0.009183
sym9_146
original 0 328 580 258 252 8.000000 0.391000 0.444782
4mod5-v1_22
original 0 21 33 21 12 8.000000 0.391000 0.002832
rd32_270
original 0 84 138 87 54 8.000000 0.391000 0.008199
hwb4_49
original 0 233 392 239 159 8.000000 0.391000 0.016486
urf5_280
improve 0 49829 89993 53982 40137 8.000000 0.391000 11.676527
4gt5_77
original 0 131 221 135 90 8.000000 0.391000 0.025274
rd84_253
improve 0 13658 24436 13691 10767 8.000000 0.391000 2.633492
4_49_16
original 0 217 421 267 204 8.000000 0.391000 0.025327
qft_10
original 0 200 326 147 126 8.000000 0.391000 0.106951
4mod5-bdd_287
original 0 70 121 71 51 8.000000 0.391000 0.008309
qft_16
original 0 512 902 318 390 8.000000 0.391000 1.345633
urf1_149
original 0 184864 320584 185202 135720 8.000000 0.391000 12.088353
urf5_158
original 0 164416 283780 165078 119364 8.000000 0.391000 10.679079
urf3_279
improve 0 125362 234243 140689 108822 8.000000 0.391000 20.391726
4gt12-v0_86
original 0 251 440 262 189 8.000000 0.391000 0.053740
4gt4-v0_73
original 0 395 677 395 282 8.000000 0.391000 0.020775
alu-v1_29
original 0 37 58 37 21 8.000000 0.391000 0.004193
alu-bdd_288
original 0 84 147 93 63 8.000000 0.391000 0.008991
decod24-v2_43
original 0 52 82 51 30 8.000000 0.391000 0.004902
mod8-10_178
improve 0 342 576 337 234 8.000000 0.391000 0.025934
one-two-three-v0_98
original 0 146 308 172 162 8.000000 0.391000 0.034739
4gt4-v0_78
original 0 235 409 240 174 8.000000 0.391000 0.017658
4mod5-v0_19
original 0 35 59 38 24 8.000000 0.391000 0.004169
alu-v2_30
original 0 504 942 550 438 8.000000 0.391000 0.063320
alu-v3_35
original 0 37 58 37 21 8.000000 0.391000 0.004062
dist_223
original 0 38046 67506 36930 29460 8.000000 0.391000 4.922015
4gt4-v0_79
original 0 231 399 239 168 8.000000 0.391000 0.026706
hwb8_113
improve 0 69380 120058 70407 50664 8.000000 0.391000 6.714928
ex3_229
original 0 403 826 493 423 8.000000 0.391000 0.306442
xor5_254
original 0 7 10 5 3 8.000000 0.391000 0.001271
f2_232
improve 0 1206 2328 1451 1122 8.000000 0.391000 0.121966
time:9390.396060