rd53_138
original 0 132 234 114 102 6.000000 0.610000 0.015837
4gt13-v1_93
original 0 68 143 102 75 6.000000 0.610000 0.013566
mod5mils_65
original 0 35 59 39 24 6.000000 0.610000 0.003675
mod5d1_63
original 0 22 40 26 18 6.000000 0.610000 0.005140
sym10_262
original 0 64283 116687 69532 52404 6.000000 0.610000 26.191136
aj-e11_165
original 0 151 265 161 114 6.000000 0.610000 0.032268
hwb9_119
improve 0 207775 369888 222278 162066 6.000000 0.610000 20.177133
4gt11_83
original 0 23 32 23 9 6.000000 0.610000 0.062161
cm42a_207
improve 0 1776 3123 1809 1347 6.000000 0.610000 0.106084
4gt4-v0_72
improve 0 258 450 268 192 6.000000 0.610000 0.014363
max46_240
original 0 27126 48303 27716 21177 6.000000 0.610000 3.616033
dc2_222
improve 0 9462 17362 10411 7884 6.000000 0.610000 4.825707
sym9_193
improve 0 34881 63204 38488 28272 6.000000 0.610000 11.989938
rd53_135
improve 0 296 524 315 228 6.000000 0.610000 0.039854
mod10_171
original 0 244 424 260 180 6.000000 0.610000 0.018661
ising_model_13
original 0 633 633 143 0 6.000000 0.610000 0.010692
adr4_197
improve 0 3439 6388 3733 2949 6.000000 0.610000 0.342951
4gt11_84
original 0 18 27 17 9 6.000000 0.610000 0.003381
4gt11_82
original 0 27 42 33 15 6.000000 0.610000 0.002856
wim_266
improve 0 986 1706 978 720 6.000000 0.610000 0.070861
rd53_131
original 0 469 865 542 396 6.000000 0.610000 1.964428
mod8-10_177
original 0 440 761 458 321 6.000000 0.610000 0.030513
4gt10-v1_81
original 0 148 253 158 105 6.000000 0.610000 0.010881
alu-v1_28
original 0 37 61 39 24 6.000000 0.610000 0.004048
cnt3-5_179
original 0 175 358 147 183 6.000000 0.610000 0.971604
square_root_7
improve 0 7630 14135 7598 6501 6.000000 0.610000 1.397684
one-two-three-v1_99
original 0 132 222 141 90 6.000000 0.610000 0.012813
mini_alu_305
improve 0 173 314 160 141 6.000000 0.610000 0.021191
rd53_311
original 0 275 503 246 228 6.000000 0.610000 0.037561
3_17_13
original 0 36 54 35 18 6.000000 0.610000 0.003181
rd73_252
original 0 5321 9572 5572 4251 6.000000 0.610000 0.378739
4gt4-v0_80
original 0 179 314 193 135 6.000000 0.610000 0.017895
hwb7_59
original 0 24379 42475 25345 18096 6.000000 0.610000 1.554458
ham3_102
original 0 20 35 26 15 6.000000 0.610000 0.010809
cnt3-5_180
improve 0 485 845 420 360 6.000000 0.610000 0.047648
rd53_133
original 0 580 1078 673 498 6.000000 0.610000 0.108545
4mod7-v0_94
improve 0 162 351 246 189 6.000000 0.610000 0.023593
plus63mod4096_163
original 0 128744 235313 142571 106569 6.000000 0.610000 65.215497
mini-alu_167
original 0 288 489 302 201 6.000000 0.610000 0.053629
root_255
improve 0 17159 30956 17333 13797 6.000000 0.610000 1.478196
z4_268
improve 0 3073 5659 3330 2586 6.000000 0.610000 0.577691
majority_239
original 0 612 1176 756 564 6.000000 0.610000 143.740801
ex2_227
original 0 631 1237 776 606 6.000000 0.610000 0.258978
urf2_277
improve 0 20112 37497 22967 17385 6.000000 0.610000 2.009836
one-two-three-v3_101
original 0 70 124 78 54 6.000000 0.610000 0.014393
4gt13_91
original 0 103 163 101 60 6.000000 0.610000 0.009875
4gt12-v1_89
original 0 228 402 243 174 6.000000 0.610000 0.016658
sqrt8_260
improve 0 3009 5478 3201 2469 6.000000 0.610000 0.224696
rd32-v0_66
original 0 34 55 37 21 6.000000 0.610000 0.004400
sym9_148
original 0 21504 39540 24446 18036 6.000000 0.610000 2.941039
4gt5_75
original 0 83 131 80 48 6.000000 0.610000 0.013249
0410184_169
original 0 211 373 197 162 6.000000 0.610000 0.023745
urf2_152
improve 0 80480 138983 82973 58503 6.000000 0.610000 4.663909
urf1_278
original 0 54766 100792 61563 46026 6.000000 0.610000 13.372849
sym6_145
improve 0 3888 6678 4065 2790 6.000000 0.610000 0.223444
alu-v2_32
original 0 163 280 174 117 6.000000 0.610000 0.011997
4gt12-v0_88
original 0 194 332 201 138 6.000000 0.610000 0.015468
squar5_261
improve 0 1993 3535 2018 1542 6.000000 0.610000 0.135239
alu-v2_31
original 0 451 757 472 306 6.000000 0.610000 0.028989
hwb5_53
improve 0 1336 2320 1452 984 6.000000 0.610000 0.075420
one-two-three-v2_100
original 0 69 114 74 45 6.000000 0.610000 0.006705
cycle10_2_110
original 0 6050 10931 6582 4881 6.000000 0.610000 1.558646
urf6_160
improve 0 171840 312063 180940 140163 6.000000 0.610000 30.882204
ising_model_10
original 0 480 480 110 0 6.000000 0.610000 0.057976
sys6-v0_111
original 0 215 368 153 153 6.000000 0.610000 0.018647
plus63mod8192_164
improve 0 187112 342764 206521 155607 6.000000 0.610000 25.246875
mod5adder_127
original 0 555 1002 616 447 6.000000 0.610000 0.091886
rd73_140
original 0 230 395 189 165 6.000000 0.610000 0.015908
4mod5-v1_23
original 0 69 120 78 51 6.000000 0.610000 0.007652
graycode6_47
original 0 5 5 5 0 6.000000 0.610000 0.001057
ising_model_16
original 0 786 786 176 0 6.000000 0.610000 0.013114
ham7_104
original 0 320 653 420 333 6.000000 0.610000 0.090064
ex-1_166
original 0 19 31 21 12 6.000000 0.610000 0.002257
decod24-v3_45
original 0 150 303 191 153 6.000000 0.610000 0.080848
urf4_187
original 0 512064 896871 498726 384807 6.000000 0.610000 44.690333
life_238
improve 0 22445 40994 24849 18528 6.000000 0.610000 8.175963
con1_216
original 0 954 1791 1067 837 6.000000 0.610000 0.162684
hwb6_56
improve 0 6723 11910 7208 5187 6.000000 0.610000 0.488846
mod10_176
original 0 178 289 177 111 6.000000 0.610000 0.015015
ex1_226
original 0 7 10 5 3 6.000000 0.610000 0.001480
sf_276
original 0 778 1474 920 696 6.000000 0.610000 0.096821
cm152a_212
original 0 1221 2535 1643 1314 6.000000 0.610000 10.964363
4gt12-v0_87
original 0 247 424 251 177 6.000000 0.610000 0.022608
decod24-enable_126
original 0 338 575 352 237 6.000000 0.610000 0.023220
radd_250
original 0 3213 5793 3503 2580 6.000000 0.610000 0.226641
pm1_249
improve 0 1776 3123 1809 1347 6.000000 0.610000 0.112310
sf_274
improve 0 781 1408 888 627 6.000000 0.610000 0.066832
miller_11
original 0 50 86 59 36 6.000000 0.610000 0.004913
rd53_251
original 0 1291 2275 1359 984 6.000000 0.610000 0.079488
mlp4_245
original 0 18852 34593 20363 15741 6.000000 0.610000 6.878312
9symml_195
improve 0 34881 63204 38488 28272 6.000000 0.610000 12.052935
rd84_142
original 0 343 613 224 270 6.000000 0.610000 0.059364
inc_237
improve 0 10619 19227 11684 8601 6.000000 0.610000 6.050349
sqn_258
original 0 10223 18269 10651 8046 6.000000 0.610000 2.693048
alu-v2_33
original 0 37 61 39 24 6.000000 0.610000 0.008207
sao2_257
improve 0 38577 70223 39063 31638 6.000000 0.610000 4.571671
co14_215
original 0 17936 34886 18656 16950 6.000000 0.610000 7.707541
decod24-v1_41
original 0 85 178 119 93 6.000000 0.610000 0.020803
4mod5-v0_20
original 0 20 29 18 9 6.000000 0.610000 0.002344
alu-v4_37
original 0 37 58 37 21 6.000000 0.610000 0.003395
urf3_155
original 0 423488 746345 435682 322857 6.000000 0.610000 40.939616
misex1_241
improve 0 4813 8632 5203 3816 6.000000 0.610000 0.789467
alu-v0_27
original 0 36 57 37 21 6.000000 0.610000 0.003250
4mod5-v1_24
original 0 36 75 41 39 6.000000 0.610000 0.011190
4mod7-v1_96
original 0 164 278 180 114 6.000000 0.610000 0.013233
cm82a_208
improve 0 650 1148 672 498 6.000000 0.610000 0.041160
ham15_107
improve 0 8763 16095 9725 7323 6.000000 0.610000 4.649077
0example
original 0 9 36 31 27 6.000000 0.610000 0.017392
dc1_220
improve 0 1914 3408 2032 1494 6.000000 0.610000 0.132065
4gt4-v1_74
improve 0 273 471 286 198 6.000000 0.610000 0.020640
rd32-v1_68
original 0 36 57 37 21 6.000000 0.610000 0.003246
decod24-v0_38
original 0 51 84 52 33 6.000000 0.610000 0.004133
sym6_316
original 0 270 489 262 219 6.000000 0.610000 0.025294
alu-v0_26
original 0 84 141 88 57 6.000000 0.610000 0.008883
clip_206
original 0 33827 62732 36563 28905 6.000000 0.610000 16.735847
4mod5-v0_18
original 0 69 111 69 42 6.000000 0.610000 0.015634
cm85a_209
improve 0 11414 21698 13714 10230 6.000000 0.610000 38.864368
alu-v4_36
original 0 115 196 125 81 6.000000 0.610000 0.009002
one-two-three-v0_97
improve 0 290 545 334 255 6.000000 0.610000 0.022519
4gt13_90
original 0 107 173 109 66 6.000000 0.610000 0.009061
mod5d2_64
original 0 53 92 60 39 6.000000 0.610000 0.005872
ground_state_estimation_10
original 0 390180 452001 206409 61821 6.000000 0.610000 12.020525
C17_204
improve 0 467 809 476 342 6.000000 0.610000 0.141254
4gt13_92
original 0 66 156 105 90 6.000000 0.610000 0.014926
rd53_130
original 0 1043 1754 1012 711 6.000000 0.610000 0.063942
alu-v3_34
original 0 52 85 53 33 6.000000 0.610000 0.005464
decod24-bdd_294
original 0 73 121 71 48 6.000000 0.610000 0.006203
4gt5_76
original 0 91 157 108 66 6.000000 0.610000 0.007221
sym9_146
original 0 328 577 251 249 6.000000 0.610000 0.028288
4mod5-v1_22
original 0 21 33 21 12 6.000000 0.610000 0.002735
rd32_270
original 0 84 141 87 57 6.000000 0.610000 0.008317
hwb4_49
original 0 233 404 247 171 6.000000 0.610000 0.018874
urf5_280
original 0 49829 90431 54689 40602 6.000000 0.610000 6.954740
4gt5_77
original 0 131 215 130 84 6.000000 0.610000 0.022842
rd84_253
improve 0 13658 25270 14703 11592 6.000000 0.610000 5.308898
4_49_16
improve 0 217 418 278 201 6.000000 0.610000 0.025071
qft_10
improve 0 200 314 106 114 6.000000 0.610000 0.051797
4mod5-bdd_287
original 0 70 118 67 48 6.000000 0.610000 0.008367
qft_16
improve 0 512 938 276 375 6.000000 0.610000 18.953050
urf1_149
improve 0 184864 320656 188067 135792 6.000000 0.610000 11.659323
urf5_158
improve 0 164416 291798 172076 127371 6.000000 0.610000 11.513832
urf3_279
improve 0 125362 240693 146678 115257 6.000000 0.610000 22.174528
4gt12-v0_86
original 0 251 428 255 177 6.000000 0.610000 0.053204
4gt4-v0_73
original 0 395 686 432 291 6.000000 0.610000 0.022958
alu-v1_29
original 0 37 58 37 21 6.000000 0.610000 0.003721
alu-bdd_288
original 0 84 147 88 63 6.000000 0.610000 0.008366
decod24-v2_43
original 0 52 82 51 30 6.000000 0.610000 0.004073
mod8-10_178
improve 0 342 594 352 252 6.000000 0.610000 0.023775
one-two-three-v0_98
original 0 146 317 200 171 6.000000 0.610000 0.079675
4gt4-v0_78
original 0 235 412 254 177 6.000000 0.610000 0.028512
4mod5-v0_19
original 0 35 59 38 24 6.000000 0.610000 0.003921
alu-v2_30
improve 0 504 954 621 450 6.000000 0.610000 0.043283
alu-v3_35
original 0 37 58 37 21 6.000000 0.610000 0.003912
dist_223
original 0 38046 69072 39128 31026 6.000000 0.610000 11.740877
4gt4-v0_79
original 0 231 393 237 162 6.000000 0.610000 0.036963
hwb8_113
original 0 69380 121805 73061 52425 6.000000 0.610000 4.392532
ex3_229
original 0 403 892 595 489 6.000000 0.610000 0.297650
xor5_254
original 0 7 10 5 3 6.000000 0.610000 0.001018
f2_232
original 0 1206 2250 1416 1044 6.000000 0.610000 0.265980
time:9930.359196