rd53_138
original 0 132 225 110 93 4.000000 0.510000 0.014486
4gt13-v1_93
original 0 68 143 102 75 4.000000 0.510000 0.016943
mod5mils_65
original 0 35 59 40 24 4.000000 0.510000 0.003562
mod5d1_63
original 0 22 40 26 18 4.000000 0.510000 0.005096
sym10_262
original 0 64283 117359 69429 53076 4.000000 0.510000 8.864876
aj-e11_165
original 0 151 265 162 114 4.000000 0.510000 0.029507
hwb9_119
original 0 207775 371170 221740 163395 4.000000 0.510000 30.310299
4gt11_83
original 0 23 32 23 9 4.000000 0.510000 0.062944
cm42a_207
improve 0 1776 3123 1795 1347 4.000000 0.510000 0.101980
4gt4-v0_72
improve 0 258 447 268 189 4.000000 0.510000 0.020506
max46_240
improve 0 27126 48661 28458 21528 4.000000 0.510000 2.677895
dc2_222
original 0 9462 17193 10301 7731 4.000000 0.510000 2.306280
sym9_193
improve 0 34881 63083 37371 28188 4.000000 0.510000 3.932794
rd53_135
original 0 296 533 318 237 4.000000 0.510000 0.034487
mod10_171
original 0 244 442 268 198 4.000000 0.510000 0.015051
ising_model_13
original 0 633 633 143 0 4.000000 0.510000 0.010791
adr4_197
original 0 3439 6652 3851 3213 4.000000 0.510000 0.398696
4gt11_84
original 0 18 27 17 9 4.000000 0.510000 0.003295
4gt11_82
original 0 27 39 30 12 4.000000 0.510000 0.002665
wim_266
improve 0 986 1694 965 708 4.000000 0.510000 0.064210
rd53_131
original 0 469 850 506 381 4.000000 0.510000 0.042271
mod8-10_177
original 0 440 770 481 330 4.000000 0.510000 0.030607
4gt10-v1_81
original 0 148 262 170 114 4.000000 0.510000 0.012747
alu-v1_28
original 0 37 61 39 24 4.000000 0.510000 0.003942
cnt3-5_179
original 0 175 346 135 171 4.000000 0.510000 0.036618
square_root_7
original 0 7630 14542 8073 6912 4.000000 0.510000 3.155548
one-two-three-v1_99
original 0 132 234 151 102 4.000000 0.510000 0.015185
mini_alu_305
improve 0 173 323 147 150 4.000000 0.510000 0.031206
rd53_311
original 0 275 524 259 249 4.000000 0.510000 0.027994
3_17_13
original 0 36 57 38 21 4.000000 0.510000 0.003206
rd73_252
improve 0 5321 9656 5625 4323 4.000000 0.510000 2.747407
4gt4-v0_80
original 0 179 311 199 132 4.000000 0.510000 0.017101
hwb7_59
improve 0 24379 42790 25334 18411 4.000000 0.510000 1.419633
ham3_102
original 0 20 35 26 15 4.000000 0.510000 0.011284
cnt3-5_180
original 0 485 893 446 408 4.000000 0.510000 0.061989
rd53_133
original 0 580 1090 687 510 4.000000 0.510000 0.047351
4mod7-v0_94
improve 0 162 336 225 174 4.000000 0.510000 0.021171
plus63mod4096_163
original 0 128744 235196 141318 106452 4.000000 0.510000 69.879933
mini-alu_167
original 0 288 483 282 195 4.000000 0.510000 0.058161
root_255
improve 0 17159 31595 17798 14406 4.000000 0.510000 9.724834
z4_268
original 0 3073 5857 3486 2784 4.000000 0.510000 8.860962
majority_239
improve 0 612 1407 856 636 4.000000 0.510000 153.266309
ex2_227
original 0 631 1237 784 606 4.000000 0.510000 0.110284
urf2_277
original 0 20112 37782 23161 17670 4.000000 0.510000 1.728945
one-two-three-v3_101
original 0 70 115 71 45 4.000000 0.510000 0.014136
4gt13_91
original 0 103 169 104 66 4.000000 0.510000 0.008364
4gt12-v1_89
original 0 228 411 253 183 4.000000 0.510000 0.019176
sqrt8_260
original 0 3009 5445 3197 2436 4.000000 0.510000 0.260972
rd32-v0_66
original 0 34 55 37 21 4.000000 0.510000 0.004345
sym9_148
improve 0 21504 38547 23033 17037 4.000000 0.510000 2.307580
4gt5_75
original 0 83 137 79 54 4.000000 0.510000 0.013258
0410184_169
original 0 211 382 186 171 4.000000 0.510000 0.027660
urf2_152
original 0 80480 140012 82387 59532 4.000000 0.510000 7.767444
urf1_278
original 0 54766 101209 61570 46443 4.000000 0.510000 5.314524
sym6_145
improve 0 3888 6756 4121 2868 4.000000 0.510000 0.222535
alu-v2_32
original 0 163 286 177 123 4.000000 0.510000 0.008830
4gt12-v0_88
original 0 194 326 193 132 4.000000 0.510000 0.014714
squar5_261
improve 0 1993 3569 2041 1572 4.000000 0.510000 0.571633
alu-v2_31
original 0 451 763 472 312 4.000000 0.510000 0.029445
hwb5_53
improve 0 1336 2329 1443 993 4.000000 0.510000 0.073076
one-two-three-v2_100
original 0 69 114 73 45 4.000000 0.510000 0.006571
cycle10_2_110
improve 0 6050 11183 6807 5115 4.000000 0.510000 5.929381
urf6_160
improve 0 171840 313782 179227 141930 4.000000 0.510000 17.484725
ising_model_10
original 0 480 480 110 0 4.000000 0.510000 0.054686
sys6-v0_111
original 0 215 380 161 165 4.000000 0.510000 0.020300
plus63mod8192_164
improve 0 187112 342462 205619 155265 4.000000 0.510000 37.582668
mod5adder_127
improve 0 555 987 626 432 4.000000 0.510000 0.091746
rd73_140
original 0 230 395 182 165 4.000000 0.510000 0.017422
4mod5-v1_23
original 0 69 123 78 54 4.000000 0.510000 0.007425
graycode6_47
original 0 5 5 5 0 4.000000 0.510000 0.001044
ising_model_16
original 0 786 786 176 0 4.000000 0.510000 0.010601
ham7_104
original 0 320 650 408 330 4.000000 0.510000 0.032538
ex-1_166
original 0 19 31 21 12 4.000000 0.510000 0.002189
decod24-v3_45
original 0 150 303 191 153 4.000000 0.510000 0.086574
urf4_187
improve 0 512064 907254 508553 395151 4.000000 0.510000 37.122273
life_238
improve 0 22445 40976 25007 18510 4.000000 0.510000 6.465658
con1_216
improve 0 954 1776 1038 822 4.000000 0.510000 0.171026
hwb6_56
improve 0 6723 11859 7133 5136 4.000000 0.510000 0.363057
mod10_176
original 0 178 298 184 120 4.000000 0.510000 0.014901
ex1_226
original 0 7 10 5 3 4.000000 0.510000 0.001436
sf_276
original 0 778 1450 864 672 4.000000 0.510000 0.790919
cm152a_212
improve 0 1221 2280 1389 1059 4.000000 0.510000 0.150704
4gt12-v0_87
original 0 247 424 249 177 4.000000 0.510000 0.020305
decod24-enable_126
original 0 338 593 365 255 4.000000 0.510000 0.023245
radd_250
original 0 3213 5805 3433 2592 4.000000 0.510000 0.366333
pm1_249
improve 0 1776 3123 1795 1347 4.000000 0.510000 0.109739
sf_274
improve 0 781 1441 916 660 4.000000 0.510000 0.068886
miller_11
original 0 50 89 62 39 4.000000 0.510000 0.005120
rd53_251
original 0 1291 2224 1339 933 4.000000 0.510000 0.070491
mlp4_245
improve 0 18852 34929 20733 16068 4.000000 0.510000 2.609673
9symml_195
improve 0 34881 63083 37371 28188 4.000000 0.510000 3.930187
rd84_142
original 0 343 643 241 300 4.000000 0.510000 0.170417
inc_237
improve 0 10619 19640 11807 9009 4.000000 0.510000 3.621959
sqn_258
original 0 10223 18506 10727 8283 4.000000 0.510000 4.452321
alu-v2_33
original 0 37 61 39 24 4.000000 0.510000 0.007040
sao2_257
improve 0 38577 70543 39011 31938 4.000000 0.510000 9.851722
co14_215
improve 0 17936 33996 18289 16020 4.000000 0.510000 11.188437
decod24-v1_41
improve 0 85 181 122 96 4.000000 0.510000 0.017216
4mod5-v0_20
original 0 20 29 18 9 4.000000 0.510000 0.002350
alu-v4_37
original 0 37 58 37 21 4.000000 0.510000 0.003515
urf3_155
original 0 423488 752513 432732 329025 4.000000 0.510000 58.813235
misex1_241
original 0 4813 8590 5157 3777 4.000000 0.510000 0.419089
alu-v0_27
original 0 36 57 37 21 4.000000 0.510000 0.003202
4mod5-v1_24
original 0 36 75 37 39 4.000000 0.510000 0.013001
4mod7-v1_96
original 0 164 293 191 129 4.000000 0.510000 0.020777
cm82a_208
improve 0 650 1124 625 474 4.000000 0.510000 0.087012
ham15_107
original 0 8763 16152 9604 7389 4.000000 0.510000 12.700068
0example
original 0 9 39 34 30 4.000000 0.510000 0.021307
dc1_220
improve 0 1914 3590 2223 1671 4.000000 0.510000 0.475219
4gt4-v1_74
original 0 273 486 293 213 4.000000 0.510000 0.019914
rd32-v1_68
original 0 36 57 37 21 4.000000 0.510000 0.003217
decod24-v0_38
original 0 51 84 52 33 4.000000 0.510000 0.004724
sym6_316
improve 0 270 525 287 255 4.000000 0.510000 0.040523
alu-v0_26
original 0 84 144 85 60 4.000000 0.510000 0.009308
clip_206
improve 0 33827 62598 37092 28761 4.000000 0.510000 7.606462
4mod5-v0_18
original 0 69 111 72 42 4.000000 0.510000 0.017075
cm85a_209
original 0 11414 21266 12885 9852 4.000000 0.510000 66.882175
alu-v4_36
original 0 115 193 117 78 4.000000 0.510000 0.012458
one-two-three-v0_97
improve 0 290 572 359 282 4.000000 0.510000 0.030532
4gt13_90
original 0 107 179 111 72 4.000000 0.510000 0.010563
mod5d2_64
original 0 53 92 58 39 4.000000 0.510000 0.005412
ground_state_estimation_10
original 0 390180 457794 206598 67614 4.000000 0.510000 11.779167
C17_204
original 0 467 818 489 351 4.000000 0.510000 0.141873
4gt13_92
original 0 66 156 105 90 4.000000 0.510000 0.015091
rd53_130
improve 0 1043 1796 1051 753 4.000000 0.510000 0.060974
alu-v3_34
original 0 52 85 53 33 4.000000 0.510000 0.005343
decod24-bdd_294
original 0 73 118 71 45 4.000000 0.510000 0.006356
4gt5_76
original 0 91 163 114 72 4.000000 0.510000 0.008520
sym9_146
original 0 328 589 272 261 4.000000 0.510000 0.033107
4mod5-v1_22
original 0 21 33 21 12 4.000000 0.510000 0.002762
rd32_270
original 0 84 144 91 60 4.000000 0.510000 0.008563
hwb4_49
original 0 233 401 251 168 4.000000 0.510000 0.017383
urf5_280
improve 0 49829 90811 55056 40971 4.000000 0.510000 5.326030
4gt5_77
original 0 131 218 127 87 4.000000 0.510000 0.024868
rd84_253
improve 0 13658 25155 14291 11484 4.000000 0.510000 3.272019
4_49_16
improve 0 217 436 285 210 4.000000 0.510000 2.099581
qft_10
improve 0 200 314 129 114 4.000000 0.510000 0.096277
4mod5-bdd_287
original 0 70 121 70 51 4.000000 0.510000 0.007679
qft_16
improve 0 512 902 264 348 4.000000 0.510000 5.887018
urf1_149
improve 0 184864 322072 187005 137208 4.000000 0.510000 11.025650
urf5_158
improve 0 164416 293539 173264 129087 4.000000 0.510000 14.039992
urf3_279
improve 0 125362 236394 143752 110964 4.000000 0.510000 26.169319
4gt12-v0_86
original 0 251 434 259 183 4.000000 0.510000 0.051320
4gt4-v0_73
original 0 395 689 438 294 4.000000 0.510000 0.017710
alu-v1_29
original 0 37 58 37 21 4.000000 0.510000 0.003900
alu-bdd_288
improve 0 84 150 94 66 4.000000 0.510000 0.008842
decod24-v2_43
original 0 52 82 52 30 4.000000 0.510000 0.004699
mod8-10_178
improve 0 342 606 361 264 4.000000 0.510000 0.023444
one-two-three-v0_98
original 0 146 308 190 162 4.000000 0.510000 1.508655
4gt4-v0_78
original 0 235 409 246 174 4.000000 0.510000 0.024872
4mod5-v0_19
original 0 35 59 39 24 4.000000 0.510000 0.003788
alu-v2_30
original 0 504 975 608 471 4.000000 0.510000 0.038577
alu-v3_35
original 0 37 58 37 21 4.000000 0.510000 0.003842
dist_223
improve 0 38046 69672 39383 31602 4.000000 0.510000 12.169434
4gt4-v0_79
original 0 231 399 235 168 4.000000 0.510000 0.031267
hwb8_113
original 0 69380 122069 72620 52689 4.000000 0.510000 4.073870
ex3_229
improve 0 403 793 486 390 4.000000 0.510000 0.062854
xor5_254
original 0 7 10 5 3 4.000000 0.510000 0.000930
f2_232
improve 0 1206 2172 1321 966 4.000000 0.510000 0.104172
time:30529.564732