rd53_138
original 0 132 231 116 99 3.000000 0.310000 0.012195
4gt13-v1_93
original 0 68 143 102 75 3.000000 0.310000 0.015534
mod5mils_65
original 0 35 59 39 24 3.000000 0.310000 0.003547
mod5d1_63
original 0 22 40 26 18 3.000000 0.310000 0.005056
sym10_262
original 0 64283 118499 70156 54216 3.000000 0.310000 17.484032
aj-e11_165
original 0 151 271 161 120 3.000000 0.310000 0.029280
hwb9_119
improve 0 207775 375041 223561 167202 3.000000 0.310000 27.808761
4gt11_83
original 0 23 32 23 9 3.000000 0.310000 0.059586
cm42a_207
original 0 1776 3207 1870 1431 3.000000 0.310000 0.127999
4gt4-v0_72
original 0 258 432 242 174 3.000000 0.310000 0.017973
max46_240
original 0 27126 48162 27740 21036 3.000000 0.310000 2.874657
dc2_222
original 0 9462 17568 10481 8106 3.000000 0.310000 1.674745
sym9_193
improve 0 34881 63935 38120 29019 3.000000 0.310000 9.232495
rd53_135
improve 0 296 533 323 237 3.000000 0.310000 0.033058
mod10_171
original 0 244 436 274 192 3.000000 0.310000 0.018182
ising_model_13
original 0 633 633 143 0 3.000000 0.310000 0.010140
adr4_197
improve 0 3439 6718 3985 3270 3.000000 0.310000 3.615683
4gt11_84
original 0 18 27 17 9 3.000000 0.310000 0.003269
4gt11_82
original 0 27 42 33 15 3.000000 0.310000 0.002917
wim_266
improve 0 986 1790 1031 804 3.000000 0.310000 0.075029
rd53_131
improve 0 469 850 540 381 3.000000 0.310000 0.041911
mod8-10_177
original 0 440 749 455 309 3.000000 0.310000 0.027386
4gt10-v1_81
original 0 148 256 162 108 3.000000 0.310000 0.012565
alu-v1_28
original 0 37 61 39 24 3.000000 0.310000 0.003837
cnt3-5_179
improve 0 175 352 146 171 3.000000 0.310000 0.983119
square_root_7
original 0 7630 14305 7945 6675 3.000000 0.310000 6.151852
one-two-three-v1_99
original 0 132 222 135 90 3.000000 0.310000 0.013354
mini_alu_305
original 0 173 317 154 144 3.000000 0.310000 0.040167
rd53_311
improve 0 275 503 238 228 3.000000 0.310000 0.034963
3_17_13
original 0 36 54 35 18 3.000000 0.310000 0.003104
rd73_252
improve 0 5321 9542 5436 4206 3.000000 0.310000 2.634516
4gt4-v0_80
original 0 179 311 190 132 3.000000 0.310000 0.015205
hwb7_59
improve 0 24379 42934 25100 18555 3.000000 0.310000 1.518991
ham3_102
original 0 20 35 26 15 3.000000 0.310000 0.010672
cnt3-5_180
original 0 485 887 431 402 3.000000 0.310000 0.057269
rd53_133
improve 0 580 1150 751 570 3.000000 0.310000 0.045460
4mod7-v0_94
improve 0 162 336 225 174 3.000000 0.310000 0.020653
plus63mod4096_163
original 0 128744 237566 143369 108822 3.000000 0.310000 53.626714
mini-alu_167
original 0 288 486 293 198 3.000000 0.310000 0.054897
root_255
original 0 17159 31247 17445 14088 3.000000 0.310000 3.604966
z4_268
original 0 3073 5944 3411 2871 3.000000 0.310000 11.775176
majority_239
original 0 612 1284 805 672 3.000000 0.310000 150.024422
ex2_227
improve 0 631 1276 812 645 3.000000 0.310000 0.110826
urf2_277
original 0 20112 37833 23068 17721 3.000000 0.310000 6.066605
one-two-three-v3_101
original 0 70 115 71 45 3.000000 0.310000 0.013466
4gt13_91
original 0 103 169 105 66 3.000000 0.310000 0.009750
4gt12-v1_89
original 0 228 384 230 156 3.000000 0.310000 0.014996
sqrt8_260
improve 0 3009 5436 3189 2427 3.000000 0.310000 0.255367
rd32-v0_66
original 0 34 55 37 21 3.000000 0.310000 0.003648
sym9_148
improve 0 21504 39315 23582 17796 3.000000 0.310000 5.440253
4gt5_75
original 0 83 134 75 51 3.000000 0.310000 0.012609
0410184_169
original 0 211 391 208 180 3.000000 0.310000 0.025255
urf2_152
original 0 80480 140360 82554 59880 3.000000 0.310000 4.812397
urf1_278
improve 0 54766 102414 62355 47631 3.000000 0.310000 8.499578
sym6_145
improve 0 3888 6816 4076 2928 3.000000 0.310000 0.242237
alu-v2_32
original 0 163 286 176 123 3.000000 0.310000 0.008640
4gt12-v0_88
improve 0 194 326 196 132 3.000000 0.310000 0.015498
squar5_261
original 0 1993 3619 2104 1626 3.000000 0.310000 0.186770
alu-v2_31
improve 0 451 784 483 333 3.000000 0.310000 0.030181
hwb5_53
improve 0 1336 2365 1459 1029 3.000000 0.310000 0.076854
one-two-three-v2_100
original 0 69 114 73 45 3.000000 0.310000 0.005997
cycle10_2_110
original 0 6050 11249 6926 5199 3.000000 0.310000 0.884893
urf6_160
improve 0 171840 313374 180100 141498 3.000000 0.310000 21.233083
ising_model_10
original 0 480 480 110 0 3.000000 0.310000 0.057294
sys6-v0_111
original 0 215 401 182 186 3.000000 0.310000 0.022551
plus63mod8192_164
improve 0 187112 346152 208619 158844 3.000000 0.310000 61.370600
mod5adder_127
original 0 555 1002 593 447 3.000000 0.310000 0.087148
rd73_140
original 0 230 401 195 171 3.000000 0.310000 0.018944
4mod5-v1_23
original 0 69 120 77 51 3.000000 0.310000 0.007864
graycode6_47
original 0 5 5 5 0 3.000000 0.310000 0.001082
ising_model_16
original 0 786 786 176 0 3.000000 0.310000 0.012048
ham7_104
improve 0 320 668 442 348 3.000000 0.310000 0.088191
ex-1_166
original 0 19 31 21 12 3.000000 0.310000 0.002155
decod24-v3_45
original 0 150 303 191 153 3.000000 0.310000 0.086247
urf4_187
improve 0 512064 909000 500496 396894 3.000000 0.310000 39.247650
life_238
original 0 22445 40895 24581 18450 3.000000 0.310000 21.282084
con1_216
improve 0 954 1758 1007 804 3.000000 0.310000 0.097228
hwb6_56
original 0 6723 11832 7071 5109 3.000000 0.310000 0.437001
mod10_176
improve 0 178 301 179 123 3.000000 0.310000 0.017391
ex1_226
original 0 7 10 5 3 3.000000 0.310000 0.001395
sf_276
original 0 778 1438 877 660 3.000000 0.310000 0.117202
cm152a_212
improve 0 1221 2340 1432 1119 3.000000 0.310000 0.156229
4gt12-v0_87
improve 0 247 424 252 177 3.000000 0.310000 0.020022
decod24-enable_126
original 0 338 596 359 258 3.000000 0.310000 0.021847
radd_250
original 0 3213 5760 3356 2547 3.000000 0.310000 0.276446
pm1_249
original 0 1776 3207 1870 1431 3.000000 0.310000 0.137003
sf_274
improve 0 781 1429 899 648 3.000000 0.310000 0.111801
miller_11
original 0 50 86 59 36 3.000000 0.310000 0.004609
rd53_251
original 0 1291 2197 1288 906 3.000000 0.310000 0.073662
mlp4_245
original 0 18852 34842 20649 15990 3.000000 0.310000 9.480028
9symml_195
improve 0 34881 63935 38120 29019 3.000000 0.310000 9.089066
rd84_142
improve 0 343 664 275 321 3.000000 0.310000 0.649647
inc_237
improve 0 10619 19688 12010 9069 3.000000 0.310000 1.078727
sqn_258
original 0 10223 18833 11022 8610 3.000000 0.310000 14.019103
alu-v2_33
original 0 37 61 39 24 3.000000 0.310000 0.008618
sao2_257
improve 0 38577 71940 39984 33315 3.000000 0.310000 17.448270
co14_215
improve 0 17936 34121 18040 16158 3.000000 0.310000 10.448416
decod24-v1_41
improve 0 85 181 122 96 3.000000 0.310000 0.017317
4mod5-v0_20
original 0 20 29 18 9 3.000000 0.310000 0.002294
alu-v4_37
original 0 37 58 37 21 3.000000 0.310000 0.003601
urf3_155
improve 0 423488 752389 435878 328821 3.000000 0.310000 42.974928
misex1_241
original 0 4813 8629 5164 3816 3.000000 0.310000 0.416676
alu-v0_27
original 0 36 57 37 21 3.000000 0.310000 0.005586
4mod5-v1_24
original 0 36 75 37 39 3.000000 0.310000 0.012702
4mod7-v1_96
original 0 164 284 185 120 3.000000 0.310000 0.022855
cm82a_208
improve 0 650 1112 636 462 3.000000 0.310000 0.048904
ham15_107
improve 0 8763 16460 9950 7668 3.000000 0.310000 16.663696
0example
original 0 9 39 34 30 3.000000 0.310000 0.021079
dc1_220
improve 0 1914 3594 2208 1680 3.000000 0.310000 0.188741
4gt4-v1_74
original 0 273 465 275 192 3.000000 0.310000 0.021325
rd32-v1_68
original 0 36 57 37 21 3.000000 0.310000 0.003223
decod24-v0_38
original 0 51 84 52 33 3.000000 0.310000 0.004641
sym6_316
original 0 270 513 263 243 3.000000 0.310000 0.035718
alu-v0_26
original 0 84 147 92 63 3.000000 0.310000 0.009585
clip_206
improve 0 33827 62813 36450 28950 3.000000 0.310000 11.595222
4mod5-v0_18
original 0 69 111 71 42 3.000000 0.310000 0.015489
cm85a_209
improve 0 11414 21425 13294 10002 3.000000 0.310000 4.224438
alu-v4_36
original 0 115 193 116 78 3.000000 0.310000 0.013037
one-two-three-v0_97
original 0 290 563 349 273 3.000000 0.310000 0.030175
4gt13_90
original 0 107 173 108 66 3.000000 0.310000 0.010088
mod5d2_64
original 0 53 92 58 39 3.000000 0.310000 0.005336
ground_state_estimation_10
original 0 390180 463143 210964 72963 3.000000 0.310000 11.814659
C17_204
improve 0 467 815 478 348 3.000000 0.310000 0.140330
4gt13_92
original 0 66 156 105 90 3.000000 0.310000 0.019279
rd53_130
improve 0 1043 1814 1052 771 3.000000 0.310000 0.078511
alu-v3_34
original 0 52 85 53 33 3.000000 0.310000 0.005289
decod24-bdd_294
original 0 73 121 78 48 3.000000 0.310000 0.007460
4gt5_76
original 0 91 163 113 72 3.000000 0.310000 0.009576
sym9_146
original 0 328 619 291 291 3.000000 0.310000 0.042620
4mod5-v1_22
original 0 21 33 21 12 3.000000 0.310000 0.002737
rd32_270
original 0 84 135 83 51 3.000000 0.310000 0.007365
hwb4_49
original 0 233 401 252 168 3.000000 0.310000 0.017857
urf5_280
improve 0 49829 91181 54773 41349 3.000000 0.310000 4.379369
4gt5_77
original 0 131 209 118 78 3.000000 0.310000 0.022839
rd84_253
original 0 13658 25238 14478 11580 3.000000 0.310000 16.958269
4_49_16
improve 0 217 433 284 216 3.000000 0.310000 0.041876
qft_10
original 0 200 317 113 117 3.000000 0.310000 0.087537
4mod5-bdd_287
original 0 70 121 70 51 3.000000 0.310000 0.007640
qft_16
original 0 512 881 247 369 3.000000 0.310000 2.801486
urf1_149
improve 0 184864 321937 186474 137061 3.000000 0.310000 13.425715
urf5_158
improve 0 164416 291955 173069 127524 3.000000 0.310000 11.404357
urf3_279
improve 0 125362 237305 143638 111861 3.000000 0.310000 33.046642
4gt12-v0_86
original 0 251 437 260 186 3.000000 0.310000 0.049777
4gt4-v0_73
original 0 395 692 428 297 3.000000 0.310000 0.018976
alu-v1_29
original 0 37 58 37 21 3.000000 0.310000 0.003934
alu-bdd_288
original 0 84 153 91 69 3.000000 0.310000 0.009771
decod24-v2_43
original 0 52 82 52 30 3.000000 0.310000 0.004405
mod8-10_178
improve 0 342 597 340 255 3.000000 0.310000 0.023328
one-two-three-v0_98
original 0 146 302 194 156 3.000000 0.310000 1.559799
4gt4-v0_78
original 0 235 406 254 171 3.000000 0.310000 0.026886
4mod5-v0_19
original 0 35 59 38 24 3.000000 0.310000 0.003775
alu-v2_30
original 0 504 960 620 456 3.000000 0.310000 0.038809
alu-v3_35
original 0 37 58 37 21 3.000000 0.310000 0.003890
dist_223
improve 0 38046 69815 39685 31662 3.000000 0.310000 34.465683
4gt4-v0_79
original 0 231 399 246 168 3.000000 0.310000 0.035285
hwb8_113
improve 0 69380 123710 73478 54318 3.000000 0.310000 6.000051
ex3_229
improve 0 403 829 535 426 3.000000 0.310000 0.211649
xor5_254
original 0 7 10 5 3 3.000000 0.310000 0.000983
f2_232
improve 0 1206 2283 1476 1077 3.000000 0.310000 0.412056
time:22266.741080