rd53_138
improve 0 132 237 120 105 1.000000 0.121100 0.020009
4gt13-v1_93
improve 0 68 149 91 81 1.000000 0.121100 0.021734
mod5mils_65
original 0 35 59 37 24 1.000000 0.121100 0.002108
mod5d1_63
original 0 22 40 26 18 1.000000 0.121100 0.005006
sym10_262
improve 0 64283 123108 75418 58647 1.000000 0.121100 63.519532
aj-e11_165
improve 0 151 268 175 117 1.000000 0.121100 0.033357
hwb9_119
improve 0 207775 388832 238498 180873 1.000000 0.121100 71.642000
4gt11_83
original 0 23 32 23 9 1.000000 0.121100 0.067240
cm42a_207
original 0 1776 3285 1946 1509 1.000000 0.121100 0.237057
4gt4-v0_72
original 0 258 456 278 198 1.000000 0.121100 0.023682
max46_240
improve 0 27126 50575 30036 23433 1.000000 0.121100 7.896240
dc2_222
improve 0 9462 18150 11206 8655 1.000000 0.121100 22.425440
sym9_193
improve 0 34881 65963 40290 31032 1.000000 0.121100 16.836257
rd53_135
original 0 296 533 335 237 1.000000 0.121100 0.036948
mod10_171
original 0 244 442 289 198 1.000000 0.121100 0.018299
ising_model_13
original 0 633 633 143 0 1.000000 0.121100 0.010002
adr4_197
original 0 3439 6703 3905 3264 1.000000 0.121100 5.400640
4gt11_84
original 0 18 27 17 9 1.000000 0.121100 0.002985
4gt11_82
original 0 27 42 29 15 1.000000 0.121100 0.002111
wim_266
original 0 986 1811 1071 825 1.000000 0.121100 0.094678
rd53_131
improve 0 469 937 599 468 1.000000 0.121100 0.080334
mod8-10_177
improve 0 440 800 492 360 1.000000 0.121100 0.031981
4gt10-v1_81
original 0 148 256 166 108 1.000000 0.121100 0.011519
alu-v1_28
original 0 37 58 38 21 1.000000 0.121100 0.002895
cnt3-5_179
original 0 175 361 155 186 1.000000 0.121100 0.153658
square_root_7
improve 0 7630 14529 8370 6867 1.000000 0.121100 15.276049
one-two-three-v1_99
improve 0 132 234 146 102 1.000000 0.121100 0.013949
mini_alu_305
improve 0 173 323 147 150 1.000000 0.121100 0.042416
rd53_311
original 0 275 506 245 231 1.000000 0.121100 0.042602
3_17_13
original 0 36 57 38 21 1.000000 0.121100 0.002580
rd73_252
original 0 5321 9887 5909 4566 1.000000 0.121100 1.185179
4gt4-v0_80
original 0 179 305 187 126 1.000000 0.121100 0.014334
hwb7_59
improve 0 24379 44029 26690 19638 1.000000 0.121100 3.696772
ham3_102
original 0 20 29 20 9 1.000000 0.121100 0.011091
cnt3-5_180
improve 0 485 914 462 429 1.000000 0.121100 0.072586
rd53_133
original 0 580 1141 736 561 1.000000 0.121100 0.056056
4mod7-v0_94
original 0 162 327 208 165 1.000000 0.121100 0.027075
plus63mod4096_163
improve 0 128744 247270 152071 118116 1.000000 0.121100 200.447724
mini-alu_167
original 0 288 495 311 207 1.000000 0.121100 0.059708
root_255
improve 0 17159 32718 18639 15543 1.000000 0.121100 5.850653
z4_268
original 0 3073 5869 3459 2796 1.000000 0.121100 8.878758
majority_239
original 0 612 1116 706 504 1.000000 0.121100 0.161209
ex2_227
original 0 631 1213 760 582 1.000000 0.121100 0.074775
urf2_277
improve 0 20112 39495 24603 19377 1.000000 0.121100 3.090403
one-two-three-v3_101
improve 0 70 121 73 51 1.000000 0.121100 0.015266
4gt13_91
improve 0 103 178 117 75 1.000000 0.121100 0.012419
4gt12-v1_89
improve 0 228 414 253 186 1.000000 0.121100 0.017962
sqrt8_260
original 0 3009 5658 3387 2649 1.000000 0.121100 0.293106
rd32-v0_66
original 0 34 55 36 21 1.000000 0.121100 0.003865
sym9_148
original 0 21504 40050 24705 18546 1.000000 0.121100 9.283248
4gt5_75
original 0 83 131 78 48 1.000000 0.121100 0.014200
0410184_169
improve 0 211 391 222 180 1.000000 0.121100 0.026781
urf2_152
improve 0 80480 144155 86836 63645 1.000000 0.121100 9.360946
urf1_278
original 0 54766 105685 65778 50919 1.000000 0.121100 53.757184
sym6_145
original 0 3888 7020 4316 3132 1.000000 0.121100 1.573614
alu-v2_32
improve 0 163 295 183 132 1.000000 0.121100 0.019565
4gt12-v0_88
original 0 194 332 212 138 1.000000 0.121100 0.008619
squar5_261
improve 0 1993 3700 2126 1707 1.000000 0.121100 0.171678
alu-v2_31
original 0 451 784 484 333 1.000000 0.121100 0.026305
hwb5_53
improve 0 1336 2371 1483 1035 1.000000 0.121100 0.076509
one-two-three-v2_100
original 0 69 123 78 54 1.000000 0.121100 0.008891
cycle10_2_110
original 0 6050 11681 7162 5631 1.000000 0.121100 0.859726
urf6_160
original 0 171840 323961 190778 152121 1.000000 0.121100 75.160189
ising_model_10
original 0 480 480 110 0 1.000000 0.121100 0.059609
sys6-v0_111
original 0 215 398 179 183 1.000000 0.121100 0.028267
plus63mod8192_164
improve 0 187112 361739 223177 174198 1.000000 0.121100 237.877518
mod5adder_127
improve 0 555 1059 657 504 1.000000 0.121100 0.124627
rd73_140
improve 0 230 437 210 207 1.000000 0.121100 0.036713
4mod5-v1_23
original 0 69 114 74 45 1.000000 0.121100 0.006485
graycode6_47
original 0 5 5 5 0 1.000000 0.121100 0.000659
ising_model_16
original 0 786 786 176 0 1.000000 0.121100 0.006674
ham7_104
improve 0 320 635 412 315 1.000000 0.121100 0.051256
ex-1_166
original 0 19 31 21 12 1.000000 0.121100 0.001620
decod24-v3_45
improve 0 150 303 185 153 1.000000 0.121100 0.036632
urf4_187
improve 0 512064 946987 546057 434796 1.000000 0.121100 73.946451
life_238
improve 0 22445 42292 26330 19809 1.000000 0.121100 14.011792
con1_216
original 0 954 1821 1100 867 1.000000 0.121100 0.153732
hwb6_56
original 0 6723 12147 7370 5424 1.000000 0.121100 0.485060
mod10_176
original 0 178 298 188 120 1.000000 0.121100 0.015221
ex1_226
original 0 7 10 5 3 1.000000 0.121100 0.001390
sf_276
improve 0 778 1429 908 651 1.000000 0.121100 0.088504
cm152a_212
improve 0 1221 2271 1407 1050 1.000000 0.121100 0.153419
4gt12-v0_87
original 0 247 421 248 174 1.000000 0.121100 0.020083
decod24-enable_126
original 0 338 584 370 246 1.000000 0.121100 0.020604
radd_250
improve 0 3213 6079 3755 2862 1.000000 0.121100 1.140565
pm1_249
original 0 1776 3285 1946 1509 1.000000 0.121100 0.233278
sf_274
improve 0 781 1465 933 684 1.000000 0.121100 0.073452
miller_11
original 0 50 89 62 39 1.000000 0.121100 0.002503
rd53_251
improve 0 1291 2416 1494 1125 1.000000 0.121100 0.091511
mlp4_245
improve 0 18852 36319 21831 17394 1.000000 0.121100 19.212255
9symml_195
improve 0 34881 65963 40290 31032 1.000000 0.121100 16.522855
rd84_142
improve 0 343 646 267 303 1.000000 0.121100 0.080990
inc_237
original 0 10619 19859 11961 9240 1.000000 0.121100 1.442979
sqn_258
improve 0 10223 19136 11820 8904 1.000000 0.121100 3.239023
alu-v2_33
original 0 37 67 40 30 1.000000 0.121100 0.008318
sao2_257
improve 0 38577 73756 41915 35076 1.000000 0.121100 41.669613
co14_215
improve 0 17936 35386 19474 17238 1.000000 0.121100 71.140418
decod24-v1_41
original 0 85 196 136 111 1.000000 0.121100 0.030955
4mod5-v0_20
original 0 20 29 18 9 1.000000 0.121100 0.002247
alu-v4_37
original 0 37 61 41 24 1.000000 0.121100 0.003647
urf3_155
improve 0 423488 773401 457071 349680 1.000000 0.121100 91.054170
misex1_241
original 0 4813 9007 5562 4194 1.000000 0.121100 0.459906
alu-v0_27
original 0 36 57 37 21 1.000000 0.121100 0.003248
4mod5-v1_24
original 0 36 72 35 36 1.000000 0.121100 0.012005
4mod7-v1_96
improve 0 164 287 177 123 1.000000 0.121100 0.016485
cm82a_208
original 0 650 1184 694 534 1.000000 0.121100 0.052850
ham15_107
improve 0 8763 16719 10450 7932 1.000000 0.121100 7.550845
0example
original 0 9 45 30 36 1.000000 0.121100 0.027759
dc1_220
improve 0 1914 3627 2233 1713 1.000000 0.121100 0.187138
4gt4-v1_74
original 0 273 486 312 213 1.000000 0.121100 0.021544
rd32-v1_68
original 0 36 57 36 21 1.000000 0.121100 0.001763
decod24-v0_38
original 0 51 81 52 30 1.000000 0.121100 0.003588
sym6_316
improve 0 270 540 290 270 1.000000 0.121100 0.113795
alu-v0_26
original 0 84 147 88 63 1.000000 0.121100 0.008908
clip_206
improve 0 33827 64960 39087 31059 1.000000 0.121100 27.647156
4mod5-v0_18
original 0 69 111 71 42 1.000000 0.121100 0.012158
cm85a_209
original 0 11414 21941 13401 10527 1.000000 0.121100 3.024835
alu-v4_36
original 0 115 193 123 78 1.000000 0.121100 0.012615
one-two-three-v0_97
original 0 290 560 345 270 1.000000 0.121100 0.062972
4gt13_90
improve 0 107 182 121 75 1.000000 0.121100 0.017544
mod5d2_64
original 0 53 95 59 42 1.000000 0.121100 0.005648
ground_state_estimation_10
original 0 390180 502929 247839 112749 1.000000 0.121100 14.932058
C17_204
original 0 467 860 523 393 1.000000 0.121100 0.155673
4gt13_92
original 0 66 162 112 96 1.000000 0.121100 0.025414
rd53_130
improve 0 1043 1847 1096 804 1.000000 0.121100 0.087120
alu-v3_34
original 0 52 82 53 30 1.000000 0.121100 0.004691
decod24-bdd_294
original 0 73 121 76 48 1.000000 0.121100 0.008226
4gt5_76
original 0 91 175 122 84 1.000000 0.121100 0.010632
sym9_146
improve 0 328 604 277 276 1.000000 0.121100 0.050328
4mod5-v1_22
original 0 21 30 19 9 1.000000 0.121100 0.002429
rd32_270
original 0 84 141 86 57 1.000000 0.121100 0.007107
hwb4_49
original 0 233 404 257 171 1.000000 0.121100 0.020994
urf5_280
original 0 49829 94106 57870 44277 1.000000 0.121100 4.571116
4gt5_77
original 0 131 221 129 90 1.000000 0.121100 0.030645
rd84_253
improve 0 13658 25599 15127 11928 1.000000 0.121100 4.130609
4_49_16
original 0 217 424 277 207 1.000000 0.121100 0.036071
qft_10
improve 0 200 317 103 117 1.000000 0.121100 0.086185
4mod5-bdd_287
original 0 70 118 73 48 1.000000 0.121100 0.006227
qft_16
improve 0 512 897 241 327 1.000000 0.121100 20.580764
urf1_149
improve 0 184864 329818 196109 144954 1.000000 0.121100 12.012701
urf5_158
improve 0 164416 293926 176665 129510 1.000000 0.121100 10.624261
urf3_279
improve 0 125362 246265 152014 120723 1.000000 0.121100 48.371519
4gt12-v0_86
original 0 251 428 255 177 1.000000 0.121100 0.053171
4gt4-v0_73
original 0 395 740 490 345 1.000000 0.121100 0.026055
alu-v1_29
original 0 37 58 37 21 1.000000 0.121100 0.003586
alu-bdd_288
original 0 84 144 89 60 1.000000 0.121100 0.009799
decod24-v2_43
original 0 52 88 57 36 1.000000 0.121100 0.004643
mod8-10_178
improve 0 342 603 370 261 1.000000 0.121100 0.022500
one-two-three-v0_98
original 0 146 290 176 144 1.000000 0.121100 0.086505
4gt4-v0_78
improve 0 235 421 272 186 1.000000 0.121100 0.018899
4mod5-v0_19
original 0 35 56 37 21 1.000000 0.121100 0.003499
alu-v2_30
improve 0 504 936 585 432 1.000000 0.121100 0.043167
alu-v3_35
original 0 37 61 41 24 1.000000 0.121100 0.003778
dist_223
improve 0 38046 73302 42566 35121 1.000000 0.121100 47.050457
4gt4-v0_79
improve 0 231 408 260 177 1.000000 0.121100 0.025367
hwb8_113
improve 0 69380 127325 77811 57855 1.000000 0.121100 23.417208
ex3_229
improve 0 403 760 489 357 1.000000 0.121100 0.084755
xor5_254
original 0 7 10 5 3 1.000000 0.121100 0.001024
f2_232
improve 0 1206 2208 1399 1002 1.000000 0.121100 0.222652
time:8480.964488