rd53_138
original 0 132 234 109 102 3.000000 0.451000 0.013605
4gt13-v1_93
original 0 68 143 102 75 3.000000 0.451000 0.015171
mod5mils_65
original 0 35 59 39 24 3.000000 0.451000 0.002992
mod5d1_63
original 0 22 40 26 18 3.000000 0.451000 0.005124
sym10_262
improve 0 64283 119341 71071 54966 3.000000 0.451000 35.945985
aj-e11_165
original 0 151 271 161 120 3.000000 0.451000 0.031296
hwb9_119
original 0 207775 374557 222978 166782 3.000000 0.451000 29.214967
4gt11_83
original 0 23 32 23 9 3.000000 0.451000 0.066972
cm42a_207
original 0 1776 3207 1870 1431 3.000000 0.451000 0.133778
4gt4-v0_72
original 0 258 432 242 174 3.000000 0.451000 0.018803
max46_240
original 0 27126 49011 27884 21885 3.000000 0.451000 9.276653
dc2_222
original 0 9462 17568 10481 8106 3.000000 0.451000 1.694752
sym9_193
improve 0 34881 64340 38359 29394 3.000000 0.451000 18.703838
rd53_135
improve 0 296 515 311 219 3.000000 0.451000 0.047537
mod10_171
original 0 244 436 274 192 3.000000 0.451000 0.017933
ising_model_13
original 0 633 633 143 0 3.000000 0.451000 0.010788
adr4_197
improve 0 3439 6626 3904 3150 3.000000 0.451000 8.935425
4gt11_84
original 0 18 27 17 9 3.000000 0.451000 0.003536
4gt11_82
original 0 27 42 33 15 3.000000 0.451000 0.002940
wim_266
improve 0 986 1790 1031 804 3.000000 0.451000 0.074458
rd53_131
improve 0 469 871 560 402 3.000000 0.451000 0.042978
mod8-10_177
original 0 440 749 447 309 3.000000 0.451000 0.029553
4gt10-v1_81
original 0 148 256 162 108 3.000000 0.451000 0.014495
alu-v1_28
original 0 37 61 39 24 3.000000 0.451000 0.003955
cnt3-5_179
improve 0 175 346 137 165 3.000000 0.451000 0.947827
square_root_7
improve 0 7630 14721 8214 7044 3.000000 0.451000 23.237885
one-two-three-v1_99
original 0 132 222 135 90 3.000000 0.451000 0.014657
mini_alu_305
original 0 173 317 154 144 3.000000 0.451000 0.036889
rd53_311
improve 0 275 503 238 228 3.000000 0.451000 0.044732
3_17_13
original 0 36 54 35 18 3.000000 0.451000 0.003087
rd73_252
improve 0 5321 9701 5623 4365 3.000000 0.451000 7.271774
4gt4-v0_80
original 0 179 311 190 132 3.000000 0.451000 0.017714
hwb7_59
improve 0 24379 42934 25100 18555 3.000000 0.451000 1.461845
ham3_102
original 0 20 35 26 15 3.000000 0.451000 0.011273
cnt3-5_180
original 0 485 887 431 402 3.000000 0.451000 0.059375
rd53_133
original 0 580 1060 656 480 3.000000 0.451000 0.988350
4mod7-v0_94
improve 0 162 357 255 195 3.000000 0.451000 0.029154
plus63mod4096_163
improve 0 128744 238336 143338 109386 3.000000 0.451000 86.594808
mini-alu_167
original 0 288 486 293 198 3.000000 0.451000 0.056607
root_255
original 0 17159 31247 17445 14088 3.000000 0.451000 3.554409
z4_268
original 0 3073 5884 3382 2811 3.000000 0.451000 3.601439
majority_239
improve 0 612 1182 709 525 3.000000 0.451000 33.838536
ex2_227
improve 0 631 1243 791 612 3.000000 0.451000 0.067990
urf2_277
original 0 20112 37833 23068 17721 3.000000 0.451000 5.986796
one-two-three-v3_101
original 0 70 115 71 45 3.000000 0.451000 0.013458
4gt13_91
original 0 103 169 105 66 3.000000 0.451000 0.007012
4gt12-v1_89
original 0 228 384 230 156 3.000000 0.451000 0.014818
sqrt8_260
improve 0 3009 5529 3227 2520 3.000000 0.451000 0.300684
rd32-v0_66
original 0 34 55 37 21 3.000000 0.451000 0.003743
sym9_148
improve 0 21504 39078 23415 17550 3.000000 0.451000 5.082069
4gt5_75
original 0 83 134 75 51 3.000000 0.451000 0.016300
0410184_169
original 0 211 391 208 180 3.000000 0.451000 0.024848
urf2_152
original 0 80480 140360 82554 59880 3.000000 0.451000 4.961942
urf1_278
improve 0 54766 101770 61622 46971 3.000000 0.451000 11.983853
sym6_145
improve 0 3888 6816 4076 2928 3.000000 0.451000 0.251906
alu-v2_32
original 0 163 286 176 123 3.000000 0.451000 0.008973
4gt12-v0_88
improve 0 194 326 196 132 3.000000 0.451000 0.014596
squar5_261
original 0 1993 3619 2104 1626 3.000000 0.451000 0.202127
alu-v2_31
improve 0 451 784 483 333 3.000000 0.451000 0.029217
hwb5_53
original 0 1336 2392 1446 1056 3.000000 0.451000 0.080881
one-two-three-v2_100
original 0 69 114 73 45 3.000000 0.451000 0.006419
cycle10_2_110
original 0 6050 11330 6821 5280 3.000000 0.451000 1.644477
urf6_160
improve 0 171840 313374 180100 141498 3.000000 0.451000 21.753232
ising_model_10
original 0 480 480 110 0 3.000000 0.451000 0.056362
sys6-v0_111
improve 0 215 371 160 156 3.000000 0.451000 0.019238
plus63mod8192_164
improve 0 187112 346152 208619 158844 3.000000 0.451000 62.779013
mod5adder_127
original 0 555 1062 638 507 3.000000 0.451000 0.100774
rd73_140
original 0 230 404 195 174 3.000000 0.451000 0.019033
4mod5-v1_23
original 0 69 120 77 51 3.000000 0.451000 0.006992
graycode6_47
original 0 5 5 5 0 3.000000 0.451000 0.001026
ising_model_16
original 0 786 786 176 0 3.000000 0.451000 0.012638
ham7_104
original 0 320 638 374 318 3.000000 0.451000 0.148842
ex-1_166
original 0 19 31 21 12 3.000000 0.451000 0.002270
decod24-v3_45
original 0 150 354 241 204 3.000000 0.451000 0.045120
