rd53_138
improve 0 132 231 119 99 5.000000 0.300000 0.018153
4gt13-v1_93
original 0 68 143 102 75 5.000000 0.300000 0.013989
mod5mils_65
original 0 35 59 39 24 5.000000 0.300000 0.003587
mod5d1_63
original 0 22 40 26 18 5.000000 0.300000 0.005009
sym10_262
improve 0 64283 116199 70253 51885 5.000000 0.300000 7.544783
aj-e11_165
original 0 151 259 152 108 5.000000 0.300000 0.029614
hwb9_119
improve 0 207775 367989 222758 160167 5.000000 0.300000 23.736519
4gt11_83
original 0 23 32 23 9 5.000000 0.300000 0.071439
cm42a_207
original 0 1776 3087 1803 1311 5.000000 0.300000 0.103853
4gt4-v0_72
original 0 258 444 262 186 5.000000 0.300000 0.020629
max46_240
original 0 27126 48543 28170 21417 5.000000 0.300000 2.084212
dc2_222
improve 0 9462 17205 10385 7737 5.000000 0.300000 2.689888
sym9_193
improve 0 34881 63291 38460 28404 5.000000 0.300000 3.724846
rd53_135
improve 0 296 515 302 219 5.000000 0.300000 0.032537
mod10_171
original 0 244 415 261 171 5.000000 0.300000 0.016528
ising_model_13
original 0 633 633 143 0 5.000000 0.300000 0.009501
adr4_197
original 0 3439 6307 3667 2868 5.000000 0.300000 0.445188
4gt11_84
original 0 18 27 17 9 5.000000 0.300000 0.003224
4gt11_82
original 0 27 42 33 15 5.000000 0.300000 0.002949
wim_266
original 0 986 1724 992 738 5.000000 0.300000 0.081031
rd53_131
original 0 469 853 523 384 5.000000 0.300000 0.032587
mod8-10_177
original 0 440 770 475 330 5.000000 0.300000 0.027853
4gt10-v1_81
original 0 148 247 152 99 5.000000 0.300000 0.014379
alu-v1_28
original 0 37 58 38 21 5.000000 0.300000 0.003276
cnt3-5_179
original 0 175 334 118 159 5.000000 0.300000 0.047528
square_root_7
improve 0 7630 13874 7537 6237 5.000000 0.300000 3.263062
one-two-three-v1_99
original 0 132 228 140 96 5.000000 0.300000 0.013088
mini_alu_305
original 0 173 311 156 138 5.000000 0.300000 0.024340
rd53_311
original 0 275 482 231 207 5.000000 0.300000 0.028306
3_17_13
original 0 36 54 35 18 5.000000 0.300000 0.001750
rd73_252
original 0 5321 9458 5530 4137 5.000000 0.300000 4.160070
4gt4-v0_80
original 0 179 314 192 135 5.000000 0.300000 0.018231
hwb7_59
original 0 24379 42283 25199 17904 5.000000 0.300000 1.427105
ham3_102
original 0 20 35 26 15 5.000000 0.300000 0.010550
cnt3-5_180
improve 0 485 857 417 372 5.000000 0.300000 0.047661
rd53_133
original 0 580 1069 663 489 5.000000 0.300000 0.107764
4mod7-v0_94
improve 0 162 351 245 189 5.000000 0.300000 0.021861
plus63mod4096_163
original 0 128744 234701 142337 105957 5.000000 0.300000 80.348536
mini-alu_167
original 0 288 480 307 192 5.000000 0.300000 0.052235
root_255
original 0 17159 30707 17356 13548 5.000000 0.300000 6.247317
z4_268
original 0 3073 5929 3525 2856 5.000000 0.300000 1.965242
majority_239
original 0 612 1164 753 552 5.000000 0.300000 67.238533
ex2_227
original 0 631 1222 774 591 5.000000 0.300000 0.148012
urf2_277
improve 0 20112 37086 22954 16956 5.000000 0.300000 5.619950
one-two-three-v3_101
original 0 70 115 73 45 5.000000 0.300000 0.013977
4gt13_91
original 0 103 169 108 66 5.000000 0.300000 0.009681
4gt12-v1_89
original 0 228 405 247 177 5.000000 0.300000 0.020251
sqrt8_260
original 0 3009 5439 3234 2430 5.000000 0.300000 0.548134
rd32-v0_66
original 0 34 55 37 21 5.000000 0.300000 0.003636
sym9_148
original 0 21504 38046 23212 16542 5.000000 0.300000 37.175519
4gt5_75
original 0 83 137 84 54 5.000000 0.300000 0.013946
0410184_169
improve 0 211 379 190 168 5.000000 0.300000 0.023950
urf2_152
improve 0 80480 138965 83094 58485 5.000000 0.300000 4.678902
urf1_278
improve 0 54766 99957 61842 45153 5.000000 0.300000 14.615413
sym6_145
improve 0 3888 6750 4170 2862 5.000000 0.300000 0.210339
alu-v2_32
original 0 163 286 180 123 5.000000 0.300000 0.012568
4gt12-v0_88
original 0 194 317 202 123 5.000000 0.300000 0.014677
squar5_261
improve 0 1993 3595 2083 1602 5.000000 0.300000 0.139172
alu-v2_31
original 0 451 757 471 306 5.000000 0.300000 0.028201
hwb5_53
original 0 1336 2269 1414 933 5.000000 0.300000 0.074045
one-two-three-v2_100
original 0 69 114 74 45 5.000000 0.300000 0.006597
cycle10_2_110
original 0 6050 11036 6742 4986 5.000000 0.300000 1.003905
urf6_160
improve 0 171840 314605 182203 142704 5.000000 0.300000 36.877841
ising_model_10
original 0 480 480 110 0 5.000000 0.300000 0.053711
sys6-v0_111
original 0 215 377 156 162 5.000000 0.300000 0.016600
plus63mod8192_164
improve 0 187112 340469 206888 153207 5.000000 0.300000 55.979866
mod5adder_127
improve 0 555 1014 651 459 5.000000 0.300000 0.093277
rd73_140
original 0 230 395 196 165 5.000000 0.300000 0.018994
4mod5-v1_23
original 0 69 120 80 51 5.000000 0.300000 0.006452
graycode6_47
original 0 5 5 5 0 5.000000 0.300000 0.001028
ising_model_16
original 0 786 786 176 0 5.000000 0.300000 0.011713
ham7_104
improve 0 320 662 437 342 5.000000 0.300000 0.123680
ex-1_166
original 0 19 31 21 12 5.000000 0.300000 0.001791
decod24-v3_45
original 0 150 303 191 153 5.000000 0.300000 0.147809
urf4_187
original 0 512064 920253 520090 408189 5.000000 0.300000 49.747315
life_238
improve 0 22445 40637 24528 18156 5.000000 0.300000 10.951121
con1_216
original 0 954 1764 1048 810 5.000000 0.300000 1.095576
hwb6_56
improve 0 6723 11805 7125 5082 5.000000 0.300000 0.440303
mod10_176
original 0 178 289 178 111 5.000000 0.300000 0.013119
ex1_226
original 0 7 10 5 3 5.000000 0.300000 0.001142
sf_276
original 0 778 1426 923 648 5.000000 0.300000 0.822799
cm152a_212
improve 0 1221 2406 1531 1185 5.000000 0.300000 0.203474
4gt12-v0_87
original 0 247 430 260 183 5.000000 0.300000 0.018729
decod24-enable_126
original 0 338 584 356 246 5.000000 0.300000 0.023505
radd_250
original 0 3213 5790 3433 2577 5.000000 0.300000 1.220593
pm1_249
original 0 1776 3087 1803 1311 5.000000 0.300000 0.105910
sf_274
improve 0 781 1552 1006 771 5.000000 0.300000 0.082003
miller_11
original 0 50 86 59 36 5.000000 0.300000 0.004775
rd53_251
original 0 1291 2266 1359 975 5.000000 0.300000 0.079463
mlp4_245
original 0 18852 34506 20557 15654 5.000000 0.300000 16.048206
9symml_195
improve 0 34881 63291 38460 28404 5.000000 0.300000 3.826515
rd84_142
original 0 343 610 232 267 5.000000 0.300000 0.094207
inc_237
original 0 10619 19187 11671 8568 5.000000 0.300000 1.235463
sqn_258
original 0 10223 18599 10999 8376 5.000000 0.300000 0.762258
alu-v2_33
original 0 37 61 39 24 5.000000 0.300000 0.006633
sao2_257
improve 0 38577 69420 38785 30840 5.000000 0.300000 4.559179
co14_215
original 0 17936 33500 17663 15564 5.000000 0.300000 6.160929
decod24-v1_41
original 0 85 178 119 93 5.000000 0.300000 0.019903
4mod5-v0_20
original 0 20 29 18 9 5.000000 0.300000 0.002274
alu-v4_37
original 0 37 58 37 21 5.000000 0.300000 0.003602
urf3_155
improve 0 423488 747324 438189 323790 5.000000 0.300000 40.758981
misex1_241
improve 0 4813 8473 5125 3660 5.000000 0.300000 0.415851
alu-v0_27
original 0 36 57 37 21 5.000000 0.300000 0.003963
4mod5-v1_24
original 0 36 75 41 39 5.000000 0.300000 0.008895
4mod7-v1_96
original 0 164 278 180 114 5.000000 0.300000 0.014413
cm82a_208
improve 0 650 1130 658 480 5.000000 0.300000 0.054441
ham15_107
improve 0 8763 16093 9976 7314 5.000000 0.300000 4.115100
0example
original 0 9 36 31 27 5.000000 0.300000 0.017478
dc1_220
improve 0 1914 3477 2069 1563 5.000000 0.300000 0.128692
4gt4-v1_74
original 0 273 468 286 195 5.000000 0.300000 0.019279
rd32-v1_68
original 0 36 57 37 21 5.000000 0.300000 0.002731
decod24-v0_38
original 0 51 84 54 33 5.000000 0.300000 0.005810
sym6_316
improve 0 270 516 277 246 5.000000 0.300000 0.034107
alu-v0_26
original 0 84 138 85 54 5.000000 0.300000 0.007323
clip_206
original 0 33827 62114 36179 28287 5.000000 0.300000 12.306382
4mod5-v0_18
original 0 69 111 72 42 5.000000 0.300000 0.014477
cm85a_209
original 0 11414 21587 13554 10173 5.000000 0.300000 2.871857
alu-v4_36
original 0 115 193 117 78 5.000000 0.300000 0.012391
one-two-three-v0_97
improve 0 290 578 373 288 5.000000 0.300000 0.044316
4gt13_90
original 0 107 179 116 72 5.000000 0.300000 0.010663
mod5d2_64
original 0 53 89 60 36 5.000000 0.300000 0.004509
ground_state_estimation_10
improve 0 390180 454209 202666 64029 5.000000 0.300000 11.660239
C17_204
original 0 467 815 480 348 5.000000 0.300000 0.143691
4gt13_92
original 0 66 156 105 90 5.000000 0.300000 0.014611
rd53_130
original 0 1043 1778 1065 735 5.000000 0.300000 0.066318
alu-v3_34
original 0 52 82 53 30 5.000000 0.300000 0.005126
decod24-bdd_294
original 0 73 118 72 45 5.000000 0.300000 0.007896
4gt5_76
original 0 91 163 114 72 5.000000 0.300000 0.008975
sym9_146
original 0 328 592 261 264 5.000000 0.300000 0.034478
4mod5-v1_22
original 0 21 33 21 12 5.000000 0.300000 0.002653
rd32_270
original 0 84 141 86 57 5.000000 0.300000 0.008192
hwb4_49
original 0 233 398 250 165 5.000000 0.300000 0.019184
urf5_280
improve 0 49829 89549 54355 39708 5.000000 0.300000 6.874471
4gt5_77
original 0 131 218 128 87 5.000000 0.300000 0.022084
rd84_253
improve 0 13658 25038 14584 11349 5.000000 0.300000 9.102644
4_49_16
improve 0 217 421 281 204 5.000000 0.300000 0.022958
qft_10
original 0 200 296 93 96 5.000000 0.300000 0.100082
4mod5-bdd_287
original 0 70 121 75 51 5.000000 0.300000 0.007939
qft_16
improve 0 512 953 275 405 5.000000 0.300000 5.645885
urf1_149
original 0 184864 320896 188602 136032 5.000000 0.300000 11.629150
urf5_158
improve 0 164416 292807 175628 128382 5.000000 0.300000 9.651284
urf3_279
original 0 125362 233881 142327 108519 5.000000 0.300000 33.579100
4gt12-v0_86
original 0 251 437 266 186 5.000000 0.300000 0.052383
4gt4-v0_73
original 0 395 689 438 294 5.000000 0.300000 0.022107
alu-v1_29
original 0 37 58 37 21 5.000000 0.300000 0.002115
alu-bdd_288
original 0 84 147 87 63 5.000000 0.300000 0.005037
decod24-v2_43
original 0 52 82 52 30 5.000000 0.300000 0.002432
mod8-10_178
original 0 342 573 345 231 5.000000 0.300000 0.017188
one-two-three-v0_98
improve 0 146 317 199 171 5.000000 0.300000 0.073974
4gt4-v0_78
original 0 235 418 268 183 5.000000 0.300000 0.018614
4mod5-v0_19
original 0 35 56 37 21 5.000000 0.300000 0.002180
alu-v2_30
improve 0 504 969 632 465 5.000000 0.300000 0.034410
alu-v3_35
original 0 37 58 37 21 5.000000 0.300000 0.002152
dist_223
improve 0 38046 69032 39658 30933 5.000000 0.300000 16.459848
4gt4-v0_79
original 0 231 414 260 183 5.000000 0.300000 0.030867
hwb8_113
improve 0 69380 124302 75789 54867 5.000000 0.300000 12.172909
ex3_229
improve 0 403 772 498 369 5.000000 0.300000 0.053758
xor5_254
original 0 7 10 5 3 5.000000 0.300000 0.000926
f2_232
original 0 1206 2253 1430 1047 5.000000 0.300000 0.370236
time:2015.876617