rd53_138
original 0 132 234 117 102 8.000000 0.501000 0.008469
4gt13-v1_93
original 0 68 143 99 75 8.000000 0.501000 0.007068
mod5mils_65
original 0 35 59 39 24 8.000000 0.501000 0.003843
mod5d1_63
original 0 22 40 26 18 8.000000 0.501000 0.004114
sym10_262
improve 0 64283 114717 66056 50388 8.000000 0.501000 13.989294
aj-e11_165
original 0 151 259 165 108 8.000000 0.501000 0.026849
hwb9_119
improve 0 207775 363327 210925 155418 8.000000 0.501000 40.640531
4gt11_83
original 0 23 32 23 9 8.000000 0.501000 0.062075
cm42a_207
original 0 1776 3027 1730 1251 8.000000 0.501000 0.107606
4gt4-v0_72
original 0 258 435 243 177 8.000000 0.501000 0.017794
max46_240
original 0 27126 48027 26806 20901 8.000000 0.501000 7.615441
dc2_222
improve 0 9462 16762 9709 7296 8.000000 0.501000 1.154491
sym9_193
improve 0 34881 62253 36251 27354 8.000000 0.501000 5.094532
rd53_135
original 0 296 500 304 204 8.000000 0.501000 0.027817
mod10_171
original 0 244 424 248 180 8.000000 0.501000 0.015150
ising_model_13
original 0 633 633 143 0 8.000000 0.501000 0.007679
adr4_197
improve 0 3439 6769 3999 3324 8.000000 0.501000 3.216609
4gt11_84
original 0 18 27 17 9 8.000000 0.501000 0.002429
4gt11_82
original 0 27 42 33 15 8.000000 0.501000 0.002316
wim_266
improve 0 986 1703 941 717 8.000000 0.501000 0.075029
rd53_131
original 0 469 850 499 381 8.000000 0.501000 0.038384
mod8-10_177
improve 0 440 749 457 309 8.000000 0.501000 0.023770
4gt10-v1_81
original 0 148 247 152 99 8.000000 0.501000 0.007307
alu-v1_28
original 0 37 61 39 24 8.000000 0.501000 0.003100
cnt3-5_179
original 0 175 337 134 162 8.000000 0.501000 0.173849
square_root_7
improve 0 7630 13870 7560 6231 8.000000 0.501000 3.373440
one-two-three-v1_99
original 0 132 234 150 102 8.000000 0.501000 0.010432
mini_alu_305
original 0 173 323 138 150 8.000000 0.501000 0.037880
rd53_311
original 0 275 518 263 243 8.000000 0.501000 0.035521
3_17_13
original 0 36 57 38 21 8.000000 0.501000 0.001843
rd73_252
improve 0 5321 9385 5289 4047 8.000000 0.501000 4.246181
4gt4-v0_80
original 0 179 308 196 129 8.000000 0.501000 0.010587
hwb7_59
original 0 24379 42064 24407 17685 8.000000 0.501000 1.582339
ham3_102
original 0 20 35 26 15 8.000000 0.501000 0.006662
cnt3-5_180
improve 0 485 845 423 360 8.000000 0.501000 0.047681
rd53_133
original 0 580 1120 672 540 8.000000 0.501000 0.113593
4mod7-v0_94
original 0 162 351 241 189 8.000000 0.501000 0.022899
plus63mod4096_163
improve 0 128744 230566 135276 101667 8.000000 0.501000 59.305319
mini-alu_167
original 0 288 480 298 192 8.000000 0.501000 0.055716
root_255
improve 0 17159 30383 16557 13215 8.000000 0.501000 4.284631
z4_268
original 0 3073 5914 3463 2841 8.000000 0.501000 0.749686
majority_239
improve 0 612 1365 814 645 8.000000 0.501000 93.289011
ex2_227
original 0 631 1189 736 558 8.000000 0.501000 0.077532
urf2_277
improve 0 20112 37638 22970 17526 8.000000 0.501000 1.963340
one-two-three-v3_101
original 0 70 118 71 48 8.000000 0.501000 0.011557
4gt13_91
original 0 103 166 101 63 8.000000 0.501000 0.006197
4gt12-v1_89
original 0 228 408 230 180 8.000000 0.501000 0.012721
sqrt8_260
improve 0 3009 5373 3071 2361 8.000000 0.501000 0.723927
rd32-v0_66
original 0 34 55 37 21 8.000000 0.501000 0.002419
sym9_148
original 0 21504 39078 22835 17574 8.000000 0.501000 12.134277
4gt5_75
original 0 83 140 82 57 8.000000 0.501000 0.012394
0410184_169
original 0 211 367 188 156 8.000000 0.501000 0.022133
urf2_152
original 0 80480 139043 81630 58563 8.000000 0.501000 4.852033
urf1_278
improve 0 54766 100429 61015 45663 8.000000 0.501000 4.802620
sym6_145
improve 0 3888 6720 4002 2802 8.000000 0.501000 5.639055
alu-v2_32
original 0 163 277 160 114 8.000000 0.501000 0.010201
4gt12-v0_88
original 0 194 326 198 132 8.000000 0.501000 0.011018
squar5_261
improve 0 1993 3484 1904 1491 8.000000 0.501000 0.133914
alu-v2_31
original 0 451 730 445 279 8.000000 0.501000 0.026999
hwb5_53
improve 0 1336 2347 1398 1011 8.000000 0.501000 0.072639
one-two-three-v2_100
original 0 69 114 73 45 8.000000 0.501000 0.003509
cycle10_2_110
improve 0 6050 11114 6731 5064 8.000000 0.501000 0.845043
urf6_160
improve 0 171840 309951 176485 138096 8.000000 0.501000 18.040890
ising_model_10
original 0 480 480 110 0 8.000000 0.501000 0.053770
sys6-v0_111
improve 0 215 383 184 168 8.000000 0.501000 0.021407
plus63mod8192_164
improve 0 187112 335611 196668 148356 8.000000 0.501000 60.816133
mod5adder_127
original 0 555 1077 600 522 8.000000 0.501000 2.241883
rd73_140
original 0 230 392 190 162 8.000000 0.501000 0.021138
4mod5-v1_23
original 0 69 123 80 54 8.000000 0.501000 0.005320
graycode6_47
original 0 5 5 5 0 8.000000 0.501000 0.000614
ising_model_16
original 0 786 786 176 0 8.000000 0.501000 0.009057
ham7_104
improve 0 320 629 404 309 8.000000 0.501000 0.038378
ex-1_166
original 0 19 31 21 12 8.000000 0.501000 0.001228
decod24-v3_45
improve 0 150 351 236 201 8.000000 0.501000 0.046081
urf4_187
improve 0 512064 894547 494541 382410 8.000000 0.501000 46.797520
life_238
improve 0 22445 39945 23380 17454 8.000000 0.501000 16.406254
con1_216
improve 0 954 1734 1004 780 8.000000 0.501000 0.078115
hwb6_56
original 0 6723 11538 6742 4815 8.000000 0.501000 0.391527
mod10_176
original 0 178 283 175 105 8.000000 0.501000 0.013043
ex1_226
original 0 7 10 5 3 8.000000 0.501000 0.001046
sf_276
original 0 778 1558 958 780 8.000000 0.501000 0.583960
cm152a_212
improve 0 1221 2409 1501 1176 8.000000 0.501000 3.257056
4gt12-v0_87
improve 0 247 430 252 183 8.000000 0.501000 0.019052
decod24-enable_126
original 0 338 578 345 240 8.000000 0.501000 0.022082
radd_250
improve 0 3213 5700 3299 2487 8.000000 0.501000 0.600738
pm1_249
original 0 1776 3027 1730 1251 8.000000 0.501000 0.110354
sf_274
improve 0 781 1426 874 645 8.000000 0.501000 0.075549
miller_11
original 0 50 89 62 39 8.000000 0.501000 0.002655
rd53_251
original 0 1291 2227 1278 936 8.000000 0.501000 0.070484
mlp4_245
improve 0 18852 33867 19598 14967 8.000000 0.501000 17.357605
9symml_195
improve 0 34881 62253 36251 27354 8.000000 0.501000 5.135989
rd84_142
improve 0 343 607 256 264 8.000000 0.501000 0.049874
inc_237
improve 0 10619 19061 11286 8442 8.000000 0.501000 0.987367
sqn_258
improve 0 10223 18275 10428 8049 8.000000 0.501000 1.194039
alu-v2_33
original 0 37 61 39 24 8.000000 0.501000 0.004769
sao2_257
improve 0 38577 68766 37198 30180 8.000000 0.501000 5.634139
co14_215
original 0 17936 33398 17208 15462 8.000000 0.501000 14.318369
decod24-v1_41
original 0 85 178 116 93 8.000000 0.501000 0.019143
4mod5-v0_20
original 0 20 29 18 9 8.000000 0.501000 0.001372
alu-v4_37
original 0 37 58 37 21 8.000000 0.501000 0.002868
urf3_155
improve 0 423488 745607 430487 322104 8.000000 0.501000 32.693525
misex1_241
original 0 4813 8302 4680 3489 8.000000 0.501000 4.215485
alu-v0_27
original 0 36 57 37 21 8.000000 0.501000 0.003389
4mod5-v1_24
original 0 36 78 40 42 8.000000 0.501000 0.010706
4mod7-v1_96
improve 0 164 281 172 117 8.000000 0.501000 0.016466
cm82a_208
original 0 650 1109 628 459 8.000000 0.501000 0.053785
ham15_107
improve 0 8763 15774 9462 7011 8.000000 0.501000 1.073006
0example
original 0 9 39 34 30 8.000000 0.501000 0.016829
dc1_220
original 0 1914 3495 2029 1581 8.000000 0.501000 0.151241
4gt4-v1_74
original 0 273 465 276 192 8.000000 0.501000 0.017406
rd32-v1_68
original 0 36 57 37 21 8.000000 0.501000 0.001821
decod24-v0_38
original 0 51 87 59 36 8.000000 0.501000 0.005095
sym6_316
original 0 270 507 269 237 8.000000 0.501000 0.034263
alu-v0_26
original 0 84 138 80 54 8.000000 0.501000 0.006189
clip_206
improve 0 33827 61175 35092 27324 8.000000 0.501000 8.455064
4mod5-v0_18
original 0 69 114 74 45 8.000000 0.501000 0.013203
cm85a_209
improve 0 11414 20720 12456 9303 8.000000 0.501000 1.564459
alu-v4_36
original 0 115 193 118 78 8.000000 0.501000 0.011347
one-two-three-v0_97
improve 0 290 569 355 279 8.000000 0.501000 0.026026
4gt13_90
original 0 107 170 103 63 8.000000 0.501000 0.005716
mod5d2_64
original 0 53 98 63 45 8.000000 0.501000 0.004856
ground_state_estimation_10
improve 0 390180 442551 188408 52371 8.000000 0.501000 12.115347
C17_204
original 0 467 803 463 336 8.000000 0.501000 0.153596
4gt13_92
original 0 66 156 102 90 8.000000 0.501000 0.019476
rd53_130
improve 0 1043 1745 995 702 8.000000 0.501000 0.071129
alu-v3_34
original 0 52 85 53 33 8.000000 0.501000 0.002916
decod24-bdd_294
original 0 73 118 73 45 8.000000 0.501000 0.005535
4gt5_76
original 0 91 154 99 63 8.000000 0.501000 0.004579
sym9_146
original 0 328 580 258 252 8.000000 0.501000 0.443682
4mod5-v1_22
original 0 21 33 21 12 8.000000 0.501000 0.001513
rd32_270
original 0 84 138 87 54 8.000000 0.501000 0.006124
hwb4_49
original 0 233 392 239 159 8.000000 0.501000 0.016421
urf5_280
improve 0 49829 90068 54087 40233 8.000000 0.501000 5.250398
4gt5_77
original 0 131 221 135 90 8.000000 0.501000 0.022359
rd84_253
improve 0 13658 24436 13691 10767 8.000000 0.501000 2.480843
4_49_16
original 0 217 421 267 204 8.000000 0.501000 0.022760
qft_10
original 0 200 326 147 126 8.000000 0.501000 0.102046
4mod5-bdd_287
original 0 70 121 71 51 8.000000 0.501000 0.006100
qft_16
improve 0 512 1025 341 387 8.000000 0.501000 49.759496
urf1_149
original 0 184864 320584 185202 135720 8.000000 0.501000 11.562335
urf5_158
original 0 164416 283780 165078 119364 8.000000 0.501000 10.430200
urf3_279
improve 0 125362 234243 140689 108822 8.000000 0.501000 19.644720
4gt12-v0_86
original 0 251 440 262 189 8.000000 0.501000 0.052464
4gt4-v0_73
original 0 395 677 395 282 8.000000 0.501000 0.023188
alu-v1_29
original 0 37 58 37 21 8.000000 0.501000 0.003153
alu-bdd_288
original 0 84 147 93 63 8.000000 0.501000 0.005898
decod24-v2_43
original 0 52 82 51 30 8.000000 0.501000 0.002616
mod8-10_178
improve 0 342 576 337 234 8.000000 0.501000 0.025403
one-two-three-v0_98
original 0 146 308 172 162 8.000000 0.501000 0.032748
4gt4-v0_78
original 0 235 409 240 174 8.000000 0.501000 0.016103
4mod5-v0_19
original 0 35 59 38 24 8.000000 0.501000 0.003059
alu-v2_30
original 0 504 942 550 438 8.000000 0.501000 0.062127
alu-v3_35
original 0 37 58 37 21 8.000000 0.501000 0.002356
dist_223
original 0 38046 67506 36930 29460 8.000000 0.501000 4.795698
4gt4-v0_79
original 0 231 399 239 168 8.000000 0.501000 0.033435
hwb8_113
improve 0 69380 120058 70407 50664 8.000000 0.501000 6.551422
ex3_229
original 0 403 826 493 423 8.000000 0.501000 0.292579
xor5_254
original 0 7 10 5 3 8.000000 0.501000 0.000982
f2_232
improve 0 1206 2328 1451 1122 8.000000 0.501000 0.119719
time:680.264212