rd53_138
original 0 132 234 115 102 2.000000 0.758110 0.015330
4gt13-v1_93
improve 0 68 143 82 75 2.000000 0.758110 0.020812
mod5mils_65
original 0 35 53 33 18 2.000000 0.758110 0.003229
mod5d1_63
original 0 22 40 26 18 2.000000 0.758110 0.005046
sym10_262
improve 0 64283 118308 70551 53910 2.000000 0.758110 43.487515
aj-e11_165
original 0 151 253 150 102 2.000000 0.758110 0.039380
hwb9_119
original 0 207775 376315 225212 168540 2.000000 0.758110 84.070867
4gt11_83
original 0 23 32 23 9 2.000000 0.758110 0.079087
cm42a_207
improve 0 1776 3126 1792 1350 2.000000 0.758110 0.184569
4gt4-v0_72
original 0 258 435 240 177 2.000000 0.758110 0.021767
max46_240
improve 0 27126 49585 28783 22386 2.000000 0.758110 21.140964
dc2_222
improve 0 9462 17371 10405 7905 2.000000 0.758110 1.381091
sym9_193
original 0 34881 64347 37788 29466 2.000000 0.758110 7.253897
rd53_135
improve 0 296 539 320 243 2.000000 0.758110 0.031082
mod10_171
original 0 244 439 286 195 2.000000 0.758110 0.022038
ising_model_13
original 0 633 633 143 0 2.000000 0.758110 0.010155
adr4_197
original 0 3439 6319 3577 2880 2.000000 0.758110 0.432416
4gt11_84
original 0 18 27 17 9 2.000000 0.758110 0.003266
4gt11_82
original 0 27 39 30 12 2.000000 0.758110 0.002167
wim_266
improve 0 986 1730 979 744 2.000000 0.758110 0.082130
rd53_131
original 0 469 904 556 435 2.000000 0.758110 0.052374
mod8-10_177
original 0 440 749 439 309 2.000000 0.758110 0.029599
4gt10-v1_81
original 0 148 250 154 102 2.000000 0.758110 0.013399
alu-v1_28
original 0 37 61 39 24 2.000000 0.758110 0.003861
cnt3-5_179
improve 0 175 349 155 174 2.000000 0.758110 0.089109
square_root_7
improve 0 7630 14514 8050 6873 2.000000 0.758110 6.108846
one-two-three-v1_99
original 0 132 213 133 81 2.000000 0.758110 0.013587
mini_alu_305
original 0 173 299 134 126 2.000000 0.758110 0.022735
rd53_311
improve 0 275 503 250 228 2.000000 0.758110 0.032881
3_17_13
original 0 36 54 35 18 2.000000 0.758110 0.003003
rd73_252
improve 0 5321 9688 5629 4359 2.000000 0.758110 1.874979
4gt4-v0_80
original 0 179 305 184 126 2.000000 0.758110 0.019537
hwb7_59
improve 0 24379 43066 25510 18675 2.000000 0.758110 5.748784
ham3_102
original 0 20 29 20 9 2.000000 0.758110 0.010860
cnt3-5_180
original 0 485 890 446 405 2.000000 0.758110 0.062272
rd53_133
original 0 580 1114 689 534 2.000000 0.758110 0.078115
4mod7-v0_94
improve 0 162 330 213 168 2.000000 0.758110 0.037342
plus63mod4096_163
original 0 128744 238841 143439 110097 2.000000 0.758110 54.628091
mini-alu_167
original 0 288 489 286 201 2.000000 0.758110 0.058421
root_255
improve 0 17159 32242 18232 15075 2.000000 0.758110 5.824502
z4_268
original 0 3073 5926 3415 2853 2.000000 0.758110 15.940068
majority_239
improve 0 612 1143 693 531 2.000000 0.758110 1.103400
ex2_227
original 0 631 1210 743 579 2.000000 0.758110 0.075147
urf2_277
improve 0 20112 37518 23030 17406 2.000000 0.758110 1.955008
one-two-three-v3_101
original 0 70 124 74 54 2.000000 0.758110 0.013250
4gt13_91
improve 0 103 184 122 81 2.000000 0.758110 0.013178
4gt12-v1_89
improve 0 228 387 226 159 2.000000 0.758110 0.022329
sqrt8_260
improve 0 3009 5544 3264 2535 2.000000 0.758110 0.472920
rd32-v0_66
original 0 34 55 36 21 2.000000 0.758110 0.004142
sym9_148
original 0 21504 39465 23675 17961 2.000000 0.758110 10.785741
4gt5_75
original 0 83 128 75 45 2.000000 0.758110 0.014003
0410184_169
original 0 211 379 190 168 2.000000 0.758110 0.025731
urf2_152
improve 0 80480 139712 81879 59232 2.000000 0.758110 5.010608
urf1_278
original 0 54766 101869 61651 47103 2.000000 0.758110 7.152642
sym6_145
original 0 3888 6858 4137 2970 2.000000 0.758110 0.285942
alu-v2_32
original 0 163 271 167 108 2.000000 0.758110 0.011636
4gt12-v0_88
original 0 194 326 192 132 2.000000 0.758110 0.015786
squar5_261
original 0 1993 3601 2045 1608 2.000000 0.758110 0.190202
alu-v2_31
improve 0 451 760 458 309 2.000000 0.758110 0.028530
hwb5_53
original 0 1336 2365 1444 1029 2.000000 0.758110 0.079520
one-two-three-v2_100
original 0 69 117 71 48 2.000000 0.758110 0.006691
cycle10_2_110
original 0 6050 11348 6845 5298 2.000000 0.758110 1.421449
urf6_160
improve 0 171840 315949 180629 144036 2.000000 0.758110 38.243186
ising_model_10
original 0 480 480 110 0 2.000000 0.758110 0.059901
sys6-v0_111
improve 0 215 380 170 165 2.000000 0.758110 0.018007
plus63mod8192_164
improve 0 187112 348090 211292 160611 2.000000 0.758110 153.252859
mod5adder_127
improve 0 555 1023 605 468 2.000000 0.758110 0.121245
rd73_140
original 0 230 407 200 177 2.000000 0.758110 0.026848
4mod5-v1_23
original 0 69 114 75 45 2.000000 0.758110 0.006230
graycode6_47
original 0 5 5 5 0 2.000000 0.758110 0.001067
ising_model_16
original 0 786 786 176 0 2.000000 0.758110 0.010730
ham7_104
original 0 320 656 391 336 2.000000 0.758110 0.083193
ex-1_166
original 0 19 28 18 9 2.000000 0.758110 0.002046
decod24-v3_45
original 0 150 306 191 156 2.000000 0.758110 0.028004
urf4_187
improve 0 512064 924685 514188 412371 2.000000 0.758110 78.603913
life_238
improve 0 22445 41769 25278 19302 2.000000 0.758110 11.017427
con1_216
improve 0 954 1782 1075 825 2.000000 0.758110 0.551080
hwb6_56
original 0 6723 11889 7083 5166 2.000000 0.758110 0.541902
mod10_176
improve 0 178 295 174 117 2.000000 0.758110 0.018743
ex1_226
original 0 7 10 5 3 2.000000 0.758110 0.001513
sf_276
improve 0 778 1411 862 633 2.000000 0.758110 0.084317
cm152a_212
improve 0 1221 2379 1517 1158 2.000000 0.758110 0.273099
4gt12-v0_87
improve 0 247 418 240 171 2.000000 0.758110 0.020972
decod24-enable_126
improve 0 338 581 351 243 2.000000 0.758110 0.025064
radd_250
original 0 3213 5862 3499 2649 2.000000 0.758110 0.367512
pm1_249
improve 0 1776 3126 1792 1350 2.000000 0.758110 0.116986
sf_274
improve 0 781 1408 873 615 2.000000 0.758110 4.780129
miller_11
original 0 50 77 50 27 2.000000 0.758110 0.004502
rd53_251
original 0 1291 2275 1374 984 2.000000 0.758110 0.105315
mlp4_245
improve 0 18852 35792 21357 16872 2.000000 0.758110 13.431857
9symml_195
original 0 34881 64347 37788 29466 2.000000 0.758110 7.136096
rd84_142
improve 0 343 631 256 288 2.000000 0.758110 0.084439
inc_237
original 0 10619 19991 11856 9372 2.000000 0.758110 4.190114
sqn_258
improve 0 10223 18743 11021 8502 2.000000 0.758110 4.307014
alu-v2_33
original 0 37 61 39 24 2.000000 0.758110 0.011457
sao2_257
improve 0 38577 72023 40188 33360 2.000000 0.758110 35.236894
co14_215
original 0 17936 34457 18028 16521 2.000000 0.758110 40.089726
decod24-v1_41
original 0 85 187 127 102 2.000000 0.758110 0.025756
4mod5-v0_20
original 0 20 29 18 9 2.000000 0.758110 0.002289
alu-v4_37
original 0 37 58 37 21 2.000000 0.758110 0.003552
urf3_155
improve 0 423488 751168 432490 327612 2.000000 0.758110 39.345283
misex1_241
original 0 4813 8629 5167 3816 2.000000 0.758110 0.458867
alu-v0_27
original 0 36 57 37 21 2.000000 0.758110 0.004980
4mod5-v1_24
original 0 36 72 35 36 2.000000 0.758110 0.011304
4mod7-v1_96
original 0 164 281 180 117 2.000000 0.758110 0.016910
cm82a_208
original 0 650 1139 631 489 2.000000 0.758110 0.058213
ham15_107
original 0 8763 16092 9563 7329 2.000000 0.758110 3.213900
0example
original 0 9 39 34 30 2.000000 0.758110 0.021320
dc1_220
original 0 1914 3549 2074 1635 2.000000 0.758110 0.182793
4gt4-v1_74
original 0 273 471 287 198 2.000000 0.758110 0.027587
rd32-v1_68
original 0 36 57 36 21 2.000000 0.758110 0.002659
decod24-v0_38
original 0 51 78 49 27 2.000000 0.758110 0.003488
sym6_316
original 0 270 510 264 240 2.000000 0.758110 0.035712
alu-v0_26
original 0 84 138 81 54 2.000000 0.758110 0.007653
clip_206
original 0 33827 63200 36400 29373 2.000000 0.758110 46.092799
4mod5-v0_18
original 0 69 111 71 42 2.000000 0.758110 0.016604
cm85a_209
improve 0 11414 21569 13079 10089 2.000000 0.758110 62.577885
alu-v4_36
original 0 115 196 121 81 2.000000 0.758110 0.013528
one-two-three-v0_97
improve 0 290 581 367 291 2.000000 0.758110 0.041857
4gt13_90
improve 0 107 188 126 81 2.000000 0.758110 0.013419
mod5d2_64
original 0 53 92 62 39 2.000000 0.758110 0.006653
ground_state_estimation_10
improve 0 390180 468198 214725 78018 2.000000 0.758110 11.446726
C17_204
improve 0 467 836 492 369 2.000000 0.758110 0.155579
4gt13_92
original 0 66 156 106 90 2.000000 0.758110 0.017442
rd53_130
original 0 1043 1817 1059 774 2.000000 0.758110 0.100642
alu-v3_34
original 0 52 85 53 33 2.000000 0.758110 0.005120
decod24-bdd_294
original 0 73 118 71 45 2.000000 0.758110 0.006310
4gt5_76
original 0 91 157 108 66 2.000000 0.758110 0.009202
sym9_146
improve 0 328 598 262 270 2.000000 0.758110 0.479323
4mod5-v1_22
original 0 21 33 21 12 2.000000 0.758110 0.001577
rd32_270
original 0 84 147 91 63 2.000000 0.758110 0.010883
hwb4_49
improve 0 233 398 250 165 2.000000 0.758110 0.018851
urf5_280
improve 0 49829 91460 54937 41607 2.000000 0.758110 9.026707
4gt5_77
original 0 131 218 132 87 2.000000 0.758110 0.021332
rd84_253
improve 0 13658 25342 14628 11673 2.000000 0.758110 4.114161
4_49_16
improve 0 217 427 273 210 2.000000 0.758110 0.033982
qft_10
improve 0 200 291 94 87 2.000000 0.758110 0.837954
4mod5-bdd_287
original 0 70 121 71 51 2.000000 0.758110 0.007456
qft_16
improve 0 512 934 292 369 2.000000 0.758110 29.386870
urf1_149
original 0 184864 321196 184684 136332 2.000000 0.758110 16.092979
urf5_158
improve 0 164416 285988 169867 121569 2.000000 0.758110 11.276648
urf3_279
original 0 125362 238438 144079 113076 2.000000 0.758110 39.576450
4gt12-v0_86
improve 0 251 425 245 174 2.000000 0.758110 0.053107
4gt4-v0_73
original 0 395 689 432 294 2.000000 0.758110 0.052824
alu-v1_29
original 0 37 58 37 21 2.000000 0.758110 0.003685
alu-bdd_288
original 0 84 150 93 66 2.000000 0.758110 0.010560
decod24-v2_43
original 0 52 79 48 27 2.000000 0.758110 0.004161
mod8-10_178
improve 0 342 606 350 264 2.000000 0.758110 0.027020
one-two-three-v0_98
original 0 146 305 180 159 2.000000 0.758110 0.042040
4gt4-v0_78
improve 0 235 397 242 162 2.000000 0.758110 0.018996
4mod5-v0_19
original 0 35 56 35 21 2.000000 0.758110 0.003575
alu-v2_30
improve 0 504 939 592 435 2.000000 0.758110 0.051251
alu-v3_35
original 0 37 58 37 21 2.000000 0.758110 0.003743
dist_223
original 0 38046 71094 39972 33048 2.000000 0.758110 15.399336
4gt4-v0_79
improve 0 231 387 235 156 2.000000 0.758110 0.028246
hwb8_113
improve 0 69380 123762 73768 54366 2.000000 0.758110 9.391873
ex3_229
original 0 403 805 503 402 2.000000 0.758110 0.090059
xor5_254
original 0 7 10 5 3 2.000000 0.758110 0.001570
f2_232
improve 0 1206 2259 1424 1053 2.000000 0.758110 0.169499
time:16059.189327