rd53_138
original 0 132 234 115 102 2.000000 0.808110 0.014313
4gt13-v1_93
improve 0 68 143 82 75 2.000000 0.808110 0.021304
mod5mils_65
original 0 35 53 33 18 2.000000 0.808110 0.003264
mod5d1_63
original 0 22 40 26 18 2.000000 0.808110 0.005058
sym10_262
improve 0 64283 118308 70551 53910 2.000000 0.808110 43.450041
aj-e11_165
original 0 151 253 150 102 2.000000 0.808110 0.040860
hwb9_119
original 0 207775 376315 225212 168540 2.000000 0.808110 84.359502
4gt11_83
original 0 23 32 23 9 2.000000 0.808110 0.078380
cm42a_207
improve 0 1776 3126 1792 1350 2.000000 0.808110 0.126895
4gt4-v0_72
original 0 258 435 240 177 2.000000 0.808110 0.024747
max46_240
improve 0 27126 49585 28783 22386 2.000000 0.808110 21.057835
dc2_222
improve 0 9462 17371 10405 7905 2.000000 0.808110 1.416066
sym9_193
original 0 34881 64347 37788 29466 2.000000 0.808110 7.199908
rd53_135
improve 0 296 539 320 243 2.000000 0.808110 0.026748
mod10_171
original 0 244 439 286 195 2.000000 0.808110 0.017254
ising_model_13
original 0 633 633 143 0 2.000000 0.808110 0.005365
adr4_197
original 0 3439 6319 3577 2880 2.000000 0.808110 0.423649
4gt11_84
original 0 18 27 17 9 2.000000 0.808110 0.002086
4gt11_82
original 0 27 39 30 12 2.000000 0.808110 0.001448
wim_266
improve 0 986 1730 979 744 2.000000 0.808110 0.076222
rd53_131
original 0 469 904 556 435 2.000000 0.808110 0.072443
mod8-10_177
original 0 440 749 439 309 2.000000 0.808110 0.027733
4gt10-v1_81
original 0 148 250 154 102 2.000000 0.808110 0.013736
alu-v1_28
original 0 37 61 39 24 2.000000 0.808110 0.003819
cnt3-5_179
improve 0 175 349 155 174 2.000000 0.808110 0.090386
square_root_7
improve 0 7630 14514 8050 6873 2.000000 0.808110 6.171758
one-two-three-v1_99
original 0 132 213 133 81 2.000000 0.808110 0.013888
mini_alu_305
original 0 173 299 134 126 2.000000 0.808110 0.022569
rd53_311
improve 0 275 503 250 228 2.000000 0.808110 0.030369
3_17_13
original 0 36 54 35 18 2.000000 0.808110 0.002979
rd73_252
improve 0 5321 9688 5629 4359 2.000000 0.808110 1.757678
4gt4-v0_80
original 0 179 305 184 126 2.000000 0.808110 0.017712
hwb7_59
improve 0 24379 43066 25510 18675 2.000000 0.808110 5.565073
ham3_102
original 0 20 29 20 9 2.000000 0.808110 0.010912
cnt3-5_180
original 0 485 890 446 405 2.000000 0.808110 0.063449
rd53_133
original 0 580 1114 689 534 2.000000 0.808110 0.080700
4mod7-v0_94
improve 0 162 330 213 168 2.000000 0.808110 0.037852
plus63mod4096_163
original 0 128744 238841 143439 110097 2.000000 0.808110 54.705744
mini-alu_167
original 0 288 489 286 201 2.000000 0.808110 0.057427
root_255
improve 0 17159 32242 18232 15075 2.000000 0.808110 5.952931
z4_268
original 0 3073 5926 3415 2853 2.000000 0.808110 16.048914
majority_239
improve 0 612 1143 693 531 2.000000 0.808110 1.123670
ex2_227
original 0 631 1210 743 579 2.000000 0.808110 0.075378
urf2_277
improve 0 20112 37518 23030 17406 2.000000 0.808110 1.886054
one-two-three-v3_101
original 0 70 124 74 54 2.000000 0.808110 0.014930
4gt13_91
improve 0 103 184 122 81 2.000000 0.808110 0.013620
4gt12-v1_89
improve 0 228 387 226 159 2.000000 0.808110 0.017529
sqrt8_260
improve 0 3009 5544 3264 2535 2.000000 0.808110 0.541866
rd32-v0_66
original 0 34 55 36 21 2.000000 0.808110 0.004264
sym9_148
original 0 21504 39465 23675 17961 2.000000 0.808110 10.806982
4gt5_75
original 0 83 128 75 45 2.000000 0.808110 0.012538
0410184_169
original 0 211 379 190 168 2.000000 0.808110 0.027194
urf2_152
improve 0 80480 139712 81879 59232 2.000000 0.808110 4.996232
urf1_278
original 0 54766 101869 61651 47103 2.000000 0.808110 7.006140
sym6_145
original 0 3888 6858 4137 2970 2.000000 0.808110 0.288891
alu-v2_32
original 0 163 271 167 108 2.000000 0.808110 0.014090
4gt12-v0_88
original 0 194 326 192 132 2.000000 0.808110 0.013356
squar5_261
original 0 1993 3601 2045 1608 2.000000 0.808110 0.193319
alu-v2_31
improve 0 451 760 458 309 2.000000 0.808110 0.029363
hwb5_53
original 0 1336 2365 1444 1029 2.000000 0.808110 0.080480
one-two-three-v2_100
original 0 69 117 71 48 2.000000 0.808110 0.006683
cycle10_2_110
original 0 6050 11348 6845 5298 2.000000 0.808110 1.426116
urf6_160
improve 0 171840 315949 180629 144036 2.000000 0.808110 38.296604
ising_model_10
original 0 480 480 110 0 2.000000 0.808110 0.061317
sys6-v0_111
improve 0 215 380 170 165 2.000000 0.808110 0.017982
plus63mod8192_164
improve 0 187112 348090 211292 160611 2.000000 0.808110 153.016064
mod5adder_127
improve 0 555 1023 605 468 2.000000 0.808110 0.139163
rd73_140
original 0 230 407 200 177 2.000000 0.808110 0.022166
4mod5-v1_23
original 0 69 114 75 45 2.000000 0.808110 0.006228
graycode6_47
original 0 5 5 5 0 2.000000 0.808110 0.001012
ising_model_16
original 0 786 786 176 0 2.000000 0.808110 0.012466
ham7_104
original 0 320 656 391 336 2.000000 0.808110 0.082678
ex-1_166
original 0 19 28 18 9 2.000000 0.808110 0.002144
decod24-v3_45
original 0 150 306 191 156 2.000000 0.808110 0.026384
