rd53_138
improve 0 132 231 119 99 5.000000 0.908110 0.019212
4gt13-v1_93
original 0 68 143 102 75 5.000000 0.908110 0.012866
mod5mils_65
original 0 35 59 39 24 5.000000 0.908110 0.003700
mod5d1_63
original 0 22 40 26 18 5.000000 0.908110 0.005217
sym10_262
improve 0 64283 115915 69884 51603 5.000000 0.908110 12.115146
aj-e11_165
original 0 151 259 152 108 5.000000 0.908110 0.031922
hwb9_119
improve 0 207775 367989 222758 160167 5.000000 0.908110 24.591552
4gt11_83
original 0 23 32 23 9 5.000000 0.908110 0.066980
cm42a_207
original 0 1776 3102 1815 1326 5.000000 0.908110 0.106749
4gt4-v0_72
original 0 258 444 262 186 5.000000 0.908110 0.020242
max46_240
original 0 27126 48084 27857 20958 5.000000 0.908110 9.814220
dc2_222
original 0 9462 17391 10567 7929 5.000000 0.908110 4.455540
sym9_193
improve 0 34881 62952 38345 28047 5.000000 0.908110 7.100487
rd53_135
improve 0 296 515 302 219 5.000000 0.908110 0.033651
mod10_171
original 0 244 415 261 171 5.000000 0.908110 0.014281
ising_model_13
original 0 633 633 143 0 5.000000 0.908110 0.011807
adr4_197
original 0 3439 6307 3667 2868 5.000000 0.908110 0.966811
4gt11_84
original 0 18 27 17 9 5.000000 0.908110 0.002848
4gt11_82
original 0 27 42 33 15 5.000000 0.908110 0.003105
wim_266
original 0 986 1724 992 738 5.000000 0.908110 0.075985
rd53_131
improve 0 469 896 582 408 5.000000 0.908110 5.848365
mod8-10_177
original 0 440 770 475 330 5.000000 0.908110 0.028768
4gt10-v1_81
original 0 148 247 152 99 5.000000 0.908110 0.014331
alu-v1_28
original 0 37 58 38 21 5.000000 0.908110 0.003823
cnt3-5_179
original 0 175 334 118 159 5.000000 0.908110 0.047424
square_root_7
improve 0 7630 14350 8134 6684 5.000000 0.908110 9.452111
one-two-three-v1_99
original 0 132 228 140 96 5.000000 0.908110 0.013961
mini_alu_305
original 0 173 311 156 138 5.000000 0.908110 0.026024
rd53_311
improve 0 275 491 240 216 5.000000 0.908110 0.028522
3_17_13
original 0 36 54 35 18 5.000000 0.908110 0.003035
rd73_252
original 0 5321 9458 5530 4137 5.000000 0.908110 4.245161
4gt4-v0_80
original 0 179 314 192 135 5.000000 0.908110 0.018567
hwb7_59
original 0 24379 42283 25199 17904 5.000000 0.908110 1.510113
ham3_102
original 0 20 35 26 15 5.000000 0.908110 0.010597
cnt3-5_180
improve 0 485 857 418 372 5.000000 0.908110 0.047417
rd53_133
original 0 580 1069 663 489 5.000000 0.908110 0.110742
4mod7-v0_94
improve 0 162 351 245 189 5.000000 0.908110 0.023947
plus63mod4096_163
original 0 128744 235238 143371 106494 5.000000 0.908110 30.767852
mini-alu_167
original 0 288 480 307 192 5.000000 0.908110 0.054858
root_255
improve 0 17159 31092 17757 13926 5.000000 0.908110 3.140246
z4_268
original 0 3073 6001 3583 2928 5.000000 0.908110 4.269184
majority_239
improve 0 612 1374 850 609 5.000000 0.908110 148.588167
ex2_227
original 0 631 1222 774 591 5.000000 0.908110 0.161967
urf2_277
improve 0 20112 37086 22954 16956 5.000000 0.908110 5.754951
one-two-three-v3_101
original 0 70 115 73 45 5.000000 0.908110 0.012840
4gt13_91
original 0 103 169 108 66 5.000000 0.908110 0.007976
4gt12-v1_89
original 0 228 405 247 177 5.000000 0.908110 0.021314
sqrt8_260
original 0 3009 5439 3234 2430 5.000000 0.908110 0.552157
rd32-v0_66
original 0 34 55 37 21 5.000000 0.908110 0.004726
sym9_148
improve 0 21504 38316 23343 16812 5.000000 0.908110 1.619677
4gt5_75
original 0 83 137 84 54 5.000000 0.908110 0.013746
0410184_169
improve 0 211 379 190 168 5.000000 0.908110 0.023618
urf2_152
improve 0 80480 138965 83094 58485 5.000000 0.908110 4.820696
urf1_278
improve 0 54766 99957 61842 45153 5.000000 0.908110 15.020024
sym6_145
improve 0 3888 6750 4170 2862 5.000000 0.908110 0.216752
alu-v2_32
original 0 163 286 180 123 5.000000 0.908110 0.010576
4gt12-v0_88
original 0 194 317 202 123 5.000000 0.908110 0.013489
squar5_261
original 0 1993 3580 2055 1587 5.000000 0.908110 0.245372
alu-v2_31
original 0 451 757 471 306 5.000000 0.908110 0.027667
hwb5_53
original 0 1336 2269 1414 933 5.000000 0.908110 0.072948
one-two-three-v2_100
original 0 69 114 74 45 5.000000 0.908110 0.006744
cycle10_2_110
original 0 6050 11057 6757 5007 5.000000 0.908110 4.525518
urf6_160
improve 0 171840 314005 181875 142113 5.000000 0.908110 31.680604
ising_model_10
original 0 480 480 110 0 5.000000 0.908110 0.062687
sys6-v0_111
original 0 215 377 156 162 5.000000 0.908110 0.017445
plus63mod8192_164
improve 0 187112 340569 207377 153297 5.000000 0.908110 67.648566
mod5adder_127
improve 0 555 1023 663 468 5.000000 0.908110 0.094122
rd73_140
original 0 230 395 196 165 5.000000 0.908110 0.023014
4mod5-v1_23
original 0 69 120 80 51 5.000000 0.908110 0.005850
graycode6_47
original 0 5 5 5 0 5.000000 0.908110 0.000959
ising_model_16
original 0 786 786 176 0 5.000000 0.908110 0.011340
ham7_104
improve 0 320 665 431 345 5.000000 0.908110 0.225890
ex-1_166
original 0 19 31 21 12 5.000000 0.908110 0.002373
decod24-v3_45
original 0 150 303 191 153 5.000000 0.908110 0.079005
urf4_187
improve 0 512064 906445 518334 394326 5.000000 0.908110 50.917761
life_238
original 0 22445 41222 25285 18777 5.000000 0.908110 15.103899
con1_216
improve 0 954 1805 1060 843 5.000000 0.908110 1.190870
hwb6_56
improve 0 6723 11805 7125 5082 5.000000 0.908110 0.438288
mod10_176
original 0 178 289 178 111 5.000000 0.908110 0.015953
ex1_226
original 0 7 10 5 3 5.000000 0.908110 0.001557
sf_276
original 0 778 1471 940 693 5.000000 0.908110 0.861091
cm152a_212
improve 0 1221 2457 1571 1233 5.000000 0.908110 0.709934
4gt12-v0_87
original 0 247 430 260 183 5.000000 0.908110 0.018174
decod24-enable_126
original 0 338 584 356 246 5.000000 0.908110 0.024391
radd_250
original 0 3213 5793 3471 2580 5.000000 0.908110 0.272236
pm1_249
original 0 1776 3102 1815 1326 5.000000 0.908110 0.113003
sf_274
improve 0 781 1552 1006 771 5.000000 0.908110 0.097967
miller_11
original 0 50 86 59 36 5.000000 0.908110 0.004874
rd53_251
original 0 1291 2266 1359 975 5.000000 0.908110 0.081219
mlp4_245
improve 0 18852 34563 20792 15654 5.000000 0.908110 19.478671
9symml_195
improve 0 34881 62952 38345 28047 5.000000 0.908110 7.037019
rd84_142
original 0 343 616 246 273 5.000000 0.908110 0.073231
inc_237
improve 0 10619 19892 12559 9273 5.000000 0.908110 1.672179
sqn_258
improve 0 10223 18479 11167 8250 5.000000 0.908110 1.208112
alu-v2_33
original 0 37 61 39 24 5.000000 0.908110 0.005309
sao2_257
original 0 38577 69651 38809 31074 5.000000 0.908110 23.142175
co14_215
original 0 17936 33506 17656 15570 5.000000 0.908110 9.404794
decod24-v1_41
original 0 85 178 119 93 5.000000 0.908110 0.020856
4mod5-v0_20
original 0 20 29 18 9 5.000000 0.908110 0.002457
alu-v4_37
original 0 37 58 37 21 5.000000 0.908110 0.003785
urf3_155
improve 0 423488 747324 438189 323790 5.000000 0.908110 41.719075
misex1_241
improve 0 4813 8503 5200 3690 5.000000 0.908110 0.414361
alu-v0_27
original 0 36 57 37 21 5.000000 0.908110 0.005500
4mod5-v1_24
original 0 36 78 40 42 5.000000 0.908110 0.012513
4mod7-v1_96
original 0 164 278 180 114 5.000000 0.908110 0.013385
cm82a_208
improve 0 650 1130 658 480 5.000000 0.908110 0.053948
ham15_107
original 0 8763 16374 9906 7611 5.000000 0.908110 2.258087
0example
original 0 9 39 34 30 5.000000 0.908110 0.016629
dc1_220
improve 0 1914 3498 2163 1584 5.000000 0.908110 0.148835
4gt4-v1_74
original 0 273 468 286 195 5.000000 0.908110 0.021538
rd32-v1_68
original 0 36 57 37 21 5.000000 0.908110 0.003329
decod24-v0_38
original 0 51 84 54 33 5.000000 0.908110 0.006134
sym6_316
improve 0 270 516 277 246 5.000000 0.908110 0.033531
alu-v0_26
original 0 84 138 85 54 5.000000 0.908110 0.008800
clip_206
improve 0 33827 62094 36480 28215 5.000000 0.908110 21.445509
4mod5-v0_18
original 0 69 111 72 42 5.000000 0.908110 0.015654
cm85a_209
original 0 11414 21068 13083 9654 5.000000 0.908110 30.026011
alu-v4_36
original 0 115 193 117 78 5.000000 0.908110 0.014538
one-two-three-v0_97
original 0 290 569 355 279 5.000000 0.908110 0.031145
4gt13_90
original 0 107 179 116 72 5.000000 0.908110 0.011187
mod5d2_64
original 0 53 89 60 36 5.000000 0.908110 0.006064
ground_state_estimation_10
improve 0 390180 459102 207260 68922 5.000000 0.908110 12.028227
C17_204
original 0 467 815 480 348 5.000000 0.908110 0.152861
4gt13_92
original 0 66 156 105 90 5.000000 0.908110 0.015875
rd53_130
original 0 1043 1778 1065 735 5.000000 0.908110 0.068107
alu-v3_34
original 0 52 82 53 30 5.000000 0.908110 0.005330
decod24-bdd_294
original 0 73 118 72 45 5.000000 0.908110 0.008704
4gt5_76
original 0 91 163 114 72 5.000000 0.908110 0.009323
sym9_146
original 0 328 592 261 264 5.000000 0.908110 0.034765
4mod5-v1_22
original 0 21 33 21 12 5.000000 0.908110 0.002868
rd32_270
original 0 84 141 86 57 5.000000 0.908110 0.008442
hwb4_49
original 0 233 398 250 165 5.000000 0.908110 0.018480
urf5_280
improve 0 49829 89549 54355 39708 5.000000 0.908110 7.038191
4gt5_77
original 0 131 218 128 87 5.000000 0.908110 0.025264
rd84_253
original 0 13658 24791 14415 11133 5.000000 0.908110 4.077445
4_49_16
improve 0 217 421 281 204 5.000000 0.908110 0.022812
qft_10
original 0 200 296 93 96 5.000000 0.908110 0.102723
4mod5-bdd_287
original 0 70 121 75 51 5.000000 0.908110 0.009470
qft_16
improve 0 512 929 275 405 5.000000 0.908110 2.404679
urf1_149
original 0 184864 320896 188602 136032 5.000000 0.908110 11.829855
urf5_158
original 0 164416 293044 173668 128628 5.000000 0.908110 11.892102
urf3_279
original 0 125362 233881 142327 108519 5.000000 0.908110 36.011243
4gt12-v0_86
original 0 251 437 266 186 5.000000 0.908110 0.059929
4gt4-v0_73
original 0 395 689 438 294 5.000000 0.908110 0.032936
alu-v1_29
original 0 37 58 37 21 5.000000 0.908110 0.003623
alu-bdd_288
original 0 84 147 87 63 5.000000 0.908110 0.009756
decod24-v2_43
original 0 52 82 52 30 5.000000 0.908110 0.004637
mod8-10_178
original 0 342 573 345 231 5.000000 0.908110 0.022268
one-two-three-v0_98
original 0 146 302 192 156 5.000000 0.908110 1.550082
4gt4-v0_78
original 0 235 418 268 183 5.000000 0.908110 0.024417
4mod5-v0_19
original 0 35 56 37 21 5.000000 0.908110 0.004133
alu-v2_30
improve 0 504 969 633 465 5.000000 0.908110 0.046760
alu-v3_35
original 0 37 58 37 21 5.000000 0.908110 0.004024
dist_223
improve 0 38046 69557 40627 31473 5.000000 0.908110 15.885071
4gt4-v0_79
original 0 231 414 260 183 5.000000 0.908110 0.034158
hwb8_113
improve 0 69380 120809 73296 51423 5.000000 0.908110 10.453186
ex3_229
improve 0 403 772 498 369 5.000000 0.908110 0.055856
xor5_254
original 0 7 10 5 3 5.000000 0.908110 0.000994
f2_232
original 0 1206 2253 1430 1047 5.000000 0.908110 0.363633
time:22544.618074