rd53_138
improve 0 132 222 110 90 2.000000 0.810000 0.011386
4gt13-v1_93
improve 0 68 146 89 78 2.000000 0.810000 0.020968
mod5mils_65
original 0 35 53 33 18 2.000000 0.810000 0.003015
mod5d1_63
original 0 22 40 26 18 2.000000 0.810000 0.005076
sym10_262
improve 0 64283 123303 74739 58878 2.000000 0.810000 37.256796
aj-e11_165
original 0 151 253 150 102 2.000000 0.810000 0.029414
hwb9_119
original 0 207775 376315 225212 168540 2.000000 0.810000 85.236947
4gt11_83
original 0 23 32 23 9 2.000000 0.810000 0.064540
cm42a_207
improve 0 1776 3126 1792 1350 2.000000 0.810000 0.109644
4gt4-v0_72
original 0 258 435 240 177 2.000000 0.810000 0.022435
max46_240
improve 0 27126 49435 28482 22287 2.000000 0.810000 7.667491
dc2_222
original 0 9462 17352 10404 7890 2.000000 0.810000 1.401655
sym9_193
improve 0 34881 64098 38401 29154 2.000000 0.810000 16.191748
rd53_135
improve 0 296 533 310 237 2.000000 0.810000 0.030117
mod10_171
original 0 244 439 286 195 2.000000 0.810000 0.021309
ising_model_13
original 0 633 633 143 0 2.000000 0.810000 0.009306
adr4_197
improve 0 3439 6606 3820 3141 2.000000 0.810000 3.953920
4gt11_84
original 0 18 27 17 9 2.000000 0.810000 0.003292
4gt11_82
original 0 27 39 30 12 2.000000 0.810000 0.002629
wim_266
improve 0 986 1721 990 735 2.000000 0.810000 0.070942
rd53_131
improve 0 469 847 552 378 2.000000 0.810000 0.047477
mod8-10_177
original 0 440 725 438 285 2.000000 0.810000 0.028167
4gt10-v1_81
original 0 148 250 154 102 2.000000 0.810000 0.011366
alu-v1_28
original 0 37 61 39 24 2.000000 0.810000 0.003809
cnt3-5_179
original 0 175 340 129 165 2.000000 0.810000 0.160072
square_root_7
improve 0 7630 14560 8135 6900 2.000000 0.810000 13.029375
one-two-three-v1_99
original 0 132 213 133 81 2.000000 0.810000 0.013455
mini_alu_305
original 0 173 299 134 126 2.000000 0.810000 0.022771
rd53_311
improve 0 275 503 250 228 2.000000 0.810000 0.032526
3_17_13
original 0 36 54 35 18 2.000000 0.810000 0.003014
rd73_252
improve 0 5321 9695 5740 4374 2.000000 0.810000 0.603934
4gt4-v0_80
original 0 179 305 184 126 2.000000 0.810000 0.018102
hwb7_59
improve 0 24379 43066 25510 18675 2.000000 0.810000 5.617812
ham3_102
original 0 20 29 20 9 2.000000 0.810000 0.010062
cnt3-5_180
original 0 485 890 446 405 2.000000 0.810000 0.064219
rd53_133
original 0 580 1189 743 609 2.000000 0.810000 0.264318
4mod7-v0_94
improve 0 162 333 221 171 2.000000 0.810000 0.031872
plus63mod4096_163
original 0 128744 238841 143439 110097 2.000000 0.810000 55.717324
mini-alu_167
original 0 288 489 286 201 2.000000 0.810000 0.055756
root_255
original 0 17159 32066 18076 14907 2.000000 0.810000 21.493567
z4_268
improve 0 3073 5825 3418 2727 2.000000 0.810000 5.578403
majority_239
improve 0 612 1137 711 525 2.000000 0.810000 0.101849
ex2_227
improve 0 631 1168 709 537 2.000000 0.810000 0.137710
urf2_277
improve 0 20112 37518 23030 17406 2.000000 0.810000 1.886337
one-two-three-v3_101
original 0 70 124 74 54 2.000000 0.810000 0.013431
4gt13_91
improve 0 103 184 122 81 2.000000 0.810000 0.012454
4gt12-v1_89
improve 0 228 387 226 159 2.000000 0.810000 0.017805
sqrt8_260
improve 0 3009 5601 3352 2592 2.000000 0.810000 0.544511
rd32-v0_66
original 0 34 55 36 21 2.000000 0.810000 0.004152
sym9_148
improve 0 21504 40571 24742 18951 2.000000 0.810000 23.639765
4gt5_75
original 0 83 128 75 45 2.000000 0.810000 0.012771
0410184_169
original 0 211 379 190 168 2.000000 0.810000 0.026058
urf2_152
improve 0 80480 139712 81879 59232 2.000000 0.810000 4.977207
urf1_278
original 0 54766 102229 61946 47463 2.000000 0.810000 7.831940
sym6_145
original 0 3888 6858 4137 2970 2.000000 0.810000 0.283860
alu-v2_32
original 0 163 280 180 117 2.000000 0.810000 0.013393
4gt12-v0_88
original 0 194 326 192 132 2.000000 0.810000 0.015532
squar5_261
original 0 1993 3601 2045 1608 2.000000 0.810000 0.190574
alu-v2_31
improve 0 451 760 458 309 2.000000 0.810000 0.027189
hwb5_53
improve 0 1336 2350 1435 1014 2.000000 0.810000 0.083712
one-two-three-v2_100
original 0 69 117 71 48 2.000000 0.810000 0.006888
cycle10_2_110
improve 0 6050 11606 7182 5550 2.000000 0.810000 3.462656
urf6_160
improve 0 171840 315949 180629 144036 2.000000 0.810000 38.826228
ising_model_10
original 0 480 480 110 0 2.000000 0.810000 0.056439
sys6-v0_111
original 0 215 392 164 177 2.000000 0.810000 0.030617
plus63mod8192_164
improve 0 187112 348090 211292 160611 2.000000 0.810000 156.986286
mod5adder_127
original 0 555 1011 615 456 2.000000 0.810000 0.104493
rd73_140
original 0 230 404 190 174 2.000000 0.810000 0.020685
4mod5-v1_23
original 0 69 114 75 45 2.000000 0.810000 0.006292
graycode6_47
original 0 5 5 5 0 2.000000 0.810000 0.000977
ising_model_16
original 0 786 786 176 0 2.000000 0.810000 0.010914
ham7_104
improve 0 320 668 437 348 2.000000 0.810000 0.081393
ex-1_166
original 0 19 28 18 9 2.000000 0.810000 0.002023
decod24-v3_45
original 0 150 306 191 156 2.000000 0.810000 0.032175
urf4_187
improve 0 512064 923877 521552 411681 2.000000 0.810000 69.985631
life_238
improve 0 22445 41048 24804 18588 2.000000 0.810000 6.007306
con1_216
original 0 954 1773 1039 819 2.000000 0.810000 10.725299
hwb6_56
original 0 6723 11889 7083 5166 2.000000 0.810000 0.555069
mod10_176
improve 0 178 295 174 117 2.000000 0.810000 0.017409
ex1_226
original 0 7 10 5 3 2.000000 0.810000 0.001451
sf_276
improve 0 778 1429 897 651 2.000000 0.810000 0.139765
cm152a_212
improve 0 1221 2349 1447 1125 2.000000 0.810000 1.120447
4gt12-v0_87
improve 0 247 418 240 171 2.000000 0.810000 0.017422
decod24-enable_126
improve 0 338 581 351 243 2.000000 0.810000 0.024474
radd_250
original 0 3213 5862 3499 2649 2.000000 0.810000 0.360975
pm1_249
improve 0 1776 3126 1792 1350 2.000000 0.810000 0.117619
sf_274
improve 0 781 1489 997 708 2.000000 0.810000 0.093303
miller_11
original 0 50 77 50 27 2.000000 0.810000 0.004143
rd53_251
original 0 1291 2275 1374 984 2.000000 0.810000 0.106878
mlp4_245
improve 0 18852 35095 20757 16170 2.000000 0.810000 18.973479
9symml_195
improve 0 34881 64098 38401 29154 2.000000 0.810000 16.313397
rd84_142
improve 0 343 628 253 285 2.000000 0.810000 0.320446
inc_237
original 0 10619 19724 11774 9105 2.000000 0.810000 2.023503
sqn_258
improve 0 10223 18602 10991 8370 2.000000 0.810000 1.938855
alu-v2_33
original 0 37 61 39 24 2.000000 0.810000 0.007742
sao2_257
improve 0 38577 72023 40188 33360 2.000000 0.810000 35.634771
co14_215
improve 0 17936 34566 18442 16563 2.000000 0.810000 17.540769
decod24-v1_41
original 0 85 190 130 105 2.000000 0.810000 0.025658
4mod5-v0_20
original 0 20 29 18 9 2.000000 0.810000 0.002258
alu-v4_37
original 0 37 58 37 21 2.000000 0.810000 0.003510
urf3_155
improve 0 423488 751168 432490 327612 2.000000 0.810000 39.816630
misex1_241
original 0 4813 8629 5167 3816 2.000000 0.810000 0.453483
alu-v0_27
original 0 36 57 37 21 2.000000 0.810000 0.003203
4mod5-v1_24
original 0 36 72 35 36 2.000000 0.810000 0.010148
4mod7-v1_96
original 0 164 281 180 117 2.000000 0.810000 0.016197
cm82a_208
original 0 650 1139 631 489 2.000000 0.810000 0.056334
ham15_107
improve 0 8763 16002 9690 7236 2.000000 0.810000 1.972995
0example
original 0 9 39 34 30 2.000000 0.810000 0.020822
dc1_220
improve 0 1914 3393 1995 1479 2.000000 0.810000 0.135207
4gt4-v1_74
original 0 273 471 287 198 2.000000 0.810000 0.021310
rd32-v1_68
original 0 36 57 36 21 2.000000 0.810000 0.003087
decod24-v0_38
original 0 51 78 49 27 2.000000 0.810000 0.003892
sym6_316
original 0 270 510 264 240 2.000000 0.810000 0.029532
alu-v0_26
original 0 84 138 81 54 2.000000 0.810000 0.006984
clip_206
improve 0 33827 62629 36387 28695 2.000000 0.810000 31.838505
4mod5-v0_18
original 0 69 111 71 42 2.000000 0.810000 0.015623
cm85a_209
improve 0 11414 21488 13335 10035 2.000000 0.810000 15.198337
alu-v4_36
original 0 115 196 121 81 2.000000 0.810000 0.014830
one-two-three-v0_97
improve 0 290 578 364 288 2.000000 0.810000 0.037458
4gt13_90
improve 0 107 188 126 81 2.000000 0.810000 0.013492
mod5d2_64
original 0 53 92 62 39 2.000000 0.810000 0.006665
ground_state_estimation_10
original 0 390180 469944 218623 79764 2.000000 0.810000 11.590486
C17_204
improve 0 467 836 492 369 2.000000 0.810000 0.151030
4gt13_92
improve 0 66 156 96 90 2.000000 0.810000 0.020565
rd53_130
improve 0 1043 1823 1058 780 2.000000 0.810000 0.076838
alu-v3_34
original 0 52 85 53 33 2.000000 0.810000 0.005148
decod24-bdd_294
original 0 73 118 71 45 2.000000 0.810000 0.005860
4gt5_76
original 0 91 157 108 66 2.000000 0.810000 0.007789
sym9_146
improve 0 328 577 261 249 2.000000 0.810000 0.046535
4mod5-v1_22
original 0 21 33 21 12 2.000000 0.810000 0.002697
rd32_270
original 0 84 147 91 63 2.000000 0.810000 0.010269
hwb4_49
improve 0 233 398 250 165 2.000000 0.810000 0.022717
urf5_280
improve 0 49829 91460 54937 41607 2.000000 0.810000 9.208696
4gt5_77
original 0 131 218 132 87 2.000000 0.810000 0.024890
rd84_253
improve 0 13658 25387 14725 11685 2.000000 0.810000 18.595873
4_49_16
improve 0 217 430 284 213 2.000000 0.810000 0.035244
qft_10
improve 0 200 291 94 87 2.000000 0.810000 0.777505
4mod5-bdd_287
original 0 70 121 71 51 2.000000 0.810000 0.006803
qft_16
improve 0 512 934 292 369 2.000000 0.810000 30.074630
urf1_149
original 0 184864 321160 184587 136296 2.000000 0.810000 16.140045
urf5_158
improve 0 164416 293056 170286 128598 2.000000 0.810000 17.320534
urf3_279
improve 0 125362 237713 144262 112305 2.000000 0.810000 22.955279
4gt12-v0_86
improve 0 251 425 245 174 2.000000 0.810000 0.048882
4gt4-v0_73
original 0 395 689 432 294 2.000000 0.810000 0.032190
alu-v1_29
original 0 37 58 37 21 2.000000 0.810000 0.003697
alu-bdd_288
original 0 84 150 93 66 2.000000 0.810000 0.005506
decod24-v2_43
original 0 52 79 48 27 2.000000 0.810000 0.004156
mod8-10_178
improve 0 342 606 350 264 2.000000 0.810000 0.026512
one-two-three-v0_98
improve 0 146 284 174 138 2.000000 0.810000 0.074980
4gt4-v0_78
improve 0 235 397 242 162 2.000000 0.810000 0.018859
4mod5-v0_19
original 0 35 56 35 21 2.000000 0.810000 0.003559
alu-v2_30
improve 0 504 939 575 435 2.000000 0.810000 0.058610
alu-v3_35
original 0 37 58 37 21 2.000000 0.810000 0.003714
dist_223
improve 0 38046 69804 40280 31647 2.000000 0.810000 33.666838
4gt4-v0_79
improve 0 231 387 235 156 2.000000 0.810000 0.026838
hwb8_113
improve 0 69380 127707 76776 58197 2.000000 0.810000 29.523953
ex3_229
improve 0 403 745 457 342 2.000000 0.810000 0.120542
xor5_254
original 0 7 10 5 3 2.000000 0.810000 0.000948
f2_232
improve 0 1206 2304 1503 1098 2.000000 0.810000 0.242315
time:18963.453682