rd53_138
original 0 132 243 121 111 1.000000 0.300000 0.018096
4gt13-v1_93
original 0 68 152 109 84 1.000000 0.300000 0.021349
mod5mils_65
original 0 35 59 37 24 1.000000 0.300000 0.003827
mod5d1_63
original 0 22 40 26 18 1.000000 0.300000 0.004286
sym10_262
improve 0 64283 122832 75824 58383 1.000000 0.300000 72.319168
aj-e11_165
improve 0 151 268 175 117 1.000000 0.300000 0.033824
hwb9_119
improve 0 207775 388832 238498 180873 1.000000 0.300000 69.876835
4gt11_83
original 0 23 32 23 9 1.000000 0.300000 0.064916
cm42a_207
improve 0 1776 3327 1943 1542 1.000000 0.300000 3.012035
4gt4-v0_72
original 0 258 456 278 198 1.000000 0.300000 0.021566
max46_240
improve 0 27126 50872 30849 23658 1.000000 0.300000 46.881829
dc2_222
improve 0 9462 18145 10980 8625 1.000000 0.300000 9.272005
sym9_193
original 0 34881 65796 40375 30915 1.000000 0.300000 9.550625
rd53_135
original 0 296 530 316 234 1.000000 0.300000 0.027717
mod10_171
original 0 244 442 289 198 1.000000 0.300000 0.022591
ising_model_13
original 0 633 633 143 0 1.000000 0.300000 0.009986
adr4_197
original 0 3439 6637 3900 3198 1.000000 0.300000 10.587469
4gt11_84
original 0 18 27 17 9 1.000000 0.300000 0.003036
4gt11_82
original 0 27 42 29 15 1.000000 0.300000 0.002679
wim_266
original 0 986 1775 1054 789 1.000000 0.300000 0.105567
rd53_131
improve 0 469 931 604 462 1.000000 0.300000 0.056224
mod8-10_177
improve 0 440 794 499 354 1.000000 0.300000 0.026948
4gt10-v1_81
original 0 148 256 166 108 1.000000 0.300000 0.011186
alu-v1_28
original 0 37 58 38 21 1.000000 0.300000 0.003314
cnt3-5_179
original 0 175 385 175 210 1.000000 0.300000 0.108988
square_root_7
improve 0 7630 14606 8404 6933 1.000000 0.300000 15.225884
one-two-three-v1_99
improve 0 132 234 146 102 1.000000 0.300000 0.014755
mini_alu_305
improve 0 173 323 147 150 1.000000 0.300000 0.032179
rd53_311
original 0 275 509 248 234 1.000000 0.300000 0.038155
3_17_13
original 0 36 57 38 21 1.000000 0.300000 0.002965
rd73_252
original 0 5321 9872 5880 4551 1.000000 0.300000 1.227196
4gt4-v0_80
original 0 179 305 187 126 1.000000 0.300000 0.013179
hwb7_59
improve 0 24379 44029 26690 19638 1.000000 0.300000 3.538748
ham3_102
original 0 20 29 20 9 1.000000 0.300000 0.009747
cnt3-5_180
improve 0 485 905 458 420 1.000000 0.300000 0.049561
rd53_133
original 0 580 1093 688 513 1.000000 0.300000 0.047165
4mod7-v0_94
original 0 162 333 217 171 1.000000 0.300000 0.026412
plus63mod4096_163
improve 0 128744 247556 152327 118473 1.000000 0.300000 121.174112
mini-alu_167
original 0 288 495 311 207 1.000000 0.300000 0.052908
root_255
original 0 17159 32858 18833 15699 1.000000 0.300000 18.171861
z4_268
improve 0 3073 5830 3531 2757 1.000000 0.300000 0.455595
majority_239
improve 0 612 1242 825 615 1.000000 0.300000 16.059053
ex2_227
improve 0 631 1249 816 618 1.000000 0.300000 0.065187
urf2_277
improve 0 20112 38844 24203 18729 1.000000 0.300000 2.798366
one-two-three-v3_101
improve 0 70 121 73 51 1.000000 0.300000 0.009463
4gt13_91
improve 0 103 178 117 75 1.000000 0.300000 0.011978
4gt12-v1_89
improve 0 228 414 253 186 1.000000 0.300000 0.019370
sqrt8_260
original 0 3009 5691 3421 2682 1.000000 0.300000 0.389615
rd32-v0_66
original 0 34 55 36 21 1.000000 0.300000 0.003912
sym9_148
improve 0 21504 40887 26089 19368 1.000000 0.300000 5.329379
4gt5_75
original 0 83 131 78 48 1.000000 0.300000 0.013432
0410184_169
improve 0 211 391 222 180 1.000000 0.300000 0.024129
urf2_152
improve 0 80480 144155 86836 63645 1.000000 0.300000 9.080720
urf1_278
original 0 54766 105271 65513 50505 1.000000 0.300000 19.502869
sym6_145
original 0 3888 7020 4316 3132 1.000000 0.300000 1.542161
alu-v2_32
improve 0 163 289 177 126 1.000000 0.300000 0.017923
4gt12-v0_88
original 0 194 332 212 138 1.000000 0.300000 0.012678
squar5_261
improve 0 1993 3742 2204 1749 1.000000 0.300000 0.133803
alu-v2_31
original 0 451 784 484 333 1.000000 0.300000 0.026209
hwb5_53
improve 0 1336 2413 1535 1077 1.000000 0.300000 0.090420
one-two-three-v2_100
original 0 69 123 78 54 1.000000 0.300000 0.008870
cycle10_2_110
improve 0 6050 11543 7205 5481 1.000000 0.300000 5.669280
urf6_160
improve 0 171840 323715 190307 151764 1.000000 0.300000 49.685913
ising_model_10
original 0 480 480 110 0 1.000000 0.300000 0.055387
sys6-v0_111
original 0 215 419 186 204 1.000000 0.300000 0.045720
plus63mod8192_164
improve 0 187112 362163 223168 174627 1.000000 0.300000 163.305827
mod5adder_127
improve 0 555 1107 733 552 1.000000 0.300000 0.105009
rd73_140
original 0 230 419 214 189 1.000000 0.300000 0.039466
4mod5-v1_23
original 0 69 114 74 45 1.000000 0.300000 0.006395
graycode6_47
original 0 5 5 5 0 1.000000 0.300000 0.000889
ising_model_16
original 0 786 786 176 0 1.000000 0.300000 0.010787
ham7_104
original 0 320 677 449 357 1.000000 0.300000 0.091313
ex-1_166
original 0 19 31 21 12 1.000000 0.300000 0.002082
decod24-v3_45
original 0 150 315 201 165 1.000000 0.300000 0.039650
urf4_187
improve 0 512064 933394 533071 421176 1.000000 0.300000 80.061658
life_238
improve 0 22445 42573 26379 20109 1.000000 0.300000 6.740503
con1_216
original 0 954 1794 1074 840 1.000000 0.300000 0.110451
hwb6_56
improve 0 6723 12222 7485 5499 1.000000 0.300000 0.490511
mod10_176
original 0 178 298 188 120 1.000000 0.300000 0.016964
ex1_226
original 0 7 10 5 3 1.000000 0.300000 0.000919
sf_276
improve 0 778 1468 930 672 1.000000 0.300000 4.281597
cm152a_212
original 0 1221 2355 1418 1134 1.000000 0.300000 0.132992
4gt12-v0_87
original 0 247 421 248 174 1.000000 0.300000 0.018732
decod24-enable_126
original 0 338 584 370 246 1.000000 0.300000 0.021589
radd_250
improve 0 3213 6153 3728 2940 1.000000 0.300000 0.801944
pm1_249
improve 0 1776 3327 1943 1542 1.000000 0.300000 3.060649
sf_274
original 0 781 1483 927 702 1.000000 0.300000 0.081115
miller_11
original 0 50 89 62 39 1.000000 0.300000 0.004411
rd53_251
original 0 1291 2419 1483 1128 1.000000 0.300000 0.096499
mlp4_245
improve 0 18852 36333 21960 17379 1.000000 0.300000 31.334205
9symml_195
original 0 34881 65796 40375 30915 1.000000 0.300000 9.555079
rd84_142
improve 0 343 685 270 342 1.000000 0.300000 0.116806
inc_237
original 0 10619 20084 12197 9465 1.000000 0.300000 2.605430
sqn_258
improve 0 10223 19400 11636 9168 1.000000 0.300000 3.249201
alu-v2_33
original 0 37 67 40 30 1.000000 0.300000 0.007728
sao2_257
improve 0 38577 73947 41974 35262 1.000000 0.300000 36.928712
co14_215
improve 0 17936 35447 19634 17442 1.000000 0.300000 18.444821
decod24-v1_41
original 0 85 196 138 111 1.000000 0.300000 0.020985
4mod5-v0_20
original 0 20 29 18 9 1.000000 0.300000 0.002194
alu-v4_37
original 0 37 61 41 24 1.000000 0.300000 0.002633
urf3_155
improve 0 423488 773401 457071 349680 1.000000 0.300000 87.220662
misex1_241
original 0 4813 8893 5473 4080 1.000000 0.300000 0.503577
alu-v0_27
original 0 36 57 37 21 1.000000 0.300000 0.003232
4mod5-v1_24
original 0 36 72 39 36 1.000000 0.300000 0.008055
4mod7-v1_96
improve 0 164 287 177 123 1.000000 0.300000 0.013543
cm82a_208
original 0 650 1184 694 534 1.000000 0.300000 0.051255
ham15_107
improve 0 8763 16943 10505 8139 1.000000 0.300000 9.474759
0example
original 0 9 42 27 33 1.000000 0.300000 0.022966
dc1_220
original 0 1914 3645 2211 1731 1.000000 0.300000 1.562660
4gt4-v1_74
original 0 273 486 312 213 1.000000 0.300000 0.019101
rd32-v1_68
original 0 36 57 36 21 1.000000 0.300000 0.003259
decod24-v0_38
original 0 51 81 52 30 1.000000 0.300000 0.004323
sym6_316
improve 0 270 540 290 270 1.000000 0.300000 0.088384
alu-v0_26
original 0 84 147 88 63 1.000000 0.300000 0.007726
clip_206
original 0 33827 64865 38324 31038 1.000000 0.300000 44.302633
4mod5-v0_18
original 0 69 111 71 42 1.000000 0.300000 0.015542
cm85a_209
improve 0 11414 21815 13824 10398 1.000000 0.300000 2.986834
alu-v4_36
original 0 115 193 123 78 1.000000 0.300000 0.013422
one-two-three-v0_97
improve 0 290 584 366 291 1.000000 0.300000 0.739958
4gt13_90
improve 0 107 182 121 75 1.000000 0.300000 0.012020
mod5d2_64
original 0 53 95 59 42 1.000000 0.300000 0.005949
ground_state_estimation_10
original 0 390180 506241 250961 116061 1.000000 0.300000 13.849827
C17_204
original 0 467 860 523 393 1.000000 0.300000 0.149740
4gt13_92
original 0 66 162 115 96 1.000000 0.300000 0.024781
rd53_130
original 0 1043 1859 1104 816 1.000000 0.300000 0.079694
alu-v3_34
original 0 52 82 53 30 1.000000 0.300000 0.004604
decod24-bdd_294
original 0 73 121 76 48 1.000000 0.300000 0.006167
4gt5_76
original 0 91 175 122 84 1.000000 0.300000 0.010406
sym9_146
original 0 328 628 303 300 1.000000 0.300000 0.041088
4mod5-v1_22
original 0 21 30 19 9 1.000000 0.300000 0.002328
rd32_270
original 0 84 141 86 57 1.000000 0.300000 0.007005
hwb4_49
original 0 233 404 257 171 1.000000 0.300000 0.021138
urf5_280
original 0 49829 94106 57870 44277 1.000000 0.300000 11.765554
4gt5_77
original 0 131 221 129 90 1.000000 0.300000 0.023160
rd84_253
improve 0 13658 25623 14994 11940 1.000000 0.300000 11.485981
4_49_16
original 0 217 433 286 216 1.000000 0.300000 0.032989
qft_10
improve 0 200 317 103 117 1.000000 0.300000 0.079724
4mod5-bdd_287
original 0 70 118 73 48 1.000000 0.300000 0.006234
qft_16
improve 0 512 975 269 384 1.000000 0.300000 32.635301
urf1_149
improve 0 184864 329818 196109 144954 1.000000 0.300000 11.680360
urf5_158
improve 0 164416 303150 184381 138672 1.000000 0.300000 19.254158
urf3_279
improve 0 125362 246243 151926 120795 1.000000 0.300000 29.008067
4gt12-v0_86
original 0 251 428 255 177 1.000000 0.300000 0.048269
4gt4-v0_73
original 0 395 740 490 345 1.000000 0.300000 0.025612
alu-v1_29
original 0 37 58 37 21 1.000000 0.300000 0.003507
alu-bdd_288
original 0 84 144 89 60 1.000000 0.300000 0.007127
decod24-v2_43
original 0 52 88 57 36 1.000000 0.300000 0.005035
mod8-10_178
improve 0 342 603 370 261 1.000000 0.300000 0.022974
one-two-three-v0_98
original 0 146 302 182 156 1.000000 0.300000 0.094687
4gt4-v0_78
improve 0 235 421 272 186 1.000000 0.300000 0.017007
4mod5-v0_19
original 0 35 56 37 21 1.000000 0.300000 0.003546
alu-v2_30
improve 0 504 966 628 462 1.000000 0.300000 0.043934
alu-v3_35
original 0 37 61 41 24 1.000000 0.300000 0.003630
dist_223
improve 0 38046 72739 42386 34668 1.000000 0.300000 15.583145
4gt4-v0_79
improve 0 231 408 260 177 1.000000 0.300000 0.023874
hwb8_113
improve 0 69380 132028 82079 62574 1.000000 0.300000 22.762884
ex3_229
original 0 403 817 519 414 1.000000 0.300000 0.081392
xor5_254
original 0 7 10 5 3 1.000000 0.300000 0.000870
f2_232
improve 0 1206 2298 1427 1092 1.000000 0.300000 0.187833
time:3611.373074