rd53_138
original 0 132 243 123 111 1.000000 0.510000 0.022607
4gt13-v1_93
original 0 68 152 112 84 1.000000 0.510000 0.019760
mod5mils_65
original 0 35 59 37 24 1.000000 0.510000 0.003776
mod5d1_63
original 0 22 40 26 18 1.000000 0.510000 0.004960
sym10_262
improve 0 64283 122546 75755 58194 1.000000 0.510000 24.013679
aj-e11_165
improve 0 151 268 175 117 1.000000 0.510000 0.033058
hwb9_119
improve 0 207775 388832 238498 180873 1.000000 0.510000 71.736079
4gt11_83
original 0 23 32 23 9 1.000000 0.510000 0.064031
cm42a_207
original 0 1776 3285 1946 1509 1.000000 0.510000 0.226369
4gt4-v0_72
original 0 258 456 278 198 1.000000 0.510000 0.022581
max46_240
original 0 27126 50883 30102 23757 1.000000 0.510000 17.314698
dc2_222
improve 0 9462 18132 11169 8655 1.000000 0.510000 11.720380
sym9_193
improve 0 34881 65982 40429 31062 1.000000 0.510000 13.131835
rd53_135
original 0 296 530 316 234 1.000000 0.510000 0.028338
mod10_171
original 0 244 442 289 198 1.000000 0.510000 0.024307
ising_model_13
original 0 633 633 143 0 1.000000 0.510000 0.009564
adr4_197
improve 0 3439 6709 4029 3225 1.000000 0.510000 11.152800
4gt11_84
original 0 18 27 17 9 1.000000 0.510000 0.003321
4gt11_82
original 0 27 42 29 15 1.000000 0.510000 0.001550
wim_266
original 0 986 1775 1054 789 1.000000 0.510000 0.109962
rd53_131
improve 0 469 847 534 378 1.000000 0.510000 0.038740
mod8-10_177
improve 0 440 794 499 354 1.000000 0.510000 0.031158
4gt10-v1_81
original 0 148 256 166 108 1.000000 0.510000 0.011292
alu-v1_28
original 0 37 58 38 21 1.000000 0.510000 0.003498
cnt3-5_179
improve 0 175 379 172 204 1.000000 0.510000 0.182404
square_root_7
improve 0 7630 14468 8285 6828 1.000000 0.510000 4.126814
one-two-three-v1_99
improve 0 132 234 146 102 1.000000 0.510000 0.014296
mini_alu_305
improve 0 173 323 147 150 1.000000 0.510000 0.032670
rd53_311
original 0 275 506 245 231 1.000000 0.510000 0.042062
3_17_13
original 0 36 57 38 21 1.000000 0.510000 0.003103
rd73_252
original 0 5321 9872 5880 4551 1.000000 0.510000 1.296139
4gt4-v0_80
original 0 179 305 187 126 1.000000 0.510000 0.014275
hwb7_59
improve 0 24379 44029 26690 19638 1.000000 0.510000 3.705884
ham3_102
original 0 20 29 20 9 1.000000 0.510000 0.009426
cnt3-5_180
improve 0 485 914 462 429 1.000000 0.510000 0.059924
rd53_133
original 0 580 1201 772 621 1.000000 0.510000 1.283177
4mod7-v0_94
original 0 162 333 217 171 1.000000 0.510000 0.024168
plus63mod4096_163
improve 0 128744 248098 153746 119142 1.000000 0.510000 91.076116
mini-alu_167
original 0 288 495 311 207 1.000000 0.510000 0.051815
root_255
improve 0 17159 32718 18639 15543 1.000000 0.510000 6.003241
z4_268
improve 0 3073 6095 3697 3003 1.000000 0.510000 3.214719
majority_239
improve 0 612 1188 772 567 1.000000 0.510000 23.247820
ex2_227
original 0 631 1321 869 690 1.000000 0.510000 1.613552
urf2_277
improve 0 20112 39495 24603 19377 1.000000 0.510000 3.206080
one-two-three-v3_101
improve 0 70 121 73 51 1.000000 0.510000 0.014116
4gt13_91
improve 0 103 178 117 75 1.000000 0.510000 0.011963
4gt12-v1_89
improve 0 228 414 253 186 1.000000 0.510000 0.018191
sqrt8_260
original 0 3009 5691 3421 2682 1.000000 0.510000 0.333801
rd32-v0_66
original 0 34 55 36 21 1.000000 0.510000 0.004155
sym9_148
improve 0 21504 41459 26676 19914 1.000000 0.510000 13.370756
4gt5_75
original 0 83 131 78 48 1.000000 0.510000 0.011210
0410184_169
improve 0 211 391 222 180 1.000000 0.510000 0.026014
urf2_152
improve 0 80480 144155 86836 63645 1.000000 0.510000 9.391879
urf1_278
original 0 54766 104632 65504 49866 1.000000 0.510000 55.394621
sym6_145
original 0 3888 7020 4316 3132 1.000000 0.510000 1.727431
alu-v2_32
improve 0 163 289 177 126 1.000000 0.510000 0.016627
4gt12-v0_88
original 0 194 332 212 138 1.000000 0.510000 0.012694
squar5_261
improve 0 1993 3700 2126 1707 1.000000 0.510000 0.172740
alu-v2_31
original 0 451 784 484 333 1.000000 0.510000 0.027340
hwb5_53
improve 0 1336 2413 1535 1077 1.000000 0.510000 0.096995
one-two-three-v2_100
original 0 69 123 78 54 1.000000 0.510000 0.009141
cycle10_2_110
original 0 6050 11597 7248 5547 1.000000 0.510000 0.744315
urf6_160
original 0 171840 323961 190778 152121 1.000000 0.510000 74.633857
ising_model_10
original 0 480 480 110 0 1.000000 0.510000 0.058339
sys6-v0_111
original 0 215 401 173 186 1.000000 0.510000 0.033557
plus63mod8192_164
improve 0 187112 361739 223177 174198 1.000000 0.510000 240.012581
mod5adder_127
original 0 555 1113 717 558 1.000000 0.510000 0.108069
rd73_140
original 0 230 419 217 189 1.000000 0.510000 0.035743
4mod5-v1_23
original 0 69 114 74 45 1.000000 0.510000 0.006588
graycode6_47
original 0 5 5 5 0 1.000000 0.510000 0.000949
ising_model_16
original 0 786 786 176 0 1.000000 0.510000 0.010078
ham7_104
improve 0 320 701 483 381 1.000000 0.510000 0.100049
ex-1_166
original 0 19 31 21 12 1.000000 0.510000 0.001830
decod24-v3_45
improve 0 150 330 214 180 1.000000 0.510000 0.112448
urf4_187
improve 0 512064 949733 541967 437412 1.000000 0.510000 97.834738
life_238
improve 0 22445 43115 26833 20646 1.000000 0.510000 7.502790
con1_216
improve 0 954 1779 1078 825 1.000000 0.510000 0.136422
hwb6_56
improve 0 6723 12222 7485 5499 1.000000 0.510000 0.505870
mod10_176
original 0 178 298 188 120 1.000000 0.510000 0.016266
ex1_226
original 0 7 10 5 3 1.000000 0.510000 0.001359
sf_276
improve 0 778 1429 908 651 1.000000 0.510000 0.092109
cm152a_212
improve 0 1221 2301 1437 1080 1.000000 0.510000 0.348219
4gt12-v0_87
original 0 247 421 248 174 1.000000 0.510000 0.019542
decod24-enable_126
original 0 338 584 370 246 1.000000 0.510000 0.022768
radd_250
improve 0 3213 6079 3755 2862 1.000000 0.510000 1.136473
pm1_249
original 0 1776 3285 1946 1509 1.000000 0.510000 0.233832
sf_274
improve 0 781 1471 933 690 1.000000 0.510000 0.081153
miller_11
original 0 50 89 62 39 1.000000 0.510000 0.004457
rd53_251
original 0 1291 2419 1483 1128 1.000000 0.510000 0.097019
mlp4_245
improve 0 18852 36319 21831 17394 1.000000 0.510000 18.976907
9symml_195
improve 0 34881 65982 40429 31062 1.000000 0.510000 12.891871
rd84_142
original 0 343 685 287 342 1.000000 0.510000 0.114620
inc_237
improve 0 10619 19898 12022 9276 1.000000 0.510000 1.381130
sqn_258
improve 0 10223 19700 11810 9465 1.000000 0.510000 5.062790
alu-v2_33
original 0 37 67 40 30 1.000000 0.510000 0.004943
sao2_257
improve 0 38577 73756 41915 35076 1.000000 0.510000 42.118127
co14_215
improve 0 17936 36037 19709 18042 1.000000 0.510000 23.699785
decod24-v1_41
original 0 85 196 139 111 1.000000 0.510000 0.029934
4mod5-v0_20
original 0 20 29 18 9 1.000000 0.510000 0.002220
alu-v4_37
original 0 37 61 41 24 1.000000 0.510000 0.003516
urf3_155
improve 0 423488 773401 457071 349680 1.000000 0.510000 91.001301
misex1_241
original 0 4813 9007 5562 4194 1.000000 0.510000 0.459184
alu-v0_27
original 0 36 57 37 21 1.000000 0.510000 0.003051
4mod5-v1_24
original 0 36 72 35 36 1.000000 0.510000 0.011009
4mod7-v1_96
improve 0 164 287 177 123 1.000000 0.510000 0.015516
cm82a_208
original 0 650 1184 694 534 1.000000 0.510000 0.052276
ham15_107
original 0 8763 16779 10232 8016 1.000000 0.510000 2.336853
0example
original 0 9 45 30 36 1.000000 0.510000 0.028100
dc1_220
improve 0 1914 3621 2219 1707 1.000000 0.510000 0.163016
4gt4-v1_74
original 0 273 486 312 213 1.000000 0.510000 0.018502
rd32-v1_68
original 0 36 57 36 21 1.000000 0.510000 0.002360
decod24-v0_38
original 0 51 81 52 30 1.000000 0.510000 0.004566
sym6_316
improve 0 270 540 290 270 1.000000 0.510000 0.090349
alu-v0_26
original 0 84 147 88 63 1.000000 0.510000 0.008766
clip_206
improve 0 33827 65674 39661 31797 1.000000 0.510000 20.583460
4mod5-v0_18
original 0 69 111 71 42 1.000000 0.510000 0.014828
cm85a_209
improve 0 11414 22178 13993 10743 1.000000 0.510000 11.708461
alu-v4_36
original 0 115 193 123 78 1.000000 0.510000 0.013526
one-two-three-v0_97
improve 0 290 575 358 285 1.000000 0.510000 0.055091
4gt13_90
improve 0 107 182 121 75 1.000000 0.510000 0.012510
mod5d2_64
original 0 53 95 59 42 1.000000 0.510000 0.007287
ground_state_estimation_10
improve 0 390180 498951 245401 108750 1.000000 0.510000 19.858284
C17_204
original 0 467 860 523 393 1.000000 0.510000 0.150421
4gt13_92
original 0 66 168 116 102 1.000000 0.510000 0.024927
rd53_130
original 0 1043 1859 1104 816 1.000000 0.510000 0.083755
alu-v3_34
original 0 52 82 53 30 1.000000 0.510000 0.004745
decod24-bdd_294
original 0 73 121 76 48 1.000000 0.510000 0.008297
4gt5_76
original 0 91 175 122 84 1.000000 0.510000 0.010381
sym9_146
original 0 328 625 303 297 1.000000 0.510000 0.042756
4mod5-v1_22
original 0 21 30 19 9 1.000000 0.510000 0.002350
rd32_270
original 0 84 141 86 57 1.000000 0.510000 0.006556
hwb4_49
original 0 233 404 257 171 1.000000 0.510000 0.022270
urf5_280
original 0 49829 94106 57870 44277 1.000000 0.510000 4.593356
4gt5_77
original 0 131 221 129 90 1.000000 0.510000 0.022446
rd84_253
improve 0 13658 25623 14994 11940 1.000000 0.510000 12.136345
4_49_16
improve 0 217 454 297 237 1.000000 0.510000 0.037505
qft_10
improve 0 200 317 103 117 1.000000 0.510000 0.083753
4mod5-bdd_287
original 0 70 118 73 48 1.000000 0.510000 0.006898
qft_16
improve 0 512 897 241 327 1.000000 0.510000 20.702666
urf1_149
improve 0 184864 329818 196109 144954 1.000000 0.510000 12.092671
urf5_158
improve 0 164416 295209 182530 130782 1.000000 0.510000 9.995636
urf3_279
improve 0 125362 245257 151772 119814 1.000000 0.510000 28.834468
4gt12-v0_86
original 0 251 428 255 177 1.000000 0.510000 0.049511
4gt4-v0_73
original 0 395 740 490 345 1.000000 0.510000 0.026485
alu-v1_29
original 0 37 58 37 21 1.000000 0.510000 0.003584
alu-bdd_288
original 0 84 144 89 60 1.000000 0.510000 0.008472
decod24-v2_43
original 0 52 88 57 36 1.000000 0.510000 0.005233
mod8-10_178
improve 0 342 603 370 261 1.000000 0.510000 0.022340
one-two-three-v0_98
improve 0 146 378 224 192 1.000000 0.510000 13.906353
4gt4-v0_78
improve 0 235 421 272 186 1.000000 0.510000 0.017436
4mod5-v0_19
original 0 35 56 37 21 1.000000 0.510000 0.003736
alu-v2_30
improve 0 504 936 585 432 1.000000 0.510000 0.043493
alu-v3_35
original 0 37 61 41 24 1.000000 0.510000 0.003753
dist_223
original 0 38046 72039 41844 33993 1.000000 0.510000 27.637721
4gt4-v0_79
improve 0 231 408 260 177 1.000000 0.510000 0.024995
hwb8_113
improve 0 69380 132028 82079 62574 1.000000 0.510000 23.663562
ex3_229
improve 0 403 802 536 399 1.000000 0.510000 0.084485
xor5_254
original 0 7 10 5 3 1.000000 0.510000 0.000949
f2_232
improve 0 1206 2322 1421 1116 1.000000 0.510000 0.225162
time:6150.320037