rd53_138
original 0 132 240 122 108 1.000000 0.392000 0.022787
4gt13-v1_93
original 0 68 149 107 81 1.000000 0.392000 0.016759
mod5mils_65
original 0 35 59 36 24 1.000000 0.392000 0.003385
mod5d1_63
original 0 22 40 26 18 1.000000 0.392000 0.005071
sym10_262
original 0 64283 121976 74183 57693 1.000000 0.392000 42.393217
aj-e11_165
original 0 151 268 176 117 1.000000 0.392000 0.032100
hwb9_119
improve 0 207775 389235 238676 181239 1.000000 0.392000 79.022650
4gt11_83
original 0 23 32 23 9 1.000000 0.392000 0.068910
cm42a_207
improve 0 1776 3231 1946 1455 1.000000 0.392000 0.120205
4gt4-v0_72
improve 0 258 456 264 198 1.000000 0.392000 0.022289
max46_240
improve 0 27126 50331 30540 23178 1.000000 0.392000 12.141955
dc2_222
original 0 9462 17913 10861 8451 1.000000 0.392000 14.520858
sym9_193
improve 0 34881 65698 40278 30753 1.000000 0.392000 25.195309
rd53_135
improve 0 296 560 333 264 1.000000 0.392000 0.041941
mod10_171
improve 0 244 427 272 183 1.000000 0.392000 0.019279
ising_model_13
original 0 633 633 143 0 1.000000 0.392000 0.010096
adr4_197
original 0 3439 6700 3949 3261 1.000000 0.392000 2.571326
4gt11_84
original 0 18 27 17 9 1.000000 0.392000 0.003922
4gt11_82
original 0 27 39 30 12 1.000000 0.392000 0.002567
wim_266
improve 0 986 1784 1042 798 1.000000 0.392000 0.100854
rd53_131
original 0 469 847 531 378 1.000000 0.392000 0.038077
mod8-10_177
improve 0 440 782 498 342 1.000000 0.392000 0.029346
4gt10-v1_81
original 0 148 256 162 108 1.000000 0.392000 0.011237
alu-v1_28
original 0 37 61 39 24 1.000000 0.392000 0.003780
cnt3-5_179
original 0 175 370 148 195 1.000000 0.392000 0.115713
square_root_7
improve 0 7630 14405 8087 6747 1.000000 0.392000 16.109164
one-two-three-v1_99
original 0 132 228 147 96 1.000000 0.392000 0.009450
mini_alu_305
original 0 173 344 172 171 1.000000 0.392000 0.035034
rd53_311
original 0 275 515 264 240 1.000000 0.392000 0.023747
3_17_13
original 0 36 57 38 21 1.000000 0.392000 0.002519
rd73_252
improve 0 5321 9887 5865 4566 1.000000 0.392000 0.569060
4gt4-v0_80
original 0 179 326 212 147 1.000000 0.392000 0.019674
hwb7_59
improve 0 24379 44310 26923 19923 1.000000 0.392000 2.980223
ham3_102
original 0 20 29 20 9 1.000000 0.392000 0.011801
cnt3-5_180
improve 0 485 872 437 387 1.000000 0.392000 0.061034
rd53_133
original 0 580 1114 730 534 1.000000 0.392000 2.325558
4mod7-v0_94
improve 0 162 318 207 156 1.000000 0.392000 0.018095
plus63mod4096_163
improve 0 128744 247108 151898 118185 1.000000 0.392000 54.934021
mini-alu_167
original 0 288 471 280 183 1.000000 0.392000 0.054037
root_255
improve 0 17159 32790 18919 15576 1.000000 0.392000 19.398304
z4_268
improve 0 3073 5992 3635 2886 1.000000 0.392000 11.588606
majority_239
original 0 612 1206 778 594 1.000000 0.392000 0.697313
ex2_227
improve 0 631 1291 831 660 1.000000 0.392000 0.101782
urf2_277
original 0 20112 39258 24395 19146 1.000000 0.392000 3.169312
one-two-three-v3_101
original 0 70 118 74 48 1.000000 0.392000 0.014655
4gt13_91
original 0 103 181 118 78 1.000000 0.392000 0.011173
4gt12-v1_89
improve 0 228 420 262 192 1.000000 0.392000 0.022248
sqrt8_260
original 0 3009 5679 3390 2670 1.000000 0.392000 0.536203
rd32-v0_66
original 0 34 55 36 21 1.000000 0.392000 0.004181
sym9_148
improve 0 21504 39747 24824 18225 1.000000 0.392000 9.728441
4gt5_75
original 0 83 134 78 51 1.000000 0.392000 0.014377
0410184_169
improve 0 211 412 220 201 1.000000 0.392000 0.026374
urf2_152
improve 0 80480 144044 86853 63564 1.000000 0.392000 5.284380
urf1_278
improve 0 54766 105278 65372 50481 1.000000 0.392000 11.934473
sym6_145
improve 0 3888 6987 4344 3099 1.000000 0.392000 0.290025
alu-v2_32
improve 0 163 295 184 132 1.000000 0.392000 0.011738
4gt12-v0_88
original 0 194 320 194 126 1.000000 0.392000 0.014885
squar5_261
original 0 1993 3715 2154 1722 1.000000 0.392000 0.182546
alu-v2_31
improve 0 451 808 497 357 1.000000 0.392000 0.030048
hwb5_53
improve 0 1336 2374 1484 1038 1.000000 0.392000 0.078981
one-two-three-v2_100
original 0 69 123 77 54 1.000000 0.392000 0.009137
cycle10_2_110
improve 0 6050 11327 7018 5250 1.000000 0.392000 15.082488
urf6_160
original 0 171840 324438 189195 152598 1.000000 0.392000 46.891619
ising_model_10
original 0 480 480 110 0 1.000000 0.392000 0.059463
sys6-v0_111
original 0 215 395 169 180 1.000000 0.392000 0.029922
plus63mod8192_164
improve 0 187112 358544 220241 171027 1.000000 0.392000 148.127182
mod5adder_127
original 0 555 1131 694 576 1.000000 0.392000 0.342464
rd73_140
original 0 230 416 218 186 1.000000 0.392000 0.616320
4mod5-v1_23
original 0 69 111 72 42 1.000000 0.392000 0.006302
graycode6_47
original 0 5 5 5 0 1.000000 0.392000 0.000938
ising_model_16
original 0 786 786 176 0 1.000000 0.392000 0.009689
ham7_104
improve 0 320 653 427 333 1.000000 0.392000 0.082519
ex-1_166
original 0 19 31 21 12 1.000000 0.392000 0.002237
decod24-v3_45
original 0 150 318 206 168 1.000000 0.392000 0.060780
urf4_187
improve 0 512064 947939 551191 435660 1.000000 0.392000 92.376481
life_238
improve 0 22445 42410 26288 19920 1.000000 0.392000 13.067021
con1_216
improve 0 954 1896 1170 942 1.000000 0.392000 0.123925
hwb6_56
original 0 6723 12198 7443 5475 1.000000 0.392000 0.504260
mod10_176
original 0 178 298 184 120 1.000000 0.392000 0.014827
ex1_226
original 0 7 10 6 3 1.000000 0.392000 0.001474
sf_276
improve 0 778 1480 931 702 1.000000 0.392000 0.139241
cm152a_212
improve 0 1221 2370 1470 1149 1.000000 0.392000 0.271491
4gt12-v0_87
improve 0 247 430 254 183 1.000000 0.392000 0.019281
decod24-enable_126
improve 0 338 605 379 267 1.000000 0.392000 0.025793
radd_250
original 0 3213 6006 3619 2793 1.000000 0.392000 4.282560
pm1_249
improve 0 1776 3231 1946 1455 1.000000 0.392000 0.123750
sf_274
improve 0 781 1456 926 675 1.000000 0.392000 0.118835
miller_11
original 0 50 89 62 39 1.000000 0.392000 0.002557
rd53_251
original 0 1291 2350 1418 1059 1.000000 0.392000 0.102922
mlp4_245
improve 0 18852 35854 21571 16947 1.000000 0.392000 15.210691
9symml_195
improve 0 34881 65698 40278 30753 1.000000 0.392000 25.911536
rd84_142
original 0 343 676 262 333 1.000000 0.392000 0.186462
inc_237
original 0 10619 19985 12082 9366 1.000000 0.392000 4.042001
sqn_258
improve 0 10223 19354 11624 9087 1.000000 0.392000 22.686495
alu-v2_33
original 0 37 67 41 30 1.000000 0.392000 0.009886
sao2_257
improve 0 38577 74076 42153 35391 1.000000 0.392000 66.527058
co14_215
improve 0 17936 35124 19207 17100 1.000000 0.392000 30.619718
decod24-v1_41
original 0 85 187 135 102 1.000000 0.392000 0.020659
4mod5-v0_20
original 0 20 29 17 9 1.000000 0.392000 0.002320
alu-v4_37
original 0 37 64 42 27 1.000000 0.392000 0.003916
urf3_155
original 0 423488 773546 459353 350058 1.000000 0.392000 85.277802
misex1_241
improve 0 4813 8950 5538 4137 1.000000 0.392000 0.507396
alu-v0_27
original 0 36 63 41 27 1.000000 0.392000 0.003514
4mod5-v1_24
original 0 36 72 39 36 1.000000 0.392000 0.006793
4mod7-v1_96
original 0 164 290 177 126 1.000000 0.392000 0.014156
cm82a_208
original 0 650 1199 691 549 1.000000 0.392000 0.055631
ham15_107
original 0 8763 16527 10026 7764 1.000000 0.392000 4.524389
0example
original 0 9 42 27 33 1.000000 0.392000 0.025620
dc1_220
original 0 1914 3618 2200 1704 1.000000 0.392000 0.182117
4gt4-v1_74
original 0 273 483 294 210 1.000000 0.392000 0.021406
rd32-v1_68
original 0 36 57 36 21 1.000000 0.392000 0.003148
decod24-v0_38
original 0 51 84 52 33 1.000000 0.392000 0.004477
sym6_316
improve 0 270 525 294 255 1.000000 0.392000 0.056723
alu-v0_26
original 0 84 138 87 54 1.000000 0.392000 0.007766
clip_206
original 0 33827 64880 37982 31053 1.000000 0.392000 13.550610
4mod5-v0_18
original 0 69 105 66 36 1.000000 0.392000 0.015875
cm85a_209
improve 0 11414 22097 13909 10644 1.000000 0.392000 40.044056
alu-v4_36
original 0 115 196 122 81 1.000000 0.392000 0.013230
one-two-three-v0_97
original 0 290 578 371 288 1.000000 0.392000 2.849524
4gt13_90
original 0 107 188 125 81 1.000000 0.392000 0.010897
mod5d2_64
original 0 53 92 64 39 1.000000 0.392000 0.005445
ground_state_estimation_10
original 0 390180 507645 250768 117465 1.000000 0.392000 15.779464
C17_204
improve 0 467 851 502 384 1.000000 0.392000 0.169590
4gt13_92
original 0 66 162 113 96 1.000000 0.392000 0.016916
rd53_130
original 0 1043 1862 1099 819 1.000000 0.392000 0.078794
alu-v3_34
original 0 52 85 55 33 1.000000 0.392000 0.005167
decod24-bdd_294
original 0 73 118 73 45 1.000000 0.392000 0.006603
4gt5_76
original 0 91 166 119 75 1.000000 0.392000 0.010232
sym9_146
original 0 328 580 278 252 1.000000 0.392000 0.399836
4mod5-v1_22
original 0 21 33 21 12 1.000000 0.392000 0.002701
rd32_270
original 0 84 141 83 57 1.000000 0.392000 0.008332
hwb4_49
original 0 233 401 251 168 1.000000 0.392000 0.020996
urf5_280
improve 0 49829 94178 58159 44346 1.000000 0.392000 5.327187
4gt5_77
original 0 131 224 142 93 1.000000 0.392000 0.024843
rd84_253
original 0 13658 25883 15248 12225 1.000000 0.392000 11.913320
4_49_16
improve 0 217 412 271 195 1.000000 0.392000 0.029816
qft_10
improve 0 200 365 123 135 1.000000 0.392000 7.406839
4mod5-bdd_287
original 0 70 118 72 48 1.000000 0.392000 0.006651
qft_16
improve 0 512 1003 297 351 1.000000 0.392000 54.978157
urf1_149
improve 0 184864 330046 196407 145179 1.000000 0.392000 12.532404
urf5_158
original 0 164416 302836 182175 138420 1.000000 0.392000 17.483548
urf3_279
improve 0 125362 245735 152370 120273 1.000000 0.392000 36.335581
4gt12-v0_86
improve 0 251 437 264 186 1.000000 0.392000 0.064357
4gt4-v0_73
original 0 395 737 482 342 1.000000 0.392000 0.029636
alu-v1_29
original 0 37 64 41 27 1.000000 0.392000 0.004146
alu-bdd_288
original 0 84 159 92 75 1.000000 0.392000 0.014597
decod24-v2_43
original 0 52 85 55 33 1.000000 0.392000 0.004425
mod8-10_178
original 0 342 621 377 279 1.000000 0.392000 0.023843
one-two-three-v0_98
improve 0 146 299 189 153 1.000000 0.392000 0.077171
4gt4-v0_78
original 0 235 403 255 168 1.000000 0.392000 0.019121
4mod5-v0_19
original 0 35 59 36 24 1.000000 0.392000 0.003619
alu-v2_30
improve 0 504 948 598 444 1.000000 0.392000 0.044184
alu-v3_35
original 0 37 64 42 27 1.000000 0.392000 0.004099
dist_223
improve 0 38046 72078 42011 33945 1.000000 0.392000 39.878222
4gt4-v0_79
original 0 231 393 248 162 1.000000 0.392000 0.025293
hwb8_113
improve 0 69380 131860 81782 62418 1.000000 0.392000 17.503887
ex3_229
improve 0 403 838 552 435 1.000000 0.392000 0.355155
xor5_254
original 0 7 10 6 3 1.000000 0.392000 0.000947
f2_232
improve 0 1206 2253 1382 1047 1.000000 0.392000 0.159997
time:23835.235487