rd53_138
improve 0 132 231 119 99 5.000000 0.800000 0.017534
4gt13-v1_93
original 0 68 143 102 75 5.000000 0.800000 0.014557
mod5mils_65
original 0 35 59 39 24 5.000000 0.800000 0.003621
mod5d1_63
original 0 22 40 26 18 5.000000 0.800000 0.002784
sym10_262
improve 0 64283 116199 70253 51885 5.000000 0.800000 7.423739
aj-e11_165
original 0 151 259 152 108 5.000000 0.800000 0.029131
hwb9_119
improve 0 207775 367989 222758 160167 5.000000 0.800000 23.641899
4gt11_83
original 0 23 32 23 9 5.000000 0.800000 0.066593
cm42a_207
original 0 1776 3087 1803 1311 5.000000 0.800000 0.099931
4gt4-v0_72
original 0 258 444 262 186 5.000000 0.800000 0.020637
max46_240
original 0 27126 48543 28170 21417 5.000000 0.800000 2.089047
dc2_222
improve 0 9462 17205 10385 7737 5.000000 0.800000 2.665195
sym9_193
improve 0 34881 63291 38460 28404 5.000000 0.800000 3.760615
rd53_135
improve 0 296 515 302 219 5.000000 0.800000 0.031308
mod10_171
original 0 244 415 261 171 5.000000 0.800000 0.016638
ising_model_13
original 0 633 633 143 0 5.000000 0.800000 0.011011
adr4_197
original 0 3439 6307 3667 2868 5.000000 0.800000 0.377230
4gt11_84
original 0 18 27 17 9 5.000000 0.800000 0.003242
4gt11_82
original 0 27 42 33 15 5.000000 0.800000 0.002763
wim_266
original 0 986 1724 992 738 5.000000 0.800000 0.080032
rd53_131
original 0 469 853 523 384 5.000000 0.800000 0.032818
mod8-10_177
original 0 440 770 475 330 5.000000 0.800000 0.028427
4gt10-v1_81
original 0 148 247 152 99 5.000000 0.800000 0.012428
alu-v1_28
original 0 37 58 38 21 5.000000 0.800000 0.003731
cnt3-5_179
original 0 175 334 118 159 5.000000 0.800000 0.043994
square_root_7
improve 0 7630 13874 7537 6237 5.000000 0.800000 3.347434
one-two-three-v1_99
original 0 132 228 140 96 5.000000 0.800000 0.012478
mini_alu_305
original 0 173 311 156 138 5.000000 0.800000 0.025232
rd53_311
original 0 275 482 231 207 5.000000 0.800000 0.028110
3_17_13
original 0 36 54 35 18 5.000000 0.800000 0.003116
rd73_252
original 0 5321 9458 5530 4137 5.000000 0.800000 4.294167
4gt4-v0_80
original 0 179 314 192 135 5.000000 0.800000 0.018097
hwb7_59
original 0 24379 42283 25199 17904 5.000000 0.800000 1.441597
ham3_102
original 0 20 35 26 15 5.000000 0.800000 0.009813
cnt3-5_180
improve 0 485 857 417 372 5.000000 0.800000 0.047946
rd53_133
original 0 580 1069 663 489 5.000000 0.800000 0.109413
4mod7-v0_94
improve 0 162 351 245 189 5.000000 0.800000 0.022516
plus63mod4096_163
original 0 128744 234701 142337 105957 5.000000 0.800000 79.371454
mini-alu_167
original 0 288 480 307 192 5.000000 0.800000 0.052657
root_255
original 0 17159 30707 17356 13548 5.000000 0.800000 6.532434
z4_268
original 0 3073 5929 3525 2856 5.000000 0.800000 1.967338
majority_239
original 0 612 1164 753 552 5.000000 0.800000 66.934557
ex2_227
original 0 631 1222 774 591 5.000000 0.800000 0.144646
urf2_277
improve 0 20112 37086 22954 16956 5.000000 0.800000 5.825732
one-two-three-v3_101
original 0 70 115 73 45 5.000000 0.800000 0.012228
4gt13_91
original 0 103 169 108 66 5.000000 0.800000 0.010468
4gt12-v1_89
original 0 228 405 247 177 5.000000 0.800000 0.019144
sqrt8_260
original 0 3009 5439 3234 2430 5.000000 0.800000 0.535498
rd32-v0_66
original 0 34 55 37 21 5.000000 0.800000 0.004223
sym9_148
original 0 21504 38046 23212 16542 5.000000 0.800000 37.042061
4gt5_75
original 0 83 137 84 54 5.000000 0.800000 0.013863
0410184_169
improve 0 211 379 190 168 5.000000 0.800000 0.023978
urf2_152
improve 0 80480 138965 83094 58485 5.000000 0.800000 4.691844
urf1_278
improve 0 54766 99957 61842 45153 5.000000 0.800000 14.418284
sym6_145
improve 0 3888 6750 4170 2862 5.000000 0.800000 0.210793
alu-v2_32
original 0 163 286 180 123 5.000000 0.800000 0.008603
4gt12-v0_88
original 0 194 317 202 123 5.000000 0.800000 0.012707
squar5_261
improve 0 1993 3595 2083 1602 5.000000 0.800000 0.136434
alu-v2_31
original 0 451 757 471 306 5.000000 0.800000 0.027152
hwb5_53
original 0 1336 2269 1414 933 5.000000 0.800000 0.075329
one-two-three-v2_100
original 0 69 114 74 45 5.000000 0.800000 0.005799
cycle10_2_110
original 0 6050 11036 6742 4986 5.000000 0.800000 0.978971
urf6_160
improve 0 171840 314605 182203 142704 5.000000 0.800000 37.822675
ising_model_10
original 0 480 480 110 0 5.000000 0.800000 0.056031
sys6-v0_111
original 0 215 377 156 162 5.000000 0.800000 0.016787
plus63mod8192_164
improve 0 187112 340469 206888 153207 5.000000 0.800000 57.019880
mod5adder_127
improve 0 555 1014 651 459 5.000000 0.800000 0.093177
rd73_140
original 0 230 395 196 165 5.000000 0.800000 0.019039
4mod5-v1_23
original 0 69 120 80 51 5.000000 0.800000 0.006201
graycode6_47
original 0 5 5 5 0 5.000000 0.800000 0.000964
ising_model_16
original 0 786 786 176 0 5.000000 0.800000 0.010815
ham7_104
improve 0 320 662 437 342 5.000000 0.800000 0.125046
ex-1_166
original 0 19 31 21 12 5.000000 0.800000 0.002225
decod24-v3_45
original 0 150 303 191 153 5.000000 0.800000 0.076189
urf4_187
original 0 512064 920253 520090 408189 5.000000 0.800000 49.392923
life_238
improve 0 22445 40637 24528 18156 5.000000 0.800000 11.494306
con1_216
original 0 954 1764 1048 810 5.000000 0.800000 1.118466
hwb6_56
improve 0 6723 11805 7125 5082 5.000000 0.800000 0.438413
mod10_176
original 0 178 289 178 111 5.000000 0.800000 0.014795
ex1_226
original 0 7 10 5 3 5.000000 0.800000 0.001431
sf_276
original 0 778 1426 923 648 5.000000 0.800000 0.845164
cm152a_212
improve 0 1221 2406 1531 1185 5.000000 0.800000 0.202884
4gt12-v0_87
original 0 247 430 260 183 5.000000 0.800000 0.021438
decod24-enable_126
original 0 338 584 356 246 5.000000 0.800000 0.023090
radd_250
original 0 3213 5790 3433 2577 5.000000 0.800000 1.214623
pm1_249
original 0 1776 3087 1803 1311 5.000000 0.800000 0.107409
sf_274
improve 0 781 1552 1006 771 5.000000 0.800000 0.081361
miller_11
original 0 50 86 59 36 5.000000 0.800000 0.004797
rd53_251
original 0 1291 2266 1359 975 5.000000 0.800000 0.092140
mlp4_245
original 0 18852 34506 20557 15654 5.000000 0.800000 16.438822
9symml_195
improve 0 34881 63291 38460 28404 5.000000 0.800000 3.761890
rd84_142
original 0 343 610 232 267 5.000000 0.800000 0.095060
inc_237
original 0 10619 19187 11671 8568 5.000000 0.800000 1.162709
sqn_258
original 0 10223 18599 10999 8376 5.000000 0.800000 0.833253
alu-v2_33
original 0 37 61 39 24 5.000000 0.800000 0.006663
sao2_257
improve 0 38577 69420 38785 30840 5.000000 0.800000 4.571726
co14_215
original 0 17936 33500 17663 15564 5.000000 0.800000 6.244903
decod24-v1_41
original 0 85 178 119 93 5.000000 0.800000 0.017254
4mod5-v0_20
original 0 20 29 18 9 5.000000 0.800000 0.002271
alu-v4_37
original 0 37 58 37 21 5.000000 0.800000 0.003539
urf3_155
improve 0 423488 747324 438189 323790 5.000000 0.800000 40.782461
misex1_241
improve 0 4813 8473 5125 3660 5.000000 0.800000 0.405240
alu-v0_27
original 0 36 57 37 21 5.000000 0.800000 0.003098
4mod5-v1_24
original 0 36 75 41 39 5.000000 0.800000 0.005663
4mod7-v1_96
original 0 164 278 180 114 5.000000 0.800000 0.007803
cm82a_208
improve 0 650 1130 658 480 5.000000 0.800000 0.048380
ham15_107
improve 0 8763 16093 9976 7314 5.000000 0.800000 4.293368
0example
original 0 9 36 31 27 5.000000 0.800000 0.017858
dc1_220
improve 0 1914 3477 2069 1563 5.000000 0.800000 0.127340
4gt4-v1_74
original 0 273 468 286 195 5.000000 0.800000 0.018289
rd32-v1_68
original 0 36 57 37 21 5.000000 0.800000 0.003095
decod24-v0_38
original 0 51 84 54 33 5.000000 0.800000 0.005512
sym6_316
improve 0 270 516 277 246 5.000000 0.800000 0.034561
alu-v0_26
original 0 84 138 85 54 5.000000 0.800000 0.008444
clip_206
original 0 33827 62114 36179 28287 5.000000 0.800000 12.337169
4mod5-v0_18
original 0 69 111 72 42 5.000000 0.800000 0.016338
cm85a_209
original 0 11414 21587 13554 10173 5.000000 0.800000 2.858397
alu-v4_36
original 0 115 193 117 78 5.000000 0.800000 0.012124
one-two-three-v0_97
improve 0 290 578 373 288 5.000000 0.800000 0.044266
4gt13_90
original 0 107 179 116 72 5.000000 0.800000 0.009202
mod5d2_64
original 0 53 89 60 36 5.000000 0.800000 0.005906
ground_state_estimation_10
improve 0 390180 454209 202666 64029 5.000000 0.800000 11.811508
C17_204
original 0 467 815 480 348 5.000000 0.800000 0.142782
4gt13_92
original 0 66 156 105 90 5.000000 0.800000 0.014612
rd53_130
original 0 1043 1778 1065 735 5.000000 0.800000 0.067603
alu-v3_34
original 0 52 82 53 30 5.000000 0.800000 0.005083
decod24-bdd_294
original 0 73 118 72 45 5.000000 0.800000 0.008490
4gt5_76
original 0 91 163 114 72 5.000000 0.800000 0.007581
sym9_146
original 0 328 592 261 264 5.000000 0.800000 0.033977
4mod5-v1_22
original 0 21 33 21 12 5.000000 0.800000 0.002668
rd32_270
original 0 84 141 86 57 5.000000 0.800000 0.008040
hwb4_49
original 0 233 398 250 165 5.000000 0.800000 0.017237
urf5_280
improve 0 49829 89549 54355 39708 5.000000 0.800000 7.093003
4gt5_77
original 0 131 218 128 87 5.000000 0.800000 0.020033
rd84_253
improve 0 13658 25038 14584 11349 5.000000 0.800000 9.360951
4_49_16
improve 0 217 421 281 204 5.000000 0.800000 0.023086
qft_10
original 0 200 296 93 96 5.000000 0.800000 0.100767
4mod5-bdd_287
original 0 70 121 75 51 5.000000 0.800000 0.007725
qft_16
improve 0 512 953 275 405 5.000000 0.800000 5.660106
urf1_149
original 0 184864 320896 188602 136032 5.000000 0.800000 11.577804
urf5_158
improve 0 164416 292807 175628 128382 5.000000 0.800000 9.777822
urf3_279
original 0 125362 233881 142327 108519 5.000000 0.800000 34.626149
4gt12-v0_86
original 0 251 437 266 186 5.000000 0.800000 0.051918
4gt4-v0_73
original 0 395 689 438 294 5.000000 0.800000 0.022038
alu-v1_29
original 0 37 58 37 21 5.000000 0.800000 0.003669
alu-bdd_288
original 0 84 147 87 63 5.000000 0.800000 0.008358
decod24-v2_43
original 0 52 82 52 30 5.000000 0.800000 0.004675
mod8-10_178
original 0 342 573 345 231 5.000000 0.800000 0.022883
one-two-three-v0_98
improve 0 146 317 199 171 5.000000 0.800000 0.079973
4gt4-v0_78
original 0 235 418 268 183 5.000000 0.800000 0.023250
4mod5-v0_19
original 0 35 56 37 21 5.000000 0.800000 0.004010
alu-v2_30
improve 0 504 969 632 465 5.000000 0.800000 0.039164
alu-v3_35
original 0 37 58 37 21 5.000000 0.800000 0.003786
dist_223
improve 0 38046 69032 39658 30933 5.000000 0.800000 16.794406
4gt4-v0_79
original 0 231 414 260 183 5.000000 0.800000 0.033166
hwb8_113
improve 0 69380 124302 75789 54867 5.000000 0.800000 12.292351
ex3_229
improve 0 403 772 498 369 5.000000 0.800000 0.053649
xor5_254
original 0 7 10 5 3 5.000000 0.800000 0.000895
f2_232
original 0 1206 2253 1430 1047 5.000000 0.800000 0.375574
time:5342.414490