rd53_138
improve 0 132 228 113 96 2.000000 0.131000 0.011289
4gt13-v1_93
improve 0 68 146 98 78 2.000000 0.131000 0.016143
mod5mils_65
original 0 35 53 34 18 2.000000 0.131000 0.002585
mod5d1_63
original 0 22 40 26 18 2.000000 0.131000 0.003953
sym10_262
improve 0 64283 118725 71230 54369 2.000000 0.131000 39.040951
aj-e11_165
original 0 151 250 151 99 2.000000 0.131000 0.027774
hwb9_119
improve 0 207775 379116 227024 171138 2.000000 0.131000 72.603020
4gt11_83
original 0 23 32 23 9 2.000000 0.131000 0.067043
cm42a_207
improve 0 1776 3105 1734 1329 2.000000 0.131000 0.113072
4gt4-v0_72
original 0 258 435 255 177 2.000000 0.131000 0.019696
max46_240
improve 0 27126 48732 28571 21600 2.000000 0.131000 4.577887
dc2_222
improve 0 9462 17478 10499 7971 2.000000 0.131000 20.717673
sym9_193
original 0 34881 63654 37895 28773 2.000000 0.131000 6.009793
rd53_135
original 0 296 539 310 243 2.000000 0.131000 0.039225
mod10_171
improve 0 244 424 261 180 2.000000 0.131000 0.024070
ising_model_13
original 0 633 633 143 0 2.000000 0.131000 0.010066
adr4_197
improve 0 3439 6451 3751 3006 2.000000 0.131000 1.494173
4gt11_84
original 0 18 27 17 9 2.000000 0.131000 0.003216
4gt11_82
original 0 27 39 30 12 2.000000 0.131000 0.002654
wim_266
original 0 986 1715 994 729 2.000000 0.131000 0.085407
rd53_131
original 0 469 862 525 393 2.000000 0.131000 0.052139
mod8-10_177
improve 0 440 758 446 318 2.000000 0.131000 0.029870
4gt10-v1_81
original 0 148 250 153 102 2.000000 0.131000 0.012868
alu-v1_28
original 0 37 58 34 21 2.000000 0.131000 0.003641
cnt3-5_179
original 0 175 352 135 177 2.000000 0.131000 1.012023
square_root_7
improve 0 7630 14704 8233 7047 2.000000 0.131000 8.130065
one-two-three-v1_99
original 0 132 225 141 93 2.000000 0.131000 0.016191
mini_alu_305
original 0 173 311 141 138 2.000000 0.131000 0.024344
rd53_311
improve 0 275 497 257 222 2.000000 0.131000 0.030020
3_17_13
original 0 36 54 35 18 2.000000 0.131000 0.003039
rd73_252
original 0 5321 9596 5545 4275 2.000000 0.131000 2.072043
4gt4-v0_80
original 0 179 311 187 132 2.000000 0.131000 0.018119
hwb7_59
improve 0 24379 43336 25531 18957 2.000000 0.131000 1.890849
ham3_102
original 0 20 29 20 9 2.000000 0.131000 0.010275
cnt3-5_180
original 0 485 902 452 417 2.000000 0.131000 0.101820
rd53_133
improve 0 580 1084 679 504 2.000000 0.131000 0.239033
4mod7-v0_94
improve 0 162 330 214 168 2.000000 0.131000 0.033151
plus63mod4096_163
original 0 128744 241283 144238 112539 2.000000 0.131000 87.134712
mini-alu_167
original 0 288 480 285 192 2.000000 0.131000 0.062723
root_255
improve 0 17159 31917 18078 14721 2.000000 0.131000 11.669868
z4_268
original 0 3073 5698 3332 2625 2.000000 0.131000 0.343624
majority_239
improve 0 612 1113 697 501 2.000000 0.131000 0.061486
ex2_227
original 0 631 1222 739 591 2.000000 0.131000 0.102793
urf2_277
original 0 20112 37527 22958 17415 2.000000 0.131000 1.896202
one-two-three-v3_101
original 0 70 115 68 45 2.000000 0.131000 0.011803
4gt13_91
original 0 103 175 105 72 2.000000 0.131000 0.010542
4gt12-v1_89
original 0 228 396 238 168 2.000000 0.131000 0.019339
sqrt8_260
improve 0 3009 5490 3284 2478 2.000000 0.131000 0.991489
rd32-v0_66
original 0 34 55 36 21 2.000000 0.131000 0.004208
sym9_148
improve 0 21504 38961 23874 17430 2.000000 0.131000 11.924265
4gt5_75
original 0 83 143 89 60 2.000000 0.131000 0.015112
0410184_169
original 0 211 391 209 180 2.000000 0.131000 0.027195
urf2_152
improve 0 80480 139682 81809 59202 2.000000 0.131000 5.181136
urf1_278
improve 0 54766 101509 61592 46740 2.000000 0.131000 5.885135
sym6_145
original 0 3888 6798 4152 2910 2.000000 0.131000 0.297369
alu-v2_32
original 0 163 286 180 123 2.000000 0.131000 0.010430
4gt12-v0_88
original 0 194 323 196 129 2.000000 0.131000 0.015899
squar5_261
original 0 1993 3571 2010 1578 2.000000 0.131000 0.179847
alu-v2_31
original 0 451 739 441 288 2.000000 0.131000 0.025929
hwb5_53
original 0 1336 2329 1409 993 2.000000 0.131000 0.083251
one-two-three-v2_100
original 0 69 126 76 57 2.000000 0.131000 0.008295
cycle10_2_110
improve 0 6050 11321 6922 5214 2.000000 0.131000 25.733356
urf6_160
original 0 171840 315885 179009 144045 2.000000 0.131000 74.603302
ising_model_10
original 0 480 480 110 0 2.000000 0.131000 0.060335
sys6-v0_111
original 0 215 362 147 147 2.000000 0.131000 0.023081
plus63mod8192_164
original 0 187112 349748 209952 162636 2.000000 0.131000 159.108989
mod5adder_127
improve 0 555 1008 627 453 2.000000 0.131000 0.096677
rd73_140
improve 0 230 401 199 171 2.000000 0.131000 0.022329
4mod5-v1_23
original 0 69 114 74 45 2.000000 0.131000 0.006446
graycode6_47
original 0 5 5 5 0 2.000000 0.131000 0.001107
ising_model_16
original 0 786 786 176 0 2.000000 0.131000 0.011056
ham7_104
improve 0 320 620 405 300 2.000000 0.131000 0.059861
ex-1_166
original 0 19 28 18 9 2.000000 0.131000 0.002070
decod24-v3_45
improve 0 150 303 192 153 2.000000 0.131000 0.041834
urf4_187
improve 0 512064 924824 515627 412527 2.000000 0.131000 83.998079
life_238
improve 0 22445 41457 25167 18981 2.000000 0.131000 10.105978
con1_216
improve 0 954 1773 1081 819 2.000000 0.131000 0.134775
hwb6_56
improve 0 6723 11865 7097 5142 2.000000 0.131000 0.462476
mod10_176
original 0 178 298 188 120 2.000000 0.131000 0.015564
ex1_226
original 0 7 10 6 3 2.000000 0.131000 0.001486
sf_276
original 0 778 1432 884 654 2.000000 0.131000 0.104207
cm152a_212
original 0 1221 2328 1409 1107 2.000000 0.131000 0.326631
4gt12-v0_87
improve 0 247 418 237 171 2.000000 0.131000 0.020881
decod24-enable_126
original 0 338 581 357 243 2.000000 0.131000 0.024203
radd_250
original 0 3213 5865 3487 2652 2.000000 0.131000 4.136839
pm1_249
improve 0 1776 3105 1734 1329 2.000000 0.131000 0.112983
sf_274
improve 0 781 1402 884 618 2.000000 0.131000 0.696463
miller_11
original 0 50 77 50 27 2.000000 0.131000 0.004265
rd53_251
original 0 1291 2260 1352 969 2.000000 0.131000 0.084186
mlp4_245
original 0 18852 34923 20614 16071 2.000000 0.131000 26.980821
9symml_195
original 0 34881 63654 37895 28773 2.000000 0.131000 5.965450
rd84_142
original 0 343 622 235 279 2.000000 0.131000 0.094332
inc_237
original 0 10619 19583 11622 8964 2.000000 0.131000 1.389611
sqn_258
improve 0 10223 18653 10944 8418 2.000000 0.131000 5.024729
alu-v2_33
original 0 37 61 33 24 2.000000 0.131000 0.008173
sao2_257
improve 0 38577 72097 40203 33441 2.000000 0.131000 23.636620
co14_215
improve 0 17936 34391 18594 16398 2.000000 0.131000 15.809028
decod24-v1_41
original 0 85 178 124 93 2.000000 0.131000 0.019462
4mod5-v0_20
original 0 20 29 17 9 2.000000 0.131000 0.002375
alu-v4_37
original 0 37 58 33 21 2.000000 0.131000 0.003515
urf3_155
improve 0 423488 748773 433423 325218 2.000000 0.131000 40.062123
misex1_241
improve 0 4813 8632 5097 3819 2.000000 0.131000 0.487657
alu-v0_27
original 0 36 57 32 21 2.000000 0.131000 0.003631
4mod5-v1_24
original 0 36 72 39 36 2.000000 0.131000 0.010035
4mod7-v1_96
original 0 164 290 170 126 2.000000 0.131000 0.020490
cm82a_208
improve 0 650 1184 656 534 2.000000 0.131000 0.053159
ham15_107
improve 0 8763 16226 9826 7413 2.000000 0.131000 30.261189
0example
original 0 9 36 31 27 2.000000 0.131000 0.021132
dc1_220
original 0 1914 3555 2142 1641 2.000000 0.131000 0.154787
4gt4-v1_74
original 0 273 477 298 204 2.000000 0.131000 0.024298
rd32-v1_68
original 0 36 57 36 21 2.000000 0.131000 0.003174
decod24-v0_38
original 0 51 78 50 27 2.000000 0.131000 0.004570
sym6_316
original 0 270 513 272 243 2.000000 0.131000 0.038783
alu-v0_26
original 0 84 150 93 66 2.000000 0.131000 0.009663
clip_206
original 0 33827 63182 36192 29355 2.000000 0.131000 61.826818
4mod5-v0_18
original 0 69 111 72 42 2.000000 0.131000 0.012318
cm85a_209
improve 0 11414 21174 13127 9726 2.000000 0.131000 9.843847
alu-v4_36
original 0 115 193 121 78 2.000000 0.131000 0.014142
one-two-three-v0_97
improve 0 290 554 346 264 2.000000 0.131000 0.035591
4gt13_90
original 0 107 179 110 72 2.000000 0.131000 0.011500
mod5d2_64
original 0 53 86 56 33 2.000000 0.131000 0.005210
ground_state_estimation_10
improve 0 390180 470818 217883 80634 2.000000 0.131000 13.030031
C17_204
original 0 467 839 489 372 2.000000 0.131000 0.159878
4gt13_92
original 0 66 156 107 90 2.000000 0.131000 0.016822
rd53_130
original 0 1043 1787 1023 744 2.000000 0.131000 0.089417
alu-v3_34
original 0 52 82 52 30 2.000000 0.131000 0.004943
decod24-bdd_294
original 0 73 121 74 48 2.000000 0.131000 0.006569
4gt5_76
original 0 91 163 109 72 2.000000 0.131000 0.008755
sym9_146
improve 0 328 559 262 231 2.000000 0.131000 0.035739
4mod5-v1_22
original 0 21 33 21 12 2.000000 0.131000 0.002909
rd32_270
original 0 84 147 87 63 2.000000 0.131000 0.009739
hwb4_49
original 0 233 395 243 162 2.000000 0.131000 0.021374
urf5_280
original 0 49829 91328 54824 41499 2.000000 0.131000 6.247009
4gt5_77
original 0 131 218 129 87 2.000000 0.131000 0.024371
rd84_253
original 0 13658 25280 14358 11622 2.000000 0.131000 13.602485
4_49_16
improve 0 217 418 276 201 2.000000 0.131000 0.033933
qft_10
original 0 200 317 97 117 2.000000 0.131000 0.063919
4mod5-bdd_287
original 0 70 118 72 48 2.000000 0.131000 0.006778
qft_16
original 0 512 869 230 357 2.000000 0.131000 1.795010
urf1_149
original 0 184864 321097 184588 136233 2.000000 0.131000 16.140444
urf5_158
improve 0 164416 290459 170915 125994 2.000000 0.131000 20.117033
urf3_279
improve 0 125362 237269 144172 111867 2.000000 0.131000 20.718825
4gt12-v0_86
improve 0 251 425 243 174 2.000000 0.131000 0.052576
4gt4-v0_73
improve 0 395 686 419 291 2.000000 0.131000 0.023799
alu-v1_29
original 0 37 58 32 21 2.000000 0.131000 0.003746
alu-bdd_288
original 0 84 150 91 66 2.000000 0.131000 0.009937
decod24-v2_43
original 0 52 79 49 27 2.000000 0.131000 0.004370
mod8-10_178
original 0 342 603 350 261 2.000000 0.131000 0.031409
one-two-three-v0_98
original 0 146 302 199 156 2.000000 0.131000 0.062612
4gt4-v0_78
original 0 235 412 255 177 2.000000 0.131000 0.026617
4mod5-v0_19
original 0 35 56 35 21 2.000000 0.131000 0.003974
alu-v2_30
improve 0 504 903 562 399 2.000000 0.131000 0.044751
alu-v3_35
original 0 37 58 33 21 2.000000 0.131000 0.003896
dist_223
improve 0 38046 70170 40020 32100 2.000000 0.131000 11.529493
4gt4-v0_79
original 0 231 402 247 171 2.000000 0.131000 0.033093
hwb8_113
improve 0 69380 126931 77247 57438 2.000000 0.131000 24.082919
ex3_229
improve 0 403 754 470 351 2.000000 0.131000 0.057343
xor5_254
original 0 7 10 6 3 2.000000 0.131000 0.001034
f2_232
improve 0 1206 2229 1378 1023 2.000000 0.131000 0.152207
time:2082.400039