rd53_138
improve 0 132 231 114 99 6.000000 0.991100 0.008904
4gt13-v1_93
original 0 68 143 102 75 6.000000 0.991100 0.014388
mod5mils_65
original 0 35 59 39 24 6.000000 0.991100 0.003596
mod5d1_63
original 0 22 40 26 18 6.000000 0.991100 0.004999
sym10_262
improve 0 64283 117679 70645 53301 6.000000 0.991100 24.676432
aj-e11_165
original 0 151 265 161 114 6.000000 0.991100 0.030495
hwb9_119
improve 0 207775 370065 222474 162270 6.000000 0.991100 18.504239
4gt11_83
original 0 23 32 23 9 6.000000 0.991100 0.063699
cm42a_207
improve 0 1776 3123 1809 1347 6.000000 0.991100 0.107871
4gt4-v0_72
improve 0 258 450 268 192 6.000000 0.991100 0.018735
max46_240
improve 0 27126 48681 28187 21549 6.000000 0.991100 3.383928
dc2_222
improve 0 9462 17362 10411 7884 6.000000 0.991100 4.571744
sym9_193
improve 0 34881 63099 37561 28209 6.000000 0.991100 3.792594
rd53_135
original 0 296 524 312 228 6.000000 0.991100 0.034697
mod10_171
original 0 244 424 260 180 6.000000 0.991100 0.013932
ising_model_13
original 0 633 633 143 0 6.000000 0.991100 0.010293
adr4_197
original 0 3439 6472 3787 3033 6.000000 0.991100 0.623922
4gt11_84
original 0 18 27 17 9 6.000000 0.991100 0.003239
4gt11_82
original 0 27 42 33 15 6.000000 0.991100 0.002960
wim_266
improve 0 986 1703 975 717 6.000000 0.991100 0.070973
rd53_131
original 0 469 886 566 417 6.000000 0.991100 0.038444
mod8-10_177
original 0 440 761 458 321 6.000000 0.991100 0.030265
4gt10-v1_81
original 0 148 253 158 105 6.000000 0.991100 0.012528
alu-v1_28
original 0 37 61 39 24 6.000000 0.991100 0.003959
cnt3-5_179
original 0 175 349 137 174 6.000000 0.991100 0.943126
square_root_7
improve 0 7630 14058 7601 6420 6.000000 0.991100 1.824166
one-two-three-v1_99
original 0 132 222 141 90 6.000000 0.991100 0.015397
mini_alu_305
improve 0 173 314 160 141 6.000000 0.991100 0.021905
rd53_311
original 0 275 503 246 228 6.000000 0.991100 0.036386
3_17_13
original 0 36 54 35 18 6.000000 0.991100 0.003134
rd73_252
original 0 5321 9572 5572 4251 6.000000 0.991100 0.508363
4gt4-v0_80
original 0 179 314 193 135 6.000000 0.991100 0.017083
hwb7_59
original 0 24379 42475 25345 18096 6.000000 0.991100 1.490660
ham3_102
original 0 20 35 26 15 6.000000 0.991100 0.010303
cnt3-5_180
improve 0 485 845 420 360 6.000000 0.991100 0.042634
rd53_133
original 0 580 1078 673 498 6.000000 0.991100 0.084151
4mod7-v0_94
original 0 162 357 247 195 6.000000 0.991100 0.024511
plus63mod4096_163
original 0 128744 235313 142571 106569 6.000000 0.991100 63.686531
mini-alu_167
original 0 288 489 302 201 6.000000 0.991100 0.052965
root_255
improve 0 17159 31202 17582 14043 6.000000 0.991100 1.662576
z4_268
original 0 3073 5773 3391 2700 6.000000 0.991100 0.610662
majority_239
improve 0 612 1266 788 630 6.000000 0.991100 14.931385
ex2_227
original 0 631 1213 753 582 6.000000 0.991100 0.080878
urf2_277
improve 0 20112 37497 22967 17385 6.000000 0.991100 2.004449
one-two-three-v3_101
original 0 70 124 78 54 6.000000 0.991100 0.015286
4gt13_91
original 0 103 163 101 60 6.000000 0.991100 0.010045
4gt12-v1_89
original 0 228 402 243 174 6.000000 0.991100 0.018307
sqrt8_260
original 0 3009 5424 3229 2415 6.000000 0.991100 0.218274
rd32-v0_66
original 0 34 55 37 21 6.000000 0.991100 0.004292
sym9_148
improve 0 21504 39771 25020 18219 6.000000 0.991100 9.739193
4gt5_75
original 0 83 131 80 48 6.000000 0.991100 0.013906
0410184_169
original 0 211 373 197 162 6.000000 0.991100 0.025005
urf2_152
improve 0 80480 138983 82973 58503 6.000000 0.991100 4.792077
urf1_278
original 0 54766 100390 61270 45624 6.000000 0.991100 8.069749
sym6_145
improve 0 3888 6678 4065 2790 6.000000 0.991100 0.223211
alu-v2_32
original 0 163 280 174 117 6.000000 0.991100 0.012062
4gt12-v0_88
original 0 194 332 201 138 6.000000 0.991100 0.015031
squar5_261
improve 0 1993 3535 2018 1542 6.000000 0.991100 0.201833
alu-v2_31
original 0 451 757 472 306 6.000000 0.991100 0.028478
hwb5_53
improve 0 1336 2320 1450 984 6.000000 0.991100 0.075866
one-two-three-v2_100
original 0 69 114 74 45 6.000000 0.991100 0.006696
cycle10_2_110
original 0 6050 11099 6675 5049 6.000000 0.991100 0.519145
urf6_160
improve 0 171840 312063 180940 140163 6.000000 0.991100 30.787596
ising_model_10
original 0 480 480 110 0 6.000000 0.991100 0.052583
sys6-v0_111
improve 0 215 380 174 165 6.000000 0.991100 0.018860
plus63mod8192_164
improve 0 187112 342764 206521 155607 6.000000 0.991100 24.872429
mod5adder_127
improve 0 555 1014 630 459 6.000000 0.991100 0.091948
rd73_140
improve 0 230 395 201 165 6.000000 0.991100 0.016563
4mod5-v1_23
original 0 69 120 78 51 6.000000 0.991100 0.007569
graycode6_47
original 0 5 5 5 0 6.000000 0.991100 0.001004
ising_model_16
original 0 786 786 176 0 6.000000 0.991100 0.011044
ham7_104
original 0 320 632 393 312 6.000000 0.991100 0.090939
ex-1_166
original 0 19 31 21 12 6.000000 0.991100 0.002189
decod24-v3_45
original 0 150 336 212 186 6.000000 0.991100 0.040227
urf4_187
improve 0 512064 902965 513528 390843 6.000000 0.991100 42.526939
life_238
original 0 22445 40898 24665 18453 6.000000 0.991100 18.300553
con1_216
original 0 954 1818 1110 864 6.000000 0.991100 0.214792
hwb6_56
improve 0 6723 11781 7098 5058 6.000000 0.991100 0.384917
mod10_176
original 0 178 289 177 111 6.000000 0.991100 0.015296
ex1_226
original 0 7 10 5 3 6.000000 0.991100 0.001504
sf_276
original 0 778 1537 980 759 6.000000 0.991100 0.578763
cm152a_212
original 0 1221 2421 1542 1200 6.000000 0.991100 1.155564
4gt12-v0_87
original 0 247 424 251 177 6.000000 0.991100 0.021006
decod24-enable_126
original 0 338 575 352 237 6.000000 0.991100 0.022038
radd_250
original 0 3213 5793 3503 2580 6.000000 0.991100 0.225755
pm1_249
improve 0 1776 3123 1809 1347 6.000000 0.991100 0.111931
sf_274
improve 0 781 1477 916 693 6.000000 0.991100 0.420786
miller_11
original 0 50 86 59 36 6.000000 0.991100 0.004362
rd53_251
original 0 1291 2275 1359 984 6.000000 0.991100 0.080334
mlp4_245
improve 0 18852 34575 20481 15714 6.000000 0.991100 2.889869
9symml_195
improve 0 34881 63099 37561 28209 6.000000 0.991100 3.854548
rd84_142
original 0 343 622 244 279 6.000000 0.991100 0.047451
inc_237
improve 0 10619 19331 11723 8712 6.000000 0.991100 1.472534
sqn_258
original 0 10223 18389 10691 8166 6.000000 0.991100 3.693821
alu-v2_33
original 0 37 61 39 24 6.000000 0.991100 0.006782
sao2_257
improve 0 38577 70223 39063 31638 6.000000 0.991100 4.520519
co14_215
improve 0 17936 33734 17912 15702 6.000000 0.991100 32.025203
decod24-v1_41
original 0 85 178 119 93 6.000000 0.991100 0.018459
4mod5-v0_20
original 0 20 29 18 9 6.000000 0.991100 0.002327
alu-v4_37
original 0 37 58 37 21 6.000000 0.991100 0.003713
urf3_155
original 0 423488 746345 435682 322857 6.000000 0.991100 41.462085
misex1_241
improve 0 4813 8632 5203 3816 6.000000 0.991100 0.798096
alu-v0_27
original 0 36 57 37 21 6.000000 0.991100 0.003208
4mod5-v1_24
original 0 36 75 41 39 6.000000 0.991100 0.011422
4mod7-v1_96
original 0 164 278 180 114 6.000000 0.991100 0.013118
cm82a_208
improve 0 650 1148 672 498 6.000000 0.991100 0.041894
ham15_107
improve 0 8763 16047 9709 7284 6.000000 0.991100 1.243613
0example
original 0 9 39 34 30 6.000000 0.991100 0.021277
dc1_220
original 0 1914 3654 2193 1740 6.000000 0.991100 0.173472
4gt4-v1_74
improve 0 273 471 286 198 6.000000 0.991100 0.019804
rd32-v1_68
original 0 36 57 37 21 6.000000 0.991100 0.003286
decod24-v0_38
original 0 51 84 52 33 6.000000 0.991100 0.004875
sym6_316
original 0 270 489 262 219 6.000000 0.991100 0.026479
alu-v0_26
original 0 84 141 88 57 6.000000 0.991100 0.008862
clip_206
improve 0 33827 62276 36623 28416 6.000000 0.991100 10.338912
4mod5-v0_18
original 0 69 111 69 42 6.000000 0.991100 0.017144
cm85a_209
improve 0 11414 21100 12928 9651 6.000000 0.991100 10.107643
alu-v4_36
original 0 115 196 125 81 6.000000 0.991100 0.012312
one-two-three-v0_97
improve 0 290 566 351 276 6.000000 0.991100 0.030755
4gt13_90
original 0 107 173 109 66 6.000000 0.991100 0.010846
mod5d2_64
original 0 53 92 60 39 6.000000 0.991100 0.005186
ground_state_estimation_10
improve 0 390180 451717 199708 61524 6.000000 0.991100 14.253843
C17_204
improve 0 467 809 476 342 6.000000 0.991100 0.144369
4gt13_92
original 0 66 156 105 90 6.000000 0.991100 0.014116
rd53_130
original 0 1043 1772 1057 729 6.000000 0.991100 0.065871
alu-v3_34
original 0 52 85 53 33 6.000000 0.991100 0.005385
decod24-bdd_294
original 0 73 121 71 48 6.000000 0.991100 0.007326
4gt5_76
original 0 91 157 108 66 6.000000 0.991100 0.008514
sym9_146
original 0 328 580 253 252 6.000000 0.991100 0.027606
4mod5-v1_22
original 0 21 33 21 12 6.000000 0.991100 0.002710
rd32_270
original 0 84 141 87 57 6.000000 0.991100 0.007266
hwb4_49
original 0 233 404 247 171 6.000000 0.991100 0.018790
urf5_280
original 0 49829 90431 54689 40602 6.000000 0.991100 6.893598
4gt5_77
original 0 131 215 130 84 6.000000 0.991100 0.022936
rd84_253
improve 0 13658 25245 14428 11571 6.000000 0.991100 3.497170
4_49_16
original 0 217 421 273 204 6.000000 0.991100 0.023220
qft_10
improve 0 200 314 106 114 6.000000 0.991100 0.051010
4mod5-bdd_287
original 0 70 118 67 48 6.000000 0.991100 0.008328
qft_16
improve 0 512 938 276 375 6.000000 0.991100 18.330653
urf1_149
improve 0 184864 320656 188067 135792 6.000000 0.991100 11.730573
urf5_158
improve 0 164416 284290 171997 119874 6.000000 0.991100 10.158147
urf3_279
improve 0 125362 234101 141833 108666 6.000000 0.991100 27.623734
4gt12-v0_86
original 0 251 428 255 177 6.000000 0.991100 0.054284
4gt4-v0_73
original 0 395 692 436 297 6.000000 0.991100 0.023482
alu-v1_29
original 0 37 58 37 21 6.000000 0.991100 0.003623
alu-bdd_288
original 0 84 147 88 63 6.000000 0.991100 0.008257
decod24-v2_43
original 0 52 82 51 30 6.000000 0.991100 0.004353
mod8-10_178
improve 0 342 594 352 252 6.000000 0.991100 0.025873
one-two-three-v0_98
original 0 146 302 186 156 6.000000 0.991100 0.033654
4gt4-v0_78
original 0 235 412 254 177 6.000000 0.991100 0.028879
4mod5-v0_19
original 0 35 59 38 24 6.000000 0.991100 0.003850
alu-v2_30
improve 0 504 921 578 417 6.000000 0.991100 0.033376
alu-v3_35
original 0 37 58 37 21 6.000000 0.991100 0.003861
dist_223
improve 0 38046 69136 39456 31059 6.000000 0.991100 10.000273
4gt4-v0_79
original 0 231 393 237 162 6.000000 0.991100 0.035164
hwb8_113
improve 0 69380 121679 73117 52299 6.000000 0.991100 4.121763
ex3_229
original 0 403 889 585 486 6.000000 0.991100 0.302902
xor5_254
original 0 7 10 5 3 6.000000 0.991100 0.000952
f2_232
improve 0 1206 2421 1554 1212 6.000000 0.991100 0.854063
time:10762.371441