rd53_138
improve 0 132 231 114 99 6.000000 0.671100 0.013639
4gt13-v1_93
original 0 68 143 102 75 6.000000 0.671100 0.013587
mod5mils_65
original 0 35 59 39 24 6.000000 0.671100 0.002841
mod5d1_63
original 0 22 40 26 18 6.000000 0.671100 0.005131
sym10_262
improve 0 64283 117679 70645 53301 6.000000 0.671100 24.635353
aj-e11_165
original 0 151 265 161 114 6.000000 0.671100 0.031249
hwb9_119
improve 0 207775 370065 222474 162270 6.000000 0.671100 18.896164
4gt11_83
original 0 23 32 23 9 6.000000 0.671100 0.059260
cm42a_207
improve 0 1776 3123 1809 1347 6.000000 0.671100 0.112344
4gt4-v0_72
improve 0 258 450 268 192 6.000000 0.671100 0.019894
max46_240
improve 0 27126 48681 28187 21549 6.000000 0.671100 3.473133
dc2_222
improve 0 9462 17362 10411 7884 6.000000 0.671100 4.703020
sym9_193
improve 0 34881 63099 37561 28209 6.000000 0.671100 3.916363
rd53_135
original 0 296 524 312 228 6.000000 0.671100 0.051813
mod10_171
original 0 244 424 260 180 6.000000 0.671100 0.018056
ising_model_13
original 0 633 633 143 0 6.000000 0.671100 0.006672
adr4_197
original 0 3439 6472 3787 3033 6.000000 0.671100 0.622623
4gt11_84
original 0 18 27 17 9 6.000000 0.671100 0.003239
4gt11_82
original 0 27 42 33 15 6.000000 0.671100 0.002982
wim_266
improve 0 986 1703 975 717 6.000000 0.671100 0.069682
rd53_131
original 0 469 886 566 417 6.000000 0.671100 0.038138
mod8-10_177
original 0 440 761 458 321 6.000000 0.671100 0.031888
4gt10-v1_81
original 0 148 253 158 105 6.000000 0.671100 0.013097
alu-v1_28
original 0 37 61 39 24 6.000000 0.671100 0.003052
cnt3-5_179
original 0 175 349 137 174 6.000000 0.671100 0.944239
square_root_7
improve 0 7630 14058 7601 6420 6.000000 0.671100 1.919623
one-two-three-v1_99
original 0 132 222 141 90 6.000000 0.671100 0.012132
mini_alu_305
improve 0 173 314 160 141 6.000000 0.671100 0.021613
rd53_311
original 0 275 503 246 228 6.000000 0.671100 0.036454
3_17_13
original 0 36 54 35 18 6.000000 0.671100 0.003169
rd73_252
original 0 5321 9572 5572 4251 6.000000 0.671100 0.444753
4gt4-v0_80
original 0 179 314 193 135 6.000000 0.671100 0.017528
hwb7_59
original 0 24379 42475 25345 18096 6.000000 0.671100 1.567005
ham3_102
original 0 20 35 26 15 6.000000 0.671100 0.010568
cnt3-5_180
improve 0 485 845 420 360 6.000000 0.671100 0.047914
rd53_133
original 0 580 1078 673 498 6.000000 0.671100 0.083538
4mod7-v0_94
original 0 162 357 247 195 6.000000 0.671100 0.023929
plus63mod4096_163
original 0 128744 235313 142571 106569 6.000000 0.671100 65.717659
mini-alu_167
original 0 288 489 302 201 6.000000 0.671100 0.054336
root_255
improve 0 17159 31202 17582 14043 6.000000 0.671100 1.771819
z4_268
original 0 3073 5773 3391 2700 6.000000 0.671100 0.623560
majority_239
improve 0 612 1266 788 630 6.000000 0.671100 15.087291
ex2_227
original 0 631 1213 753 582 6.000000 0.671100 0.081146
urf2_277
improve 0 20112 37497 22967 17385 6.000000 0.671100 2.030545
one-two-three-v3_101
original 0 70 124 78 54 6.000000 0.671100 0.012547
4gt13_91
original 0 103 163 101 60 6.000000 0.671100 0.009185
4gt12-v1_89
original 0 228 402 243 174 6.000000 0.671100 0.018283
sqrt8_260
original 0 3009 5424 3229 2415 6.000000 0.671100 0.223458
rd32-v0_66
original 0 34 55 37 21 6.000000 0.671100 0.003943
sym9_148
improve 0 21504 39771 25020 18219 6.000000 0.671100 9.659133
4gt5_75
original 0 83 131 80 48 6.000000 0.671100 0.013314
0410184_169
original 0 211 373 197 162 6.000000 0.671100 0.025211
urf2_152
improve 0 80480 138983 82973 58503 6.000000 0.671100 4.839633
urf1_278
original 0 54766 100390 61270 45624 6.000000 0.671100 8.235106
sym6_145
improve 0 3888 6678 4065 2790 6.000000 0.671100 0.228684
alu-v2_32
original 0 163 280 174 117 6.000000 0.671100 0.014184
4gt12-v0_88
original 0 194 332 201 138 6.000000 0.671100 0.012619
squar5_261
improve 0 1993 3535 2018 1542 6.000000 0.671100 0.142174
alu-v2_31
original 0 451 757 472 306 6.000000 0.671100 0.027540
hwb5_53
improve 0 1336 2320 1450 984 6.000000 0.671100 0.076543
one-two-three-v2_100
original 0 69 114 74 45 6.000000 0.671100 0.006688
cycle10_2_110
original 0 6050 11099 6675 5049 6.000000 0.671100 0.529161
urf6_160
improve 0 171840 312063 180940 140163 6.000000 0.671100 30.536902
ising_model_10
original 0 480 480 110 0 6.000000 0.671100 0.056261
sys6-v0_111
improve 0 215 380 174 165 6.000000 0.671100 0.023005
plus63mod8192_164
improve 0 187112 342764 206521 155607 6.000000 0.671100 25.582613
mod5adder_127
improve 0 555 1014 630 459 6.000000 0.671100 0.093391
rd73_140
improve 0 230 395 201 165 6.000000 0.671100 0.018902
4mod5-v1_23
original 0 69 120 78 51 6.000000 0.671100 0.007600
graycode6_47
original 0 5 5 5 0 6.000000 0.671100 0.000803
ising_model_16
original 0 786 786 176 0 6.000000 0.671100 0.010087
ham7_104
original 0 320 632 393 312 6.000000 0.671100 0.088425
ex-1_166
original 0 19 31 21 12 6.000000 0.671100 0.001796
decod24-v3_45
original 0 150 336 212 186 6.000000 0.671100 0.042639
urf4_187
improve 0 512064 902965 513528 390843 6.000000 0.671100 42.948909
life_238
original 0 22445 40898 24665 18453 6.000000 0.671100 17.860999
con1_216
original 0 954 1818 1110 864 6.000000 0.671100 0.143780
hwb6_56
improve 0 6723 11781 7098 5058 6.000000 0.671100 0.393330
mod10_176
original 0 178 289 177 111 6.000000 0.671100 0.016313
ex1_226
original 0 7 10 5 3 6.000000 0.671100 0.001447
sf_276
original 0 778 1537 980 759 6.000000 0.671100 0.602508
cm152a_212
original 0 1221 2421 1542 1200 6.000000 0.671100 1.185069
4gt12-v0_87
original 0 247 424 251 177 6.000000 0.671100 0.020541
decod24-enable_126
original 0 338 575 352 237 6.000000 0.671100 0.021321
radd_250
original 0 3213 5793 3503 2580 6.000000 0.671100 0.226169
pm1_249
improve 0 1776 3123 1809 1347 6.000000 0.671100 0.113525
sf_274
improve 0 781 1477 916 693 6.000000 0.671100 0.426008
miller_11
original 0 50 86 59 36 6.000000 0.671100 0.003991
rd53_251
original 0 1291 2275 1359 984 6.000000 0.671100 0.078822
mlp4_245
improve 0 18852 34575 20481 15714 6.000000 0.671100 2.754998
9symml_195
improve 0 34881 63099 37561 28209 6.000000 0.671100 3.888261
rd84_142
original 0 343 622 244 279 6.000000 0.671100 0.049614
inc_237
improve 0 10619 19331 11723 8712 6.000000 0.671100 1.399179
sqn_258
original 0 10223 18389 10691 8166 6.000000 0.671100 3.750328
alu-v2_33
original 0 37 61 39 24 6.000000 0.671100 0.007247
sao2_257
improve 0 38577 70223 39063 31638 6.000000 0.671100 4.589353
co14_215
improve 0 17936 33734 17912 15702 6.000000 0.671100 30.748651
decod24-v1_41
original 0 85 178 119 93 6.000000 0.671100 0.021432
4mod5-v0_20
original 0 20 29 18 9 6.000000 0.671100 0.002380
alu-v4_37
original 0 37 58 37 21 6.000000 0.671100 0.002005
urf3_155
original 0 423488 746345 435682 322857 6.000000 0.671100 41.819973
misex1_241
improve 0 4813 8632 5203 3816 6.000000 0.671100 0.804778
alu-v0_27
original 0 36 57 37 21 6.000000 0.671100 0.003883
4mod5-v1_24
original 0 36 75 41 39 6.000000 0.671100 0.013062
4mod7-v1_96
original 0 164 278 180 114 6.000000 0.671100 0.011891
cm82a_208
improve 0 650 1148 672 498 6.000000 0.671100 0.040884
ham15_107
improve 0 8763 16047 9709 7284 6.000000 0.671100 1.272038
0example
original 0 9 39 34 30 6.000000 0.671100 0.019241
dc1_220
original 0 1914 3654 2193 1740 6.000000 0.671100 0.172630
4gt4-v1_74
improve 0 273 471 286 198 6.000000 0.671100 0.021430
rd32-v1_68
original 0 36 57 37 21 6.000000 0.671100 0.002532
decod24-v0_38
original 0 51 84 52 33 6.000000 0.671100 0.004401
sym6_316
original 0 270 489 262 219 6.000000 0.671100 0.023640
alu-v0_26
original 0 84 141 88 57 6.000000 0.671100 0.007024
clip_206
improve 0 33827 62276 36623 28416 6.000000 0.671100 10.452708
4mod5-v0_18
original 0 69 111 69 42 6.000000 0.671100 0.015829
cm85a_209
improve 0 11414 21100 12928 9651 6.000000 0.671100 10.081027
alu-v4_36
original 0 115 196 125 81 6.000000 0.671100 0.013265
one-two-three-v0_97
improve 0 290 566 351 276 6.000000 0.671100 0.040902
4gt13_90
original 0 107 173 109 66 6.000000 0.671100 0.010517
mod5d2_64
original 0 53 92 60 39 6.000000 0.671100 0.003636
ground_state_estimation_10
improve 0 390180 451717 199708 61524 6.000000 0.671100 14.535205
C17_204
improve 0 467 809 476 342 6.000000 0.671100 0.152413
4gt13_92
original 0 66 156 105 90 6.000000 0.671100 0.016739
rd53_130
original 0 1043 1772 1057 729 6.000000 0.671100 0.063160
alu-v3_34
original 0 52 85 53 33 6.000000 0.671100 0.003071
decod24-bdd_294
original 0 73 121 71 48 6.000000 0.671100 0.005575
4gt5_76
original 0 91 157 108 66 6.000000 0.671100 0.007093
sym9_146
original 0 328 580 253 252 6.000000 0.671100 0.036287
4mod5-v1_22
original 0 21 33 21 12 6.000000 0.671100 0.001975
rd32_270
original 0 84 141 87 57 6.000000 0.671100 0.005769
hwb4_49
original 0 233 404 247 171 6.000000 0.671100 0.017594
urf5_280
original 0 49829 90431 54689 40602 6.000000 0.671100 6.945776
4gt5_77
original 0 131 215 130 84 6.000000 0.671100 0.029177
rd84_253
improve 0 13658 25245 14428 11571 6.000000 0.671100 3.574725
4_49_16
original 0 217 421 273 204 6.000000 0.671100 0.023249
qft_10
improve 0 200 314 106 114 6.000000 0.671100 0.052630
4mod5-bdd_287
original 0 70 118 67 48 6.000000 0.671100 0.006418
qft_16
improve 0 512 938 276 375 6.000000 0.671100 18.682419
urf1_149
improve 0 184864 320656 188067 135792 6.000000 0.671100 11.873983
urf5_158
improve 0 164416 284290 171997 119874 6.000000 0.671100 10.245258
urf3_279
improve 0 125362 234101 141833 108666 6.000000 0.671100 28.067341
4gt12-v0_86
original 0 251 428 255 177 6.000000 0.671100 0.079898
4gt4-v0_73
original 0 395 692 436 297 6.000000 0.671100 0.031190
alu-v1_29
original 0 37 58 37 21 6.000000 0.671100 0.003803
alu-bdd_288
original 0 84 147 88 63 6.000000 0.671100 0.009698
decod24-v2_43
original 0 52 82 51 30 6.000000 0.671100 0.004652
mod8-10_178
improve 0 342 594 352 252 6.000000 0.671100 0.024952
one-two-three-v0_98
original 0 146 302 186 156 6.000000 0.671100 0.034158
4gt4-v0_78
original 0 235 412 254 177 6.000000 0.671100 0.029321
4mod5-v0_19
original 0 35 59 38 24 6.000000 0.671100 0.003857
alu-v2_30
improve 0 504 921 578 417 6.000000 0.671100 0.035137
alu-v3_35
original 0 37 58 37 21 6.000000 0.671100 0.003979
dist_223
improve 0 38046 69136 39456 31059 6.000000 0.671100 9.963146
4gt4-v0_79
original 0 231 393 237 162 6.000000 0.671100 0.047405
hwb8_113
improve 0 69380 121679 73117 52299 6.000000 0.671100 4.207411
ex3_229
original 0 403 889 585 486 6.000000 0.671100 0.307235
xor5_254
original 0 7 10 5 3 6.000000 0.671100 0.001246
f2_232
improve 0 1206 2421 1554 1212 6.000000 0.671100 0.887402
time:2153.725806