rd53_138
original 0 132 225 108 93 2.000000 0.701000 0.014659
4gt13-v1_93
original 0 68 146 103 78 2.000000 0.701000 0.020052
mod5mils_65
original 0 35 53 33 18 2.000000 0.701000 0.003162
mod5d1_63
original 0 22 40 26 18 2.000000 0.701000 0.004912
sym10_262
improve 0 64283 119796 72452 55401 2.000000 0.701000 30.279101
aj-e11_165
original 0 151 253 150 102 2.000000 0.701000 0.027923
hwb9_119
original 0 207775 376315 225212 168540 2.000000 0.701000 82.071662
4gt11_83
original 0 23 32 23 9 2.000000 0.701000 0.064743
cm42a_207
original 0 1776 3174 1798 1398 2.000000 0.701000 0.131480
4gt4-v0_72
original 0 258 435 240 177 2.000000 0.701000 0.020713
max46_240
improve 0 27126 49167 28538 22032 2.000000 0.701000 6.204418
dc2_222
original 0 9462 17646 10421 8184 2.000000 0.701000 2.640749
sym9_193
original 0 34881 64482 38421 29601 2.000000 0.701000 19.983067
rd53_135
improve 0 296 533 310 237 2.000000 0.701000 0.031189
mod10_171
original 0 244 439 286 195 2.000000 0.701000 0.020994
ising_model_13
original 0 633 633 143 0 2.000000 0.701000 0.010118
adr4_197
original 0 3439 6577 3864 3138 2.000000 0.701000 7.568629
4gt11_84
original 0 18 27 17 9 2.000000 0.701000 0.003175
4gt11_82
original 0 27 39 30 12 2.000000 0.701000 0.002530
wim_266
improve 0 986 1721 990 735 2.000000 0.701000 0.068985
rd53_131
improve 0 469 859 570 390 2.000000 0.701000 0.136596
mod8-10_177
original 0 440 725 438 285 2.000000 0.701000 0.029067
4gt10-v1_81
original 0 148 250 154 102 2.000000 0.701000 0.013422
alu-v1_28
original 0 37 61 39 24 2.000000 0.701000 0.003719
cnt3-5_179
original 0 175 343 128 168 2.000000 0.701000 0.044633
square_root_7
improve 0 7630 14352 7948 6684 2.000000 0.701000 13.045393
one-two-three-v1_99
original 0 132 213 133 81 2.000000 0.701000 0.014037
mini_alu_305
original 0 173 299 134 126 2.000000 0.701000 0.020845
rd53_311
original 0 275 497 240 222 2.000000 0.701000 0.030917
3_17_13
original 0 36 54 35 18 2.000000 0.701000 0.002941
rd73_252
improve 0 5321 9695 5740 4374 2.000000 0.701000 0.519900
4gt4-v0_80
original 0 179 305 184 126 2.000000 0.701000 0.016336
hwb7_59
improve 0 24379 43066 25510 18675 2.000000 0.701000 5.429239
ham3_102
original 0 20 29 20 9 2.000000 0.701000 0.010731
cnt3-5_180
improve 0 485 899 447 414 2.000000 0.701000 0.100816
rd53_133
improve 0 580 1111 705 531 2.000000 0.701000 0.058776
4mod7-v0_94
improve 0 162 333 221 171 2.000000 0.701000 0.031511
plus63mod4096_163
original 0 128744 237980 142917 109236 2.000000 0.701000 140.408699
mini-alu_167
original 0 288 489 286 201 2.000000 0.701000 0.056504
root_255
original 0 17159 31913 17822 14754 2.000000 0.701000 7.729495
z4_268
improve 0 3073 5821 3419 2736 2.000000 0.701000 4.068388
majority_239
improve 0 612 1158 714 531 2.000000 0.701000 14.178173
ex2_227
improve 0 631 1183 725 552 2.000000 0.701000 0.064957
urf2_277
improve 0 20112 37674 23127 17550 2.000000 0.701000 3.595847
one-two-three-v3_101
original 0 70 124 74 54 2.000000 0.701000 0.013898
4gt13_91
improve 0 103 184 122 81 2.000000 0.701000 0.013228
4gt12-v1_89
improve 0 228 387 226 159 2.000000 0.701000 0.018372
sqrt8_260
improve 0 3009 5601 3352 2592 2.000000 0.701000 0.595791
rd32-v0_66
original 0 34 55 36 21 2.000000 0.701000 0.004085
sym9_148
improve 0 21504 39123 23704 17604 2.000000 0.701000 5.114588
4gt5_75
original 0 83 128 75 45 2.000000 0.701000 0.013220
0410184_169
original 0 211 379 190 168 2.000000 0.701000 0.025749
urf2_152
improve 0 80480 139712 81879 59232 2.000000 0.701000 4.778069
urf1_278
original 0 54766 102229 61946 47463 2.000000 0.701000 7.575012
sym6_145
original 0 3888 6858 4137 2970 2.000000 0.701000 0.279706
alu-v2_32
original 0 163 280 180 117 2.000000 0.701000 0.009283
4gt12-v0_88
original 0 194 326 192 132 2.000000 0.701000 0.013130
squar5_261
improve 0 1993 3505 1996 1512 2.000000 0.701000 0.156779
alu-v2_31
improve 0 451 760 458 309 2.000000 0.701000 0.028722
hwb5_53
improve 0 1336 2350 1435 1014 2.000000 0.701000 0.081872
one-two-three-v2_100
original 0 69 117 71 48 2.000000 0.701000 0.006663
cycle10_2_110
improve 0 6050 11039 6817 4986 2.000000 0.701000 1.738834
urf6_160
improve 0 171840 316388 180649 144444 2.000000 0.701000 50.161510
ising_model_10
original 0 480 480 110 0 2.000000 0.701000 0.287917
sys6-v0_111
improve 0 215 392 172 177 2.000000 0.701000 0.014875
plus63mod8192_164
improve 0 187112 350731 211437 163191 2.000000 0.701000 201.450902
mod5adder_127
original 0 555 987 599 432 2.000000 0.701000 0.099711
rd73_140
original 0 230 404 191 174 2.000000 0.701000 0.019192
4mod5-v1_23
original 0 69 114 75 45 2.000000 0.701000 0.005653
graycode6_47
original 0 5 5 5 0 2.000000 0.701000 0.000966
ising_model_16
original 0 786 786 176 0 2.000000 0.701000 0.010791
ham7_104
improve 0 320 668 437 348 2.000000 0.701000 0.080981
ex-1_166
original 0 19 28 18 9 2.000000 0.701000 0.001976
decod24-v3_45
improve 0 150 330 219 180 2.000000 0.701000 0.059211
urf4_187
improve 0 512064 920384 515932 408243 2.000000 0.701000 57.731375
life_238
original 0 22445 40754 24421 18309 2.000000 0.701000 9.890264
con1_216
original 0 954 1773 1039 819 2.000000 0.701000 0.290581
hwb6_56
original 0 6723 11889 7083 5166 2.000000 0.701000 0.531779
mod10_176
improve 0 178 295 174 117 2.000000 0.701000 0.017089
ex1_226
original 0 7 10 5 3 2.000000 0.701000 0.001335
sf_276
improve 0 778 1426 897 648 2.000000 0.701000 0.131870
cm152a_212
improve 0 1221 2457 1567 1236 2.000000 0.701000 0.297235
4gt12-v0_87
improve 0 247 418 240 171 2.000000 0.701000 0.019979
decod24-enable_126
improve 0 338 581 351 243 2.000000 0.701000 0.023871
radd_250
improve 0 3213 5907 3502 2694 2.000000 0.701000 0.440662
pm1_249
original 0 1776 3174 1798 1398 2.000000 0.701000 0.137732
sf_274
improve 0 781 1420 897 639 2.000000 0.701000 0.081517
miller_11
original 0 50 77 50 27 2.000000 0.701000 0.004093
rd53_251
original 0 1291 2275 1374 984 2.000000 0.701000 0.104209
mlp4_245
original 0 18852 35508 20884 16656 2.000000 0.701000 23.738520
9symml_195
original 0 34881 64482 38421 29601 2.000000 0.701000 19.982961
rd84_142
original 0 343 631 241 288 2.000000 0.701000 0.177374
inc_237
original 0 10619 19547 11712 8928 2.000000 0.701000 2.802659
sqn_258
original 0 10223 18545 10672 8322 2.000000 0.701000 1.791312
alu-v2_33
original 0 37 61 39 24 2.000000 0.701000 0.008147
sao2_257
original 0 38577 71733 39625 33156 2.000000 0.701000 29.633218
co14_215
improve 0 17936 34396 18337 16308 2.000000 0.701000 38.758909
decod24-v1_41
original 0 85 184 127 99 2.000000 0.701000 0.021847
4mod5-v0_20
original 0 20 29 18 9 2.000000 0.701000 0.002223
alu-v4_37
original 0 37 58 37 21 2.000000 0.701000 0.003448
urf3_155
improve 0 423488 751168 432490 327612 2.000000 0.701000 38.358124
misex1_241
original 0 4813 8584 5111 3771 2.000000 0.701000 0.493064
alu-v0_27
original 0 36 57 37 21 2.000000 0.701000 0.003037
4mod5-v1_24
original 0 36 72 39 36 2.000000 0.701000 0.009407
4mod7-v1_96
original 0 164 281 180 117 2.000000 0.701000 0.016104
cm82a_208
original 0 650 1139 631 489 2.000000 0.701000 0.054524
ham15_107
improve 0 8763 16284 9963 7509 2.000000 0.701000 3.884750
0example
original 0 9 36 31 27 2.000000 0.701000 0.020189
dc1_220
improve 0 1914 3519 2097 1605 2.000000 0.701000 0.141692
4gt4-v1_74
original 0 273 471 287 198 2.000000 0.701000 0.024023
rd32-v1_68
original 0 36 57 36 21 2.000000 0.701000 0.003067
decod24-v0_38
original 0 51 78 49 27 2.000000 0.701000 0.004038
sym6_316
original 0 270 510 264 240 2.000000 0.701000 0.027884
alu-v0_26
original 0 84 138 81 54 2.000000 0.701000 0.007433
clip_206
original 0 33827 62996 36337 29169 2.000000 0.701000 23.420878
4mod5-v0_18
original 0 69 111 71 42 2.000000 0.701000 0.016208
cm85a_209
original 0 11414 21278 12799 9864 2.000000 0.701000 3.973283
alu-v4_36
original 0 115 196 121 81 2.000000 0.701000 0.014410
one-two-three-v0_97
original 0 290 563 360 273 2.000000 0.701000 0.050797
4gt13_90
improve 0 107 188 126 81 2.000000 0.701000 0.014662
mod5d2_64
original 0 53 92 62 39 2.000000 0.701000 0.006590
ground_state_estimation_10
improve 0 390180 471351 216382 81171 2.000000 0.701000 11.364965
C17_204
improve 0 467 836 492 369 2.000000 0.701000 0.143423
4gt13_92
original 0 66 159 105 93 2.000000 0.701000 0.018402
rd53_130
improve 0 1043 1823 1058 780 2.000000 0.701000 0.076833
alu-v3_34
original 0 52 85 53 33 2.000000 0.701000 0.005148
decod24-bdd_294
original 0 73 118 71 45 2.000000 0.701000 0.006111
4gt5_76
original 0 91 157 108 66 2.000000 0.701000 0.008147
sym9_146
improve 0 328 586 268 258 2.000000 0.701000 0.048358
4mod5-v1_22
original 0 21 33 21 12 2.000000 0.701000 0.002647
rd32_270
original 0 84 147 91 63 2.000000 0.701000 0.010373
hwb4_49
improve 0 233 398 250 165 2.000000 0.701000 0.021011
urf5_280
original 0 49829 91433 54982 41604 2.000000 0.701000 8.835103
4gt5_77
original 0 131 218 132 87 2.000000 0.701000 0.022589
rd84_253
improve 0 13658 25387 14725 11685 2.000000 0.701000 18.109311
4_49_16
improve 0 217 430 284 213 2.000000 0.701000 0.035836
qft_10
improve 0 200 291 94 87 2.000000 0.701000 0.753713
4mod5-bdd_287
original 0 70 121 71 51 2.000000 0.701000 0.007483
qft_16
improve 0 512 862 238 339 2.000000 0.701000 1.547074
urf1_149
original 0 184864 321160 184587 136296 2.000000 0.701000 15.551094
urf5_158
improve 0 164416 292502 169520 128055 2.000000 0.701000 17.203104
urf3_279
improve 0 125362 237713 144262 112305 2.000000 0.701000 22.140176
4gt12-v0_86
improve 0 251 425 245 174 2.000000 0.701000 0.048497
4gt4-v0_73
original 0 395 689 432 294 2.000000 0.701000 0.031107
alu-v1_29
original 0 37 58 37 21 2.000000 0.701000 0.003641
alu-bdd_288
original 0 84 150 93 66 2.000000 0.701000 0.010181
decod24-v2_43
original 0 52 79 48 27 2.000000 0.701000 0.004095
mod8-10_178
improve 0 342 606 350 264 2.000000 0.701000 0.026806
one-two-three-v0_98
improve 0 146 284 174 138 2.000000 0.701000 0.073760
4gt4-v0_78
improve 0 235 397 242 162 2.000000 0.701000 0.019678
4mod5-v0_19
original 0 35 56 35 21 2.000000 0.701000 0.003484
alu-v2_30
improve 0 504 939 575 435 2.000000 0.701000 0.054151
alu-v3_35
original 0 37 58 37 21 2.000000 0.701000 0.003682
dist_223
improve 0 38046 70073 40004 32013 2.000000 0.701000 13.305680
4gt4-v0_79
improve 0 231 387 235 156 2.000000 0.701000 0.028158
hwb8_113
original 0 69380 123533 73509 54153 2.000000 0.701000 19.738130
ex3_229
original 0 403 778 498 375 2.000000 0.701000 0.224278
xor5_254
original 0 7 10 5 3 2.000000 0.701000 0.000923
f2_232
original 0 1206 2304 1422 1098 2.000000 0.701000 1.179252
time:19875.295106