rd53_138
original 0 132 228 113 96 8.000000 0.500000 0.019338
4gt13-v1_93
original 0 68 143 99 75 8.000000 0.500000 0.013247
mod5mils_65
original 0 35 59 39 24 8.000000 0.500000 0.003796
mod5d1_63
original 0 22 40 26 18 8.000000 0.500000 0.004828
sym10_262
improve 0 64283 115689 67203 51339 8.000000 0.500000 30.166796
aj-e11_165
original 0 151 259 165 108 8.000000 0.500000 0.030874
hwb9_119
improve 0 207775 363327 210925 155418 8.000000 0.500000 42.724621
4gt11_83
original 0 23 32 23 9 8.000000 0.500000 0.061578
cm42a_207
original 0 1776 3027 1730 1251 8.000000 0.500000 0.108238
4gt4-v0_72
original 0 258 435 243 177 8.000000 0.500000 0.023215
max46_240
improve 0 27126 47935 27143 20796 8.000000 0.500000 4.568666
dc2_222
improve 0 9462 16762 9709 7296 8.000000 0.500000 1.200693
sym9_193
improve 0 34881 62331 36379 27435 8.000000 0.500000 4.865478
rd53_135
original 0 296 500 304 204 8.000000 0.500000 0.033484
mod10_171
original 0 244 424 248 180 8.000000 0.500000 0.020169
ising_model_13
original 0 633 633 143 0 8.000000 0.500000 0.010535
adr4_197
original 0 3439 6328 3627 2889 8.000000 0.500000 1.237522
4gt11_84
original 0 18 27 17 9 8.000000 0.500000 0.003251
4gt11_82
original 0 27 42 33 15 8.000000 0.500000 0.003017
wim_266
improve 0 986 1703 941 717 8.000000 0.500000 0.076515
rd53_131
improve 0 469 850 542 381 8.000000 0.500000 0.068913
mod8-10_177
improve 0 440 746 453 306 8.000000 0.500000 0.028188
4gt10-v1_81
original 0 148 247 152 99 8.000000 0.500000 0.014837
alu-v1_28
original 0 37 61 39 24 8.000000 0.500000 0.003987
cnt3-5_179
original 0 175 343 128 168 8.000000 0.500000 0.033514
square_root_7
improve 0 7630 14150 7634 6486 8.000000 0.500000 7.818277
one-two-three-v1_99
original 0 132 234 150 102 8.000000 0.500000 0.014326
mini_alu_305
original 0 173 323 138 150 8.000000 0.500000 0.035283
rd53_311
original 0 275 518 263 243 8.000000 0.500000 0.037153
3_17_13
original 0 36 57 38 21 8.000000 0.500000 0.003443
rd73_252
improve 0 5321 9362 5240 4029 8.000000 0.500000 3.952784
4gt4-v0_80
original 0 179 308 196 129 8.000000 0.500000 0.016111
hwb7_59
original 0 24379 42064 24407 17685 8.000000 0.500000 1.571455
ham3_102
original 0 20 35 26 15 8.000000 0.500000 0.010840
cnt3-5_180
improve 0 485 845 423 360 8.000000 0.500000 0.051707
rd53_133
original 0 580 1102 678 522 8.000000 0.500000 0.109228
4mod7-v0_94
improve 0 162 327 216 165 8.000000 0.500000 0.021941
plus63mod4096_163
improve 0 128744 230566 135276 101667 8.000000 0.500000 60.766964
mini-alu_167
original 0 288 480 298 192 8.000000 0.500000 0.059359
root_255
improve 0 17159 30766 16810 13599 8.000000 0.500000 2.890241
z4_268
original 0 3073 5719 3298 2646 8.000000 0.500000 12.313329
majority_239
improve 0 612 1413 802 603 8.000000 0.500000 192.055002
ex2_227
original 0 631 1225 739 594 8.000000 0.500000 0.153741
urf2_277
improve 0 20112 37638 22970 17526 8.000000 0.500000 1.945668
one-two-three-v3_101
original 0 70 118 71 48 8.000000 0.500000 0.013342
4gt13_91
original 0 103 166 101 63 8.000000 0.500000 0.010275
4gt12-v1_89
original 0 228 408 230 180 8.000000 0.500000 0.017762
sqrt8_260
improve 0 3009 5361 3020 2352 8.000000 0.500000 0.296482
rd32-v0_66
original 0 34 55 37 21 8.000000 0.500000 0.004473
sym9_148
improve 0 21504 38260 22506 16752 8.000000 0.500000 2.728574
4gt5_75
original 0 83 140 82 57 8.000000 0.500000 0.012395
0410184_169
original 0 211 367 188 156 8.000000 0.500000 0.024154
urf2_152
original 0 80480 139043 81630 58563 8.000000 0.500000 4.996765
urf1_278
improve 0 54766 100429 61015 45663 8.000000 0.500000 4.937514
sym6_145
improve 0 3888 6720 4002 2802 8.000000 0.500000 5.894198
alu-v2_32
original 0 163 277 160 114 8.000000 0.500000 0.008789
4gt12-v0_88
original 0 194 326 198 132 8.000000 0.500000 0.013882
squar5_261
improve 0 1993 3484 1904 1491 8.000000 0.500000 0.135757
alu-v2_31
original 0 451 730 445 279 8.000000 0.500000 0.029171
hwb5_53
improve 0 1336 2338 1413 1002 8.000000 0.500000 0.080878
one-two-three-v2_100
original 0 69 114 73 45 8.000000 0.500000 0.006960
cycle10_2_110
original 0 6050 11126 6657 5076 8.000000 0.500000 0.480487
urf6_160
improve 0 171840 309951 176485 138096 8.000000 0.500000 18.091620
ising_model_10
original 0 480 480 110 0 8.000000 0.500000 0.057411
sys6-v0_111
original 0 215 368 151 153 8.000000 0.500000 0.021157
plus63mod8192_164
improve 0 187112 335611 196668 148356 8.000000 0.500000 59.713918
mod5adder_127
improve 0 555 1017 634 462 8.000000 0.500000 0.086407
rd73_140
original 0 230 395 191 165 8.000000 0.500000 0.018971
4mod5-v1_23
original 0 69 123 80 54 8.000000 0.500000 0.007503
graycode6_47
original 0 5 5 5 0 8.000000 0.500000 0.001000
ising_model_16
original 0 786 786 176 0 8.000000 0.500000 0.012220
ham7_104
original 0 320 632 389 312 8.000000 0.500000 0.090984
ex-1_166
original 0 19 31 21 12 8.000000 0.500000 0.002261
decod24-v3_45
original 0 150 303 185 153 8.000000 0.500000 0.081477
urf4_187
original 0 512064 885234 479537 373170 8.000000 0.500000 41.946620
life_238
improve 0 22445 39842 23414 17397 8.000000 0.500000 1.914748
con1_216
improve 0 954 1767 1022 813 8.000000 0.500000 0.198637
hwb6_56
original 0 6723 11589 6801 4866 8.000000 0.500000 0.388634
mod10_176
original 0 178 283 175 105 8.000000 0.500000 0.014332
ex1_226
original 0 7 10 5 3 8.000000 0.500000 0.001423
sf_276
original 0 778 1537 947 759 8.000000 0.500000 0.923773
cm152a_212
original 0 1221 2370 1408 1149 8.000000 0.500000 1.614562
4gt12-v0_87
improve 0 247 430 252 183 8.000000 0.500000 0.022247
decod24-enable_126
original 0 338 578 345 240 8.000000 0.500000 0.025539
radd_250
improve 0 3213 5700 3299 2487 8.000000 0.500000 0.574684
pm1_249
original 0 1776 3027 1730 1251 8.000000 0.500000 0.114289
sf_274
original 0 781 1489 934 708 8.000000 0.500000 0.084751
miller_11
original 0 50 89 62 39 8.000000 0.500000 0.005221
rd53_251
original 0 1291 2227 1278 936 8.000000 0.500000 0.077995
mlp4_245
improve 0 18852 33900 19457 15039 8.000000 0.500000 3.077190
9symml_195
improve 0 34881 62331 36379 27435 8.000000 0.500000 4.872487
rd84_142
improve 0 343 622 251 279 8.000000 0.500000 0.094979
inc_237
improve 0 10619 18857 10993 8226 8.000000 0.500000 5.168473
sqn_258
original 0 10223 18278 10396 8055 8.000000 0.500000 11.331545
alu-v2_33
original 0 37 61 39 24 8.000000 0.500000 0.008177
sao2_257
improve 0 38577 68766 37198 30180 8.000000 0.500000 5.595044
co14_215
improve 0 17936 33470 17763 15504 8.000000 0.500000 21.904840
decod24-v1_41
original 0 85 178 116 93 8.000000 0.500000 0.017105
4mod5-v0_20
original 0 20 29 18 9 8.000000 0.500000 0.002407
alu-v4_37
original 0 37 58 37 21 8.000000 0.500000 0.003794
urf3_155
improve 0 423488 745607 430487 322104 8.000000 0.500000 32.402464
misex1_241
original 0 4813 8302 4680 3489 8.000000 0.500000 4.167603
alu-v0_27
original 0 36 57 37 21 8.000000 0.500000 0.004633
4mod5-v1_24
original 0 36 75 41 39 8.000000 0.500000 0.011141
4mod7-v1_96
improve 0 164 281 172 117 8.000000 0.500000 0.018769
cm82a_208
original 0 650 1109 628 459 8.000000 0.500000 0.056417
ham15_107
improve 0 8763 15950 9608 7170 8.000000 0.500000 6.479044
0example
original 0 9 36 31 27 8.000000 0.500000 0.019635
dc1_220
improve 0 1914 3519 2070 1605 8.000000 0.500000 0.134786
4gt4-v1_74
original 0 273 465 276 192 8.000000 0.500000 0.021373
rd32-v1_68
original 0 36 57 37 21 8.000000 0.500000 0.003368
decod24-v0_38
original 0 51 87 59 36 8.000000 0.500000 0.005090
sym6_316
original 0 270 507 269 237 8.000000 0.500000 0.035492
alu-v0_26
original 0 84 138 80 54 8.000000 0.500000 0.007536
clip_206
improve 0 33827 60995 35034 27159 8.000000 0.500000 4.966780
4mod5-v0_18
original 0 69 114 74 45 8.000000 0.500000 0.017278
cm85a_209
improve 0 11414 20915 12671 9486 8.000000 0.500000 4.939726
alu-v4_36
original 0 115 193 118 78 8.000000 0.500000 0.013346
one-two-three-v0_97
improve 0 290 554 342 264 8.000000 0.500000 0.030814
4gt13_90
original 0 107 170 103 63 8.000000 0.500000 0.011930
mod5d2_64
original 0 53 98 63 45 8.000000 0.500000 0.006379
ground_state_estimation_10
improve 0 390180 442548 188408 52368 8.000000 0.500000 12.349580
C17_204
original 0 467 803 463 336 8.000000 0.500000 0.145819
4gt13_92
original 0 66 156 102 90 8.000000 0.500000 0.015159
rd53_130
original 0 1043 1757 1014 714 8.000000 0.500000 0.063165
alu-v3_34
original 0 52 85 53 33 8.000000 0.500000 0.005289
decod24-bdd_294
original 0 73 118 73 45 8.000000 0.500000 0.007356
4gt5_76
original 0 91 154 99 63 8.000000 0.500000 0.009751
sym9_146
original 0 328 568 257 240 8.000000 0.500000 0.825199
4mod5-v1_22
original 0 21 33 21 12 8.000000 0.500000 0.002759
rd32_270
original 0 84 138 87 54 8.000000 0.500000 0.008137
hwb4_49
original 0 233 392 239 159 8.000000 0.500000 0.017444
urf5_280
improve 0 49829 90068 54087 40233 8.000000 0.500000 5.083946
4gt5_77
original 0 131 221 135 90 8.000000 0.500000 0.023957
rd84_253
improve 0 13658 24425 13681 10722 8.000000 0.500000 9.648759
4_49_16
improve 0 217 418 272 201 8.000000 0.500000 0.022206
qft_10
original 0 200 326 147 126 8.000000 0.500000 0.103680
4mod5-bdd_287
original 0 70 121 71 51 8.000000 0.500000 0.008187
qft_16
improve 0 512 1025 341 387 8.000000 0.500000 49.191808
urf1_149
original 0 184864 320584 185202 135720 8.000000 0.500000 11.568968
urf5_158
original 0 164416 290212 168616 125796 8.000000 0.500000 10.407044
urf3_279
improve 0 125362 234229 140854 108765 8.000000 0.500000 31.614091
4gt12-v0_86
original 0 251 440 262 189 8.000000 0.500000 0.050704
4gt4-v0_73
original 0 395 677 395 282 8.000000 0.500000 0.020009
alu-v1_29
original 0 37 58 37 21 8.000000 0.500000 0.004014
alu-bdd_288
original 0 84 147 93 63 8.000000 0.500000 0.009100
decod24-v2_43
original 0 52 82 51 30 8.000000 0.500000 0.004484
mod8-10_178
improve 0 342 576 337 234 8.000000 0.500000 0.023874
one-two-three-v0_98
improve 0 146 323 188 177 8.000000 0.500000 0.082090
4gt4-v0_78
original 0 235 409 240 174 8.000000 0.500000 0.017259
4mod5-v0_19
original 0 35 59 38 24 8.000000 0.500000 0.003983
alu-v2_30
original 0 504 1014 609 510 8.000000 0.500000 0.044015
alu-v3_35
original 0 37 58 37 21 8.000000 0.500000 0.004305
dist_223
improve 0 38046 67848 37522 29793 8.000000 0.500000 5.732761
4gt4-v0_79
original 0 231 399 239 168 8.000000 0.500000 0.025937
hwb8_113
improve 0 69380 120287 70551 50904 8.000000 0.500000 5.243806
ex3_229
improve 0 403 793 469 390 8.000000 0.500000 0.068731
xor5_254
original 0 7 10 5 3 8.000000 0.500000 0.000947
f2_232
improve 0 1206 2247 1366 1041 8.000000 0.500000 0.133246
time:25661.686516