rd53_138
improve 0 132 225 113 93 3.000000 0.508110 0.008507
4gt13-v1_93
original 0 68 143 102 75 3.000000 0.508110 0.010364
mod5mils_65
original 0 35 59 39 24 3.000000 0.508110 0.001931
mod5d1_63
original 0 22 40 26 18 3.000000 0.508110 0.002701
sym10_262
original 0 64283 118241 69654 53958 3.000000 0.508110 26.441682
aj-e11_165
original 0 151 271 161 120 3.000000 0.508110 0.029403
hwb9_119
improve 0 207775 375041 223561 167202 3.000000 0.508110 27.479691
4gt11_83
original 0 23 32 23 9 3.000000 0.508110 0.062448
cm42a_207
original 0 1776 3207 1870 1431 3.000000 0.508110 0.133908
4gt4-v0_72
original 0 258 432 242 174 3.000000 0.508110 0.019350
max46_240
original 0 27126 48972 27853 21846 3.000000 0.508110 2.123816
dc2_222
original 0 9462 17568 10481 8106 3.000000 0.508110 1.631024
sym9_193
improve 0 34881 63869 38096 28977 3.000000 0.508110 6.020187
rd53_135
improve 0 296 533 323 237 3.000000 0.508110 0.032037
mod10_171
original 0 244 436 274 192 3.000000 0.508110 0.019814
ising_model_13
original 0 633 633 143 0 3.000000 0.508110 0.009140
adr4_197
improve 0 3439 6718 3985 3270 3.000000 0.508110 3.559124
4gt11_84
original 0 18 27 17 9 3.000000 0.508110 0.003089
4gt11_82
original 0 27 42 33 15 3.000000 0.508110 0.002907
wim_266
improve 0 986 1790 1031 804 3.000000 0.508110 0.075688
rd53_131
improve 0 469 850 540 381 3.000000 0.508110 0.042364
mod8-10_177
original 0 440 749 455 309 3.000000 0.508110 0.027793
4gt10-v1_81
original 0 148 256 162 108 3.000000 0.508110 0.013926
alu-v1_28
original 0 37 61 39 24 3.000000 0.508110 0.003835
cnt3-5_179
original 0 175 346 133 171 3.000000 0.508110 0.943587
square_root_7
original 0 7630 14305 7945 6675 3.000000 0.508110 6.112955
one-two-three-v1_99
original 0 132 222 135 90 3.000000 0.508110 0.014652
mini_alu_305
original 0 173 317 154 144 3.000000 0.508110 0.118960
rd53_311
improve 0 275 503 238 228 3.000000 0.508110 0.033866
3_17_13
original 0 36 54 35 18 3.000000 0.508110 0.002945
rd73_252
improve 0 5321 9542 5436 4206 3.000000 0.508110 2.531626
4gt4-v0_80
original 0 179 311 190 132 3.000000 0.508110 0.016541
hwb7_59
improve 0 24379 42934 25100 18555 3.000000 0.508110 1.434352
ham3_102
original 0 20 35 26 15 3.000000 0.508110 0.010772
cnt3-5_180
original 0 485 887 431 402 3.000000 0.508110 0.058008
rd53_133
improve 0 580 1150 751 570 3.000000 0.508110 0.046062
4mod7-v0_94
improve 0 162 336 225 174 3.000000 0.508110 0.020204
plus63mod4096_163
improve 0 128744 238336 143338 109386 3.000000 0.508110 86.140575
mini-alu_167
original 0 288 486 293 198 3.000000 0.508110 0.055892
root_255
original 0 17159 31247 17445 14088 3.000000 0.508110 3.458339
z4_268
original 0 3073 5944 3411 2871 3.000000 0.508110 11.446316
majority_239
original 0 612 1284 805 672 3.000000 0.508110 151.300727
ex2_227
improve 0 631 1276 812 645 3.000000 0.508110 0.110719
urf2_277
original 0 20112 37833 23068 17721 3.000000 0.508110 6.198435
one-two-three-v3_101
original 0 70 115 71 45 3.000000 0.508110 0.012893
4gt13_91
original 0 103 169 105 66 3.000000 0.508110 0.008280
4gt12-v1_89
original 0 228 384 230 156 3.000000 0.508110 0.015611
sqrt8_260
improve 0 3009 5436 3189 2427 3.000000 0.508110 0.261147
rd32-v0_66
original 0 34 55 37 21 3.000000 0.508110 0.003957
sym9_148
improve 0 21504 39185 23185 17658 3.000000 0.508110 7.179986
4gt5_75
original 0 83 134 75 51 3.000000 0.508110 0.014141
0410184_169
original 0 211 391 208 180 3.000000 0.508110 0.024368
urf2_152
original 0 80480 140360 82554 59880 3.000000 0.508110 4.774372
urf1_278
improve 0 54766 102414 62355 47631 3.000000 0.508110 8.659767
sym6_145
improve 0 3888 6816 4076 2928 3.000000 0.508110 0.243523
alu-v2_32
original 0 163 286 176 123 3.000000 0.508110 0.012414
4gt12-v0_88
improve 0 194 326 196 132 3.000000 0.508110 0.015040
squar5_261
original 0 1993 3619 2104 1626 3.000000 0.508110 0.184675
alu-v2_31
improve 0 451 784 483 333 3.000000 0.508110 0.031201
hwb5_53
improve 0 1336 2365 1459 1029 3.000000 0.508110 0.076031
one-two-three-v2_100
original 0 69 114 73 45 3.000000 0.508110 0.005625
cycle10_2_110
improve 0 6050 11385 7024 5307 3.000000 0.508110 21.761501
urf6_160
improve 0 171840 313374 180100 141498 3.000000 0.508110 21.511819
ising_model_10
original 0 480 480 110 0 3.000000 0.508110 0.056942
sys6-v0_111
improve 0 215 377 172 162 3.000000 0.508110 0.020000
plus63mod8192_164
improve 0 187112 346152 208619 158844 3.000000 0.508110 62.384902
mod5adder_127
original 0 555 1002 593 447 3.000000 0.508110 0.089443
rd73_140
original 0 230 398 197 168 3.000000 0.508110 0.015293
4mod5-v1_23
original 0 69 120 77 51 3.000000 0.508110 0.007244
graycode6_47
original 0 5 5 5 0 3.000000 0.508110 0.001066
ising_model_16
original 0 786 786 176 0 3.000000 0.508110 0.011315
ham7_104
improve 0 320 668 442 348 3.000000 0.508110 0.085154
ex-1_166
original 0 19 31 21 12 3.000000 0.508110 0.002231
decod24-v3_45
original 0 150 303 191 153 3.000000 0.508110 0.086337
urf4_187
improve 0 512064 917777 516412 405648 3.000000 0.508110 42.587667
life_238
improve 0 22445 40602 24467 18135 3.000000 0.508110 5.566483
con1_216
improve 0 954 1758 1007 804 3.000000 0.508110 0.098086
hwb6_56
original 0 6723 11832 7071 5109 3.000000 0.508110 0.436332
mod10_176
improve 0 178 301 179 123 3.000000 0.508110 0.015882
ex1_226
original 0 7 10 5 3 3.000000 0.508110 0.001537
sf_276
original 0 778 1438 877 660 3.000000 0.508110 0.115410
cm152a_212
improve 0 1221 2271 1371 1047 3.000000 0.508110 1.005849
4gt12-v0_87
improve 0 247 424 252 177 3.000000 0.508110 0.020792
decod24-enable_126
original 0 338 596 359 258 3.000000 0.508110 0.022281
radd_250
original 0 3213 5760 3356 2547 3.000000 0.508110 0.275438
pm1_249
original 0 1776 3207 1870 1431 3.000000 0.508110 0.133747
sf_274
improve 0 781 1429 899 648 3.000000 0.508110 0.109772
miller_11
original 0 50 86 59 36 3.000000 0.508110 0.004630
rd53_251
original 0 1291 2197 1288 906 3.000000 0.508110 0.074227
mlp4_245
original 0 18852 34842 20649 15990 3.000000 0.508110 9.398900
9symml_195
improve 0 34881 63869 38096 28977 3.000000 0.508110 6.144178
rd84_142
original 0 343 655 239 312 3.000000 0.508110 0.149704
inc_237
improve 0 10619 19775 12104 9156 3.000000 0.508110 1.003497
sqn_258
original 0 10223 18833 11022 8610 3.000000 0.508110 14.307745
alu-v2_33
original 0 37 61 39 24 3.000000 0.508110 0.007925
sao2_257
improve 0 38577 71940 39984 33315 3.000000 0.508110 17.973809
co14_215
original 0 17936 34775 18309 16839 3.000000 0.508110 15.212302
decod24-v1_41
improve 0 85 181 122 96 3.000000 0.508110 0.017757
4mod5-v0_20
original 0 20 29 18 9 3.000000 0.508110 0.002327
alu-v4_37
original 0 37 58 37 21 3.000000 0.508110 0.003654
urf3_155
improve 0 423488 752389 435878 328821 3.000000 0.508110 43.359310
misex1_241
original 0 4813 8629 5164 3816 3.000000 0.508110 0.412383
alu-v0_27
original 0 36 57 37 21 3.000000 0.508110 0.003146
4mod5-v1_24
original 0 36 75 37 39 3.000000 0.508110 0.013101
4mod7-v1_96
original 0 164 284 185 120 3.000000 0.508110 0.020071
cm82a_208
improve 0 650 1112 636 462 3.000000 0.508110 0.045930
ham15_107
improve 0 8763 16180 9861 7413 3.000000 0.508110 2.373991
0example
original 0 9 39 34 30 3.000000 0.508110 0.022120
dc1_220
improve 0 1914 3594 2208 1680 3.000000 0.508110 0.190952
4gt4-v1_74
original 0 273 465 275 192 3.000000 0.508110 0.017925
rd32-v1_68
original 0 36 57 37 21 3.000000 0.508110 0.003216
decod24-v0_38
original 0 51 84 52 33 3.000000 0.508110 0.004551
sym6_316
original 0 270 513 263 243 3.000000 0.508110 0.035386
alu-v0_26
original 0 84 147 92 63 3.000000 0.508110 0.007973
clip_206
improve 0 33827 62951 37120 29097 3.000000 0.508110 8.106870
4mod5-v0_18
original 0 69 111 71 42 3.000000 0.508110 0.014639
cm85a_209
improve 0 11414 21417 13434 9972 3.000000 0.508110 12.008922
alu-v4_36
original 0 115 193 116 78 3.000000 0.508110 0.013249
one-two-three-v0_97
original 0 290 563 349 273 3.000000 0.508110 0.031018
4gt13_90
original 0 107 173 108 66 3.000000 0.508110 0.009928
mod5d2_64
original 0 53 92 58 39 3.000000 0.508110 0.005279
ground_state_estimation_10
original 0 390180 463143 210964 72963 3.000000 0.508110 11.733791
C17_204
improve 0 467 815 478 348 3.000000 0.508110 0.141791
4gt13_92
original 0 66 156 105 90 3.000000 0.508110 0.014681
rd53_130
improve 0 1043 1814 1052 771 3.000000 0.508110 0.077906
alu-v3_34
original 0 52 85 53 33 3.000000 0.508110 0.005906
decod24-bdd_294
original 0 73 121 78 48 3.000000 0.508110 0.007532
4gt5_76
original 0 91 163 113 72 3.000000 0.508110 0.009474
sym9_146
original 0 328 628 291 300 3.000000 0.508110 0.043209
4mod5-v1_22
original 0 21 33 21 12 3.000000 0.508110 0.002749
rd32_270
original 0 84 135 83 51 3.000000 0.508110 0.007297
hwb4_49
original 0 233 401 252 168 3.000000 0.508110 0.017037
urf5_280
improve 0 49829 91181 54773 41349 3.000000 0.508110 4.466641
4gt5_77
original 0 131 209 118 78 3.000000 0.508110 0.023068
rd84_253
original 0 13658 25238 14478 11580 3.000000 0.508110 16.989258
4_49_16
improve 0 217 433 284 216 3.000000 0.508110 0.041564
qft_10
original 0 200 317 113 117 3.000000 0.508110 0.090116
4mod5-bdd_287
original 0 70 121 70 51 3.000000 0.508110 0.007574
qft_16
original 0 512 881 247 369 3.000000 0.508110 2.816010
urf1_149
improve 0 184864 321937 186474 137061 3.000000 0.508110 13.309740
urf5_158
improve 0 164416 291955 173069 127524 3.000000 0.508110 11.575403
urf3_279
improve 0 125362 237305 143638 111861 3.000000 0.508110 32.405231
4gt12-v0_86
original 0 251 437 260 186 3.000000 0.508110 0.054770
4gt4-v0_73
original 0 395 692 428 297 3.000000 0.508110 0.018832
alu-v1_29
original 0 37 58 37 21 3.000000 0.508110 0.003689
alu-bdd_288
original 0 84 153 91 69 3.000000 0.508110 0.009682
decod24-v2_43
original 0 52 82 52 30 3.000000 0.508110 0.004524
mod8-10_178
improve 0 342 597 340 255 3.000000 0.508110 0.023738
one-two-three-v0_98
original 0 146 302 194 156 3.000000 0.508110 1.554007
4gt4-v0_78
original 0 235 406 254 171 3.000000 0.508110 0.028627
4mod5-v0_19
original 0 35 59 38 24 3.000000 0.508110 0.003756
alu-v2_30
original 0 504 960 620 456 3.000000 0.508110 0.040162
alu-v3_35
original 0 37 58 37 21 3.000000 0.508110 0.003799
dist_223
improve 0 38046 69907 39903 31767 3.000000 0.508110 31.175081
4gt4-v0_79
original 0 231 399 246 168 3.000000 0.508110 0.035621
hwb8_113
improve 0 69380 123710 73478 54318 3.000000 0.508110 6.015258
ex3_229
improve 0 403 829 535 426 3.000000 0.508110 0.109231
xor5_254
original 0 7 10 5 3 3.000000 0.508110 0.001027
f2_232
improve 0 1206 2283 1476 1077 3.000000 0.508110 0.482462
time:4879.158024