rd53_138
original 0 132 234 109 102 3.000000 0.291000 0.016236
4gt13-v1_93
original 0 68 143 102 75 3.000000 0.291000 0.016911
mod5mils_65
original 0 35 59 39 24 3.000000 0.291000 0.003569
mod5d1_63
original 0 22 40 26 18 3.000000 0.291000 0.005086
sym10_262
improve 0 64283 119341 71071 54966 3.000000 0.291000 35.485674
aj-e11_165
original 0 151 271 161 120 3.000000 0.291000 0.032666
hwb9_119
original 0 207775 374557 222978 166782 3.000000 0.291000 29.506287
4gt11_83
original 0 23 32 23 9 3.000000 0.291000 0.073752
cm42a_207
original 0 1776 3207 1870 1431 3.000000 0.291000 0.144773
4gt4-v0_72
original 0 258 432 242 174 3.000000 0.291000 0.019207
max46_240
original 0 27126 49011 27884 21885 3.000000 0.291000 9.527195
dc2_222
original 0 9462 17568 10481 8106 3.000000 0.291000 1.684250
sym9_193
improve 0 34881 64340 38359 29394 3.000000 0.291000 18.963795
rd53_135
improve 0 296 515 311 219 3.000000 0.291000 0.043610
mod10_171
original 0 244 436 274 192 3.000000 0.291000 0.017502
ising_model_13
original 0 633 633 143 0 3.000000 0.291000 0.010823
adr4_197
improve 0 3439 6626 3904 3150 3.000000 0.291000 8.898837
4gt11_84
original 0 18 27 17 9 3.000000 0.291000 0.003408
4gt11_82
original 0 27 42 33 15 3.000000 0.291000 0.003008
wim_266
improve 0 986 1790 1031 804 3.000000 0.291000 0.075640
rd53_131
improve 0 469 871 560 402 3.000000 0.291000 0.043193
mod8-10_177
original 0 440 749 447 309 3.000000 0.291000 0.028980
4gt10-v1_81
original 0 148 256 162 108 3.000000 0.291000 0.013980
alu-v1_28
original 0 37 61 39 24 3.000000 0.291000 0.003952
cnt3-5_179
improve 0 175 346 137 165 3.000000 0.291000 0.936363
square_root_7
improve 0 7630 14721 8214 7044 3.000000 0.291000 23.329125
one-two-three-v1_99
original 0 132 222 135 90 3.000000 0.291000 0.015104
mini_alu_305
original 0 173 317 154 144 3.000000 0.291000 0.040915
rd53_311
improve 0 275 503 238 228 3.000000 0.291000 0.036515
3_17_13
original 0 36 54 35 18 3.000000 0.291000 0.003172
rd73_252
improve 0 5321 9701 5623 4365 3.000000 0.291000 7.234277
4gt4-v0_80
original 0 179 311 190 132 3.000000 0.291000 0.017933
hwb7_59
improve 0 24379 42934 25100 18555 3.000000 0.291000 1.473218
ham3_102
original 0 20 35 26 15 3.000000 0.291000 0.011156
cnt3-5_180
original 0 485 887 431 402 3.000000 0.291000 0.058311
rd53_133
original 0 580 1060 656 480 3.000000 0.291000 1.065114
4mod7-v0_94
improve 0 162 357 255 195 3.000000 0.291000 0.027807
plus63mod4096_163
improve 0 128744 238336 143338 109386 3.000000 0.291000 86.068093
mini-alu_167
original 0 288 486 293 198 3.000000 0.291000 0.065970
root_255
original 0 17159 31247 17445 14088 3.000000 0.291000 3.556590
z4_268
original 0 3073 5884 3382 2811 3.000000 0.291000 3.670151
majority_239
improve 0 612 1182 709 525 3.000000 0.291000 33.748207
ex2_227
improve 0 631 1243 791 612 3.000000 0.291000 0.065098
urf2_277
original 0 20112 37833 23068 17721 3.000000 0.291000 5.914986
one-two-three-v3_101
original 0 70 115 71 45 3.000000 0.291000 0.014246
4gt13_91
original 0 103 169 105 66 3.000000 0.291000 0.009696
4gt12-v1_89
original 0 228 384 230 156 3.000000 0.291000 0.017028
sqrt8_260
improve 0 3009 5529 3227 2520 3.000000 0.291000 0.286457
rd32-v0_66
original 0 34 55 37 21 3.000000 0.291000 0.004256
sym9_148
improve 0 21504 39078 23415 17550 3.000000 0.291000 5.123126
4gt5_75
original 0 83 134 75 51 3.000000 0.291000 0.015888
0410184_169
original 0 211 391 208 180 3.000000 0.291000 0.024444
urf2_152
original 0 80480 140360 82554 59880 3.000000 0.291000 4.850429
urf1_278
improve 0 54766 101770 61622 46971 3.000000 0.291000 11.862992
sym6_145
improve 0 3888 6816 4076 2928 3.000000 0.291000 0.251661
alu-v2_32
original 0 163 286 176 123 3.000000 0.291000 0.015455
4gt12-v0_88
improve 0 194 326 196 132 3.000000 0.291000 0.017186
squar5_261
original 0 1993 3619 2104 1626 3.000000 0.291000 0.188338
alu-v2_31
improve 0 451 784 483 333 3.000000 0.291000 0.030075
hwb5_53
original 0 1336 2392 1446 1056 3.000000 0.291000 0.081619
one-two-three-v2_100
original 0 69 114 73 45 3.000000 0.291000 0.006518
cycle10_2_110
original 0 6050 11330 6821 5280 3.000000 0.291000 1.714259
urf6_160
improve 0 171840 313374 180100 141498 3.000000 0.291000 21.692652
ising_model_10
original 0 480 480 110 0 3.000000 0.291000 0.056062
sys6-v0_111
improve 0 215 371 160 156 3.000000 0.291000 0.019483
plus63mod8192_164
improve 0 187112 346152 208619 158844 3.000000 0.291000 62.128542
mod5adder_127
original 0 555 1062 638 507 3.000000 0.291000 0.104060
rd73_140
original 0 230 404 195 174 3.000000 0.291000 0.023331
4mod5-v1_23
original 0 69 120 77 51 3.000000 0.291000 0.007528
graycode6_47
original 0 5 5 5 0 3.000000 0.291000 0.001018
ising_model_16
original 0 786 786 176 0 3.000000 0.291000 0.006557
ham7_104
original 0 320 638 374 318 3.000000 0.291000 0.075192
ex-1_166
original 0 19 31 21 12 3.000000 0.291000 0.002215
decod24-v3_45
original 0 150 354 241 204 3.000000 0.291000 0.043274
urf4_187
original 0 512064 910914 510698 398850 3.000000 0.291000 48.196633
life_238
original 0 22445 41216 24687 18771 3.000000 0.291000 2.219302
con1_216
improve 0 954 1824 1078 870 3.000000 0.291000 0.142613
hwb6_56
improve 0 6723 11814 7096 5091 3.000000 0.291000 0.387124
mod10_176
improve 0 178 301 179 123 3.000000 0.291000 0.014004
ex1_226
original 0 7 10 5 3 3.000000 0.291000 0.001420
sf_276
original 0 778 1537 980 759 3.000000 0.291000 0.851368
cm152a_212
original 0 1221 2388 1465 1167 3.000000 0.291000 0.243410
4gt12-v0_87
improve 0 247 424 252 177 3.000000 0.291000 0.017935
decod24-enable_126
original 0 338 596 359 258 3.000000 0.291000 0.027746
radd_250
original 0 3213 5760 3356 2547 3.000000 0.291000 0.351614
pm1_249
original 0 1776 3207 1870 1431 3.000000 0.291000 0.139711
sf_274
improve 0 781 1522 908 732 3.000000 0.291000 0.846912
miller_11
original 0 50 86 59 36 3.000000 0.291000 0.004673
rd53_251
original 0 1291 2197 1288 906 3.000000 0.291000 0.077880
mlp4_245
improve 0 18852 35108 20711 16221 3.000000 0.291000 8.182899
9symml_195
improve 0 34881 64340 38359 29394 3.000000 0.291000 18.700565
rd84_142
original 0 343 664 247 321 3.000000 0.291000 6.252118
inc_237
improve 0 10619 19448 11776 8829 3.000000 0.291000 0.890839
sqn_258
original 0 10223 18596 10761 8373 3.000000 0.291000 4.460772
alu-v2_33
original 0 37 61 39 24 3.000000 0.291000 0.007787
sao2_257
improve 0 38577 71940 39984 33315 3.000000 0.291000 17.654376
co14_215
improve 0 17936 34644 18525 16632 3.000000 0.291000 21.438332
decod24-v1_41
original 0 85 181 121 96 3.000000 0.291000 0.017594
4mod5-v0_20
original 0 20 29 18 9 3.000000 0.291000 0.002382
alu-v4_37
original 0 37 58 37 21 3.000000 0.291000 0.003572
urf3_155
improve 0 423488 752389 435878 328821 3.000000 0.291000 43.815375
misex1_241
original 0 4813 8629 5164 3816 3.000000 0.291000 0.436743
alu-v0_27
original 0 36 57 37 21 3.000000 0.291000 0.003260
4mod5-v1_24
original 0 36 75 37 39 3.000000 0.291000 0.012996
4mod7-v1_96
original 0 164 284 185 120 3.000000 0.291000 0.020108
cm82a_208
improve 0 650 1112 636 462 3.000000 0.291000 0.049814
ham15_107
improve 0 8763 16443 10038 7677 3.000000 0.291000 2.092092
0example
original 0 9 39 34 30 3.000000 0.291000 0.018322
dc1_220
original 0 1914 3549 2089 1635 3.000000 0.291000 0.212140
4gt4-v1_74
original 0 273 465 275 192 3.000000 0.291000 0.020657
rd32-v1_68
original 0 36 57 37 21 3.000000 0.291000 0.003259
decod24-v0_38
original 0 51 84 52 33 3.000000 0.291000 0.004658
sym6_316
original 0 270 513 263 243 3.000000 0.291000 0.034458
alu-v0_26
original 0 84 147 92 63 3.000000 0.291000 0.009542
clip_206
original 0 33827 62432 35545 28605 3.000000 0.291000 9.408296
4mod5-v0_18
original 0 69 111 71 42 3.000000 0.291000 0.017823
cm85a_209
improve 0 11414 20981 12847 9567 3.000000 0.291000 1.033337
alu-v4_36
original 0 115 193 116 78 3.000000 0.291000 0.013309
one-two-three-v0_97
improve 0 290 560 345 270 3.000000 0.291000 0.032983
4gt13_90
original 0 107 173 108 66 3.000000 0.291000 0.007306
mod5d2_64
original 0 53 92 58 39 3.000000 0.291000 0.002836
ground_state_estimation_10
original 0 390180 460920 208188 70740 3.000000 0.291000 12.078045
C17_204
improve 0 467 815 478 348 3.000000 0.291000 0.142838
4gt13_92
original 0 66 156 105 90 3.000000 0.291000 0.014425
rd53_130
improve 0 1043 1820 1067 777 3.000000 0.291000 0.078204
alu-v3_34
original 0 52 85 53 33 3.000000 0.291000 0.003734
decod24-bdd_294
original 0 73 121 78 48 3.000000 0.291000 0.006032
4gt5_76
original 0 91 163 113 72 3.000000 0.291000 0.007687
sym9_146
improve 0 328 622 290 294 3.000000 0.291000 0.117833
4mod5-v1_22
original 0 21 33 21 12 3.000000 0.291000 0.002884
rd32_270
original 0 84 135 83 51 3.000000 0.291000 0.007238
hwb4_49
original 0 233 401 252 168 3.000000 0.291000 0.015588
urf5_280
improve 0 49829 91181 54773 41349 3.000000 0.291000 4.561752
4gt5_77
original 0 131 209 118 78 3.000000 0.291000 0.023979
rd84_253
original 0 13658 25487 14552 11829 3.000000 0.291000 6.222986
4_49_16
improve 0 217 418 268 201 3.000000 0.291000 0.107645
qft_10
original 0 200 317 113 117 3.000000 0.291000 0.088902
4mod5-bdd_287
original 0 70 121 70 51 3.000000 0.291000 0.007584
qft_16
original 0 512 881 247 369 3.000000 0.291000 2.854403
urf1_149
improve 0 184864 322270 187602 137388 3.000000 0.291000 14.566588
urf5_158
improve 0 164416 286108 167443 121689 3.000000 0.291000 10.856866
urf3_279
improve 0 125362 237858 144143 112437 3.000000 0.291000 23.071813
4gt12-v0_86
original 0 251 437 260 186 3.000000 0.291000 0.053936
4gt4-v0_73
original 0 395 686 425 291 3.000000 0.291000 0.023445
alu-v1_29
original 0 37 58 37 21 3.000000 0.291000 0.003895
alu-bdd_288
original 0 84 153 91 69 3.000000 0.291000 0.009810
decod24-v2_43
original 0 52 82 52 30 3.000000 0.291000 0.004492
mod8-10_178
improve 0 342 597 340 255 3.000000 0.291000 0.023414
one-two-three-v0_98
original 0 146 305 184 159 3.000000 0.291000 0.034985
4gt4-v0_78
original 0 235 406 254 171 3.000000 0.291000 0.028155
4mod5-v0_19
original 0 35 59 38 24 3.000000 0.291000 0.003771
alu-v2_30
improve 0 504 969 605 465 3.000000 0.291000 0.040971
alu-v3_35
original 0 37 58 37 21 3.000000 0.291000 0.003856
dist_223
improve 0 38046 70441 39922 32358 3.000000 0.291000 13.971271
4gt4-v0_79
original 0 231 399 246 168 3.000000 0.291000 0.036386
hwb8_113
improve 0 69380 126983 75850 57567 3.000000 0.291000 7.947909
ex3_229
improve 0 403 847 550 444 3.000000 0.291000 0.092854
xor5_254
original 0 7 10 5 3 3.000000 0.291000 0.000982
f2_232
original 0 1206 2334 1449 1128 3.000000 0.291000 0.236271
time:7020.324345