rd53_138
original 0 132 225 108 93 2.000000 0.721000 0.014665
4gt13-v1_93
original 0 68 146 103 78 2.000000 0.721000 0.021185
mod5mils_65
original 0 35 53 33 18 2.000000 0.721000 0.003183
mod5d1_63
original 0 22 40 26 18 2.000000 0.721000 0.005022
sym10_262
improve 0 64283 119796 72452 55401 2.000000 0.721000 30.418173
aj-e11_165
original 0 151 253 150 102 2.000000 0.721000 0.028227
hwb9_119
original 0 207775 376315 225212 168540 2.000000 0.721000 82.857082
4gt11_83
original 0 23 32 23 9 2.000000 0.721000 0.063239
cm42a_207
original 0 1776 3174 1798 1398 2.000000 0.721000 0.132410
4gt4-v0_72
original 0 258 435 240 177 2.000000 0.721000 0.021049
max46_240
improve 0 27126 49167 28538 22032 2.000000 0.721000 6.151497
dc2_222
original 0 9462 17646 10421 8184 2.000000 0.721000 2.645548
sym9_193
original 0 34881 64482 38421 29601 2.000000 0.721000 19.924639
rd53_135
improve 0 296 533 310 237 2.000000 0.721000 0.030344
mod10_171
original 0 244 439 286 195 2.000000 0.721000 0.018644
ising_model_13
original 0 633 633 143 0 2.000000 0.721000 0.010979
adr4_197
original 0 3439 6577 3864 3138 2.000000 0.721000 7.590707
4gt11_84
original 0 18 27 17 9 2.000000 0.721000 0.003129
4gt11_82
original 0 27 39 30 12 2.000000 0.721000 0.002509
wim_266
improve 0 986 1721 990 735 2.000000 0.721000 0.067697
rd53_131
improve 0 469 859 570 390 2.000000 0.721000 0.137459
mod8-10_177
original 0 440 725 438 285 2.000000 0.721000 0.028392
4gt10-v1_81
original 0 148 250 154 102 2.000000 0.721000 0.014031
alu-v1_28
original 0 37 61 39 24 2.000000 0.721000 0.003808
cnt3-5_179
original 0 175 343 128 168 2.000000 0.721000 0.044716
square_root_7
improve 0 7630 14352 7948 6684 2.000000 0.721000 13.089805
one-two-three-v1_99
original 0 132 213 133 81 2.000000 0.721000 0.011930
mini_alu_305
original 0 173 299 134 126 2.000000 0.721000 0.024957
rd53_311
original 0 275 497 240 222 2.000000 0.721000 0.027027
3_17_13
original 0 36 54 35 18 2.000000 0.721000 0.002930
rd73_252
improve 0 5321 9695 5740 4374 2.000000 0.721000 0.522435
4gt4-v0_80
original 0 179 305 184 126 2.000000 0.721000 0.019499
hwb7_59
improve 0 24379 43066 25510 18675 2.000000 0.721000 5.417367
ham3_102
original 0 20 29 20 9 2.000000 0.721000 0.010818
cnt3-5_180
improve 0 485 899 447 414 2.000000 0.721000 0.101797
rd53_133
improve 0 580 1111 705 531 2.000000 0.721000 0.056819
4mod7-v0_94
improve 0 162 333 221 171 2.000000 0.721000 0.029601
plus63mod4096_163
original 0 128744 237980 142917 109236 2.000000 0.721000 141.514396
mini-alu_167
original 0 288 489 286 201 2.000000 0.721000 0.056330
root_255
original 0 17159 31913 17822 14754 2.000000 0.721000 7.582605
z4_268
improve 0 3073 5821 3419 2736 2.000000 0.721000 3.905757
majority_239
improve 0 612 1158 714 531 2.000000 0.721000 14.299595
ex2_227
improve 0 631 1183 725 552 2.000000 0.721000 0.065138
urf2_277
improve 0 20112 37674 23127 17550 2.000000 0.721000 3.522874
one-two-three-v3_101
original 0 70 124 74 54 2.000000 0.721000 0.016175
4gt13_91
improve 0 103 184 122 81 2.000000 0.721000 0.013656
4gt12-v1_89
improve 0 228 387 226 159 2.000000 0.721000 0.016820
sqrt8_260
improve 0 3009 5601 3352 2592 2.000000 0.721000 0.593349
rd32-v0_66
original 0 34 55 36 21 2.000000 0.721000 0.004070
sym9_148
improve 0 21504 39123 23704 17604 2.000000 0.721000 4.942305
4gt5_75
original 0 83 128 75 45 2.000000 0.721000 0.013958
0410184_169
original 0 211 379 190 168 2.000000 0.721000 0.024570
urf2_152
improve 0 80480 139712 81879 59232 2.000000 0.721000 4.809668
urf1_278
original 0 54766 102229 61946 47463 2.000000 0.721000 7.551381
sym6_145
original 0 3888 6858 4137 2970 2.000000 0.721000 0.273421
alu-v2_32
original 0 163 280 180 117 2.000000 0.721000 0.009239
4gt12-v0_88
original 0 194 326 192 132 2.000000 0.721000 0.014959
squar5_261
improve 0 1993 3505 1996 1512 2.000000 0.721000 0.154733
alu-v2_31
improve 0 451 760 458 309 2.000000 0.721000 0.028835
hwb5_53
improve 0 1336 2350 1435 1014 2.000000 0.721000 0.081078
one-two-three-v2_100
original 0 69 117 71 48 2.000000 0.721000 0.006592
cycle10_2_110
improve 0 6050 11039 6817 4986 2.000000 0.721000 1.709165
urf6_160
improve 0 171840 316388 180649 144444 2.000000 0.721000 49.810867
ising_model_10
original 0 480 480 110 0 2.000000 0.721000 0.289043
sys6-v0_111
improve 0 215 392 172 177 2.000000 0.721000 0.020678
plus63mod8192_164
improve 0 187112 350731 211437 163191 2.000000 0.721000 204.481808
mod5adder_127
original 0 555 987 599 432 2.000000 0.721000 0.099232
rd73_140
original 0 230 404 191 174 2.000000 0.721000 0.018968
4mod5-v1_23
original 0 69 114 75 45 2.000000 0.721000 0.006601
graycode6_47
original 0 5 5 5 0 2.000000 0.721000 0.000976
ising_model_16
original 0 786 786 176 0 2.000000 0.721000 0.010027
ham7_104
improve 0 320 668 437 348 2.000000 0.721000 0.079590
ex-1_166
original 0 19 28 18 9 2.000000 0.721000 0.001960
decod24-v3_45
improve 0 150 330 219 180 2.000000 0.721000 0.059121
urf4_187
improve 0 512064 920384 515932 408243 2.000000 0.721000 58.280499
life_238
original 0 22445 40754 24421 18309 2.000000 0.721000 9.900533
con1_216
original 0 954 1773 1039 819 2.000000 0.721000 0.293029
hwb6_56
original 0 6723 11889 7083 5166 2.000000 0.721000 0.533833
mod10_176
improve 0 178 295 174 117 2.000000 0.721000 0.016524
ex1_226
original 0 7 10 5 3 2.000000 0.721000 0.001410
sf_276
improve 0 778 1426 897 648 2.000000 0.721000 0.132390
cm152a_212
improve 0 1221 2457 1567 1236 2.000000 0.721000 0.297476
4gt12-v0_87
improve 0 247 418 240 171 2.000000 0.721000 0.017162
decod24-enable_126
improve 0 338 581 351 243 2.000000 0.721000 0.023664
radd_250
improve 0 3213 5907 3502 2694 2.000000 0.721000 0.440021
pm1_249
original 0 1776 3174 1798 1398 2.000000 0.721000 0.146992
sf_274
improve 0 781 1420 897 639 2.000000 0.721000 0.080290
miller_11
original 0 50 77 50 27 2.000000 0.721000 0.004097
rd53_251
original 0 1291 2275 1374 984 2.000000 0.721000 0.104857
mlp4_245
original 0 18852 35508 20884 16656 2.000000 0.721000 23.765440
9symml_195
original 0 34881 64482 38421 29601 2.000000 0.721000 20.006346
rd84_142
original 0 343 631 241 288 2.000000 0.721000 0.183169
inc_237
original 0 10619 19547 11712 8928 2.000000 0.721000 2.797206
sqn_258
original 0 10223 18545 10672 8322 2.000000 0.721000 1.780448
alu-v2_33
original 0 37 61 39 24 2.000000 0.721000 0.008116
sao2_257
original 0 38577 71733 39625 33156 2.000000 0.721000 29.060992
co14_215
improve 0 17936 34396 18337 16308 2.000000 0.721000 38.926650
decod24-v1_41
original 0 85 184 127 99 2.000000 0.721000 0.019069
4mod5-v0_20
original 0 20 29 18 9 2.000000 0.721000 0.002226
alu-v4_37
original 0 37 58 37 21 2.000000 0.721000 0.003558
urf3_155
improve 0 423488 751168 432490 327612 2.000000 0.721000 37.960082
misex1_241
original 0 4813 8584 5111 3771 2.000000 0.721000 0.490984
alu-v0_27
original 0 36 57 37 21 2.000000 0.721000 0.002975
4mod5-v1_24
original 0 36 72 39 36 2.000000 0.721000 0.007670
4mod7-v1_96
original 0 164 281 180 117 2.000000 0.721000 0.015984
cm82a_208
original 0 650 1139 631 489 2.000000 0.721000 0.054060
ham15_107
improve 0 8763 16284 9963 7509 2.000000 0.721000 3.908718
0example
original 0 9 36 31 27 2.000000 0.721000 0.018775
dc1_220
improve 0 1914 3519 2097 1605 2.000000 0.721000 0.141350
4gt4-v1_74
original 0 273 471 287 198 2.000000 0.721000 0.021260
rd32-v1_68
original 0 36 57 36 21 2.000000 0.721000 0.002993
decod24-v0_38
original 0 51 78 49 27 2.000000 0.721000 0.004199
sym6_316
original 0 270 510 264 240 2.000000 0.721000 0.027629
alu-v0_26
original 0 84 138 81 54 2.000000 0.721000 0.007453
clip_206
original 0 33827 62996 36337 29169 2.000000 0.721000 23.312655
4mod5-v0_18
original 0 69 111 71 42 2.000000 0.721000 0.017606
cm85a_209
original 0 11414 21278 12799 9864 2.000000 0.721000 3.959207
alu-v4_36
original 0 115 196 121 81 2.000000 0.721000 0.013250
one-two-three-v0_97
original 0 290 563 360 273 2.000000 0.721000 0.052134
4gt13_90
improve 0 107 188 126 81 2.000000 0.721000 0.013806
mod5d2_64
original 0 53 92 62 39 2.000000 0.721000 0.006656
ground_state_estimation_10
improve 0 390180 471351 216382 81171 2.000000 0.721000 11.353951
C17_204
improve 0 467 836 492 369 2.000000 0.721000 0.143682
4gt13_92
original 0 66 159 105 93 2.000000 0.721000 0.018402
rd53_130
improve 0 1043 1823 1058 780 2.000000 0.721000 0.075036
alu-v3_34
original 0 52 85 53 33 2.000000 0.721000 0.005108
decod24-bdd_294
original 0 73 118 71 45 2.000000 0.721000 0.006118
4gt5_76
original 0 91 157 108 66 2.000000 0.721000 0.009057
sym9_146
improve 0 328 586 268 258 2.000000 0.721000 0.047128
4mod5-v1_22
original 0 21 33 21 12 2.000000 0.721000 0.002607
rd32_270
original 0 84 147 91 63 2.000000 0.721000 0.010487
hwb4_49
improve 0 233 398 250 165 2.000000 0.721000 0.018778
urf5_280
original 0 49829 91433 54982 41604 2.000000 0.721000 8.764580
4gt5_77
original 0 131 218 132 87 2.000000 0.721000 0.022898
rd84_253
improve 0 13658 25387 14725 11685 2.000000 0.721000 18.093875
4_49_16
improve 0 217 430 284 213 2.000000 0.721000 0.035288
qft_10
improve 0 200 291 94 87 2.000000 0.721000 0.742367
4mod5-bdd_287
original 0 70 121 71 51 2.000000 0.721000 0.007344
qft_16
improve 0 512 862 238 339 2.000000 0.721000 1.547142
urf1_149
original 0 184864 321160 184587 136296 2.000000 0.721000 15.589313
urf5_158
improve 0 164416 292502 169520 128055 2.000000 0.721000 17.136715
urf3_279
improve 0 125362 237713 144262 112305 2.000000 0.721000 22.088135
4gt12-v0_86
improve 0 251 425 245 174 2.000000 0.721000 0.047209
4gt4-v0_73
original 0 395 689 432 294 2.000000 0.721000 0.030927
alu-v1_29
original 0 37 58 37 21 2.000000 0.721000 0.003673
alu-bdd_288
original 0 84 150 93 66 2.000000 0.721000 0.010455
decod24-v2_43
original 0 52 79 48 27 2.000000 0.721000 0.004097
mod8-10_178
improve 0 342 606 350 264 2.000000 0.721000 0.027620
one-two-three-v0_98
improve 0 146 284 174 138 2.000000 0.721000 0.074661
4gt4-v0_78
improve 0 235 397 242 162 2.000000 0.721000 0.018537
4mod5-v0_19
original 0 35 56 35 21 2.000000 0.721000 0.003439
alu-v2_30
improve 0 504 939 575 435 2.000000 0.721000 0.056588
alu-v3_35
original 0 37 58 37 21 2.000000 0.721000 0.003638
dist_223
improve 0 38046 70073 40004 32013 2.000000 0.721000 13.186527
4gt4-v0_79
improve 0 231 387 235 156 2.000000 0.721000 0.027377
hwb8_113
original 0 69380 123533 73509 54153 2.000000 0.721000 19.420174
ex3_229
original 0 403 778 498 375 2.000000 0.721000 0.224651
xor5_254
original 0 7 10 5 3 2.000000 0.721000 0.001336
f2_232
original 0 1206 2304 1422 1098 2.000000 0.721000 1.165129
time:20904.007921