rd53_138
improve 0 132 231 109 99 8.000000 0.908110 0.018665
4gt13-v1_93
original 0 68 143 99 75 8.000000 0.908110 0.015659
mod5mils_65
original 0 35 59 39 24 8.000000 0.908110 0.003761
mod5d1_63
original 0 22 40 26 18 8.000000 0.908110 0.005165
sym10_262
improve 0 64283 115681 67578 51357 8.000000 0.908110 13.895702
aj-e11_165
original 0 151 271 174 120 8.000000 0.908110 0.030162
hwb9_119
improve 0 207775 365108 213301 157242 8.000000 0.908110 31.033168
4gt11_83
original 0 23 32 23 9 8.000000 0.908110 0.065264
cm42a_207
original 0 1776 3078 1714 1302 8.000000 0.908110 0.108897
4gt4-v0_72
original 0 258 432 235 174 8.000000 0.908110 0.023234
max46_240
improve 0 27126 48312 27929 21159 8.000000 0.908110 10.350557
dc2_222
improve 0 9462 17010 9810 7548 8.000000 0.908110 1.085079
sym9_193
original 0 34881 61812 35976 26931 8.000000 0.908110 2.785117
rd53_135
original 0 296 524 299 228 8.000000 0.908110 0.035380
mod10_171
original 0 244 424 254 180 8.000000 0.908110 0.019586
ising_model_13
original 0 633 633 143 0 8.000000 0.908110 0.010829
adr4_197
original 0 3439 6451 3671 3012 8.000000 0.908110 0.733253
4gt11_84
original 0 18 27 17 9 8.000000 0.908110 0.003384
4gt11_82
original 0 27 42 33 15 8.000000 0.908110 0.003100
wim_266
original 0 986 1709 913 723 8.000000 0.908110 0.097804
rd53_131
original 0 469 844 523 375 8.000000 0.908110 0.039798
mod8-10_177
original 0 440 758 453 318 8.000000 0.908110 0.030584
4gt10-v1_81
original 0 148 247 150 99 8.000000 0.908110 0.014632
alu-v1_28
original 0 37 61 39 24 8.000000 0.908110 0.004141
cnt3-5_179
original 0 175 355 134 180 8.000000 0.908110 0.040758
square_root_7
original 0 7630 13876 7313 6246 8.000000 0.908110 3.256841
one-two-three-v1_99
original 0 132 234 151 102 8.000000 0.908110 0.013570
mini_alu_305
original 0 173 311 155 138 8.000000 0.908110 0.033570
rd53_311
original 0 275 503 254 228 8.000000 0.908110 0.032234
3_17_13
original 0 36 57 38 21 8.000000 0.908110 0.003480
rd73_252
original 0 5321 9461 5397 4140 8.000000 0.908110 4.412337
4gt4-v0_80
original 0 179 299 180 120 8.000000 0.908110 0.017954
hwb7_59
improve 0 24379 41806 24244 17427 8.000000 0.908110 1.550361
ham3_102
original 0 20 35 26 15 8.000000 0.908110 0.010871
cnt3-5_180
improve 0 485 884 415 399 8.000000 0.908110 0.071715
rd53_133
original 0 580 1042 621 462 8.000000 0.908110 0.109888
4mod7-v0_94
original 0 162 348 242 186 8.000000 0.908110 0.030757
plus63mod4096_163
improve 0 128744 231499 135391 102678 8.000000 0.908110 28.062710
mini-alu_167
original 0 288 480 283 192 8.000000 0.908110 0.055695
root_255
improve 0 17159 30386 16674 13227 8.000000 0.908110 1.771192
z4_268
improve 0 3073 5794 3386 2718 8.000000 0.908110 1.422649
majority_239
improve 0 612 1161 690 537 8.000000 0.908110 6.093375
ex2_227
original 0 631 1198 729 567 8.000000 0.908110 0.167939
urf2_277
improve 0 20112 37659 23072 17541 8.000000 0.908110 3.417838
one-two-three-v3_101
original 0 70 121 71 51 8.000000 0.908110 0.015392
4gt13_91
original 0 103 163 96 60 8.000000 0.908110 0.008886
4gt12-v1_89
original 0 228 399 232 171 8.000000 0.908110 0.018806
sqrt8_260
improve 0 3009 5322 3083 2313 8.000000 0.908110 0.222113
rd32-v0_66
original 0 34 55 37 21 8.000000 0.908110 0.004451
sym9_148
original 0 21504 37707 21930 16203 8.000000 0.908110 5.511180
4gt5_75
original 0 83 134 79 51 8.000000 0.908110 0.016370
0410184_169
original 0 211 385 191 174 8.000000 0.908110 0.026340
urf2_152
original 0 80480 138902 81584 58422 8.000000 0.908110 5.086675
urf1_278
improve 0 54766 100756 61469 45990 8.000000 0.908110 5.094307
sym6_145
original 0 3888 6603 3956 2715 8.000000 0.908110 0.227938
alu-v2_32
original 0 163 274 160 111 8.000000 0.908110 0.009028
4gt12-v0_88
original 0 194 317 195 123 8.000000 0.908110 0.015960
squar5_261
original 0 1993 3511 1959 1518 8.000000 0.908110 0.216568
alu-v2_31
original 0 451 733 436 282 8.000000 0.908110 0.030203
hwb5_53
improve 0 1336 2296 1362 960 8.000000 0.908110 0.078635
one-two-three-v2_100
original 0 69 114 73 45 8.000000 0.908110 0.007123
cycle10_2_110
improve 0 6050 10994 6610 4920 8.000000 0.908110 26.987563
urf6_160
improve 0 171840 310513 176989 138660 8.000000 0.908110 13.677898
ising_model_10
original 0 480 480 110 0 8.000000 0.908110 0.058879
sys6-v0_111
improve 0 215 395 165 180 8.000000 0.908110 0.024167
plus63mod8192_164
original 0 187112 334130 195154 147018 8.000000 0.908110 38.350096
mod5adder_127
original 0 555 1047 612 492 8.000000 0.908110 0.102511
rd73_140
original 0 230 407 194 177 8.000000 0.908110 0.025567
4mod5-v1_23
original 0 69 126 81 57 8.000000 0.908110 0.008381
graycode6_47
original 0 5 5 5 0 8.000000 0.908110 0.001051
ising_model_16
original 0 786 786 176 0 8.000000 0.908110 0.014035
ham7_104
improve 0 320 635 403 315 8.000000 0.908110 0.072191
ex-1_166
original 0 19 31 21 12 8.000000 0.908110 0.002309
decod24-v3_45
original 0 150 327 209 177 8.000000 0.908110 0.078981
urf4_187
improve 0 512064 904389 505236 392277 8.000000 0.908110 40.295220
life_238
improve 0 22445 39701 23749 17247 8.000000 0.908110 3.363431
con1_216
improve 0 954 1761 1019 807 8.000000 0.908110 0.116015
hwb6_56
original 0 6723 11502 6715 4779 8.000000 0.908110 0.444399
mod10_176
original 0 178 283 159 105 8.000000 0.908110 0.016891
ex1_226
original 0 7 10 6 3 8.000000 0.908110 0.001501
sf_276
improve 0 778 1522 947 744 8.000000 0.908110 0.078144
cm152a_212
improve 0 1221 2454 1513 1233 8.000000 0.908110 0.562092
4gt12-v0_87
original 0 247 418 237 171 8.000000 0.908110 0.026420
decod24-enable_126
original 0 338 596 368 258 8.000000 0.908110 0.025410
radd_250
original 0 3213 5685 3255 2472 8.000000 0.908110 0.895748
pm1_249
original 0 1776 3078 1714 1302 8.000000 0.908110 0.112388
sf_274
original 0 781 1492 887 711 8.000000 0.908110 0.174809
miller_11
original 0 50 89 62 39 8.000000 0.908110 0.004539
rd53_251
original 0 1291 2248 1321 957 8.000000 0.908110 0.076871
mlp4_245
improve 0 18852 33615 19227 14739 8.000000 0.908110 7.477079
9symml_195
original 0 34881 61812 35976 26931 8.000000 0.908110 2.688564
rd84_142
original 0 343 625 231 282 8.000000 0.908110 0.076942
inc_237
improve 0 10619 18686 10974 8067 8.000000 0.908110 2.302268
sqn_258
improve 0 10223 18134 10467 7878 8.000000 0.908110 10.164329
alu-v2_33
original 0 37 61 33 24 8.000000 0.908110 0.008001
sao2_257
improve 0 38577 70082 37898 31422 8.000000 0.908110 71.519387
co14_215
improve 0 17936 33356 17512 15396 8.000000 0.908110 6.935997
decod24-v1_41
original 0 85 178 116 93 8.000000 0.908110 0.021985
4mod5-v0_20
original 0 20 32 19 12 8.000000 0.908110 0.002603
alu-v4_37
original 0 37 64 42 27 8.000000 0.908110 0.004346
urf3_155
improve 0 423488 745424 430955 321906 8.000000 0.908110 36.724676
misex1_241
improve 0 4813 8527 4927 3714 8.000000 0.908110 0.476500
alu-v0_27
original 0 36 60 34 24 8.000000 0.908110 0.005911
4mod5-v1_24
original 0 36 75 41 39 8.000000 0.908110 0.012511
4mod7-v1_96
original 0 164 278 174 114 8.000000 0.908110 0.017886
cm82a_208
improve 0 650 1145 634 495 8.000000 0.908110 0.065382
ham15_107
improve 0 8763 15867 9403 7104 8.000000 0.908110 2.956746
0example
original 0 9 36 31 27 8.000000 0.908110 0.020709
dc1_220
improve 0 1914 3603 2153 1689 8.000000 0.908110 0.294672
4gt4-v1_74
original 0 273 483 281 210 8.000000 0.908110 0.024362
rd32-v1_68
original 0 36 57 37 21 8.000000 0.908110 0.003435
decod24-v0_38
original 0 51 84 55 33 8.000000 0.908110 0.005079
sym6_316
original 0 270 492 260 222 8.000000 0.908110 0.036035
alu-v0_26
original 0 84 147 94 63 8.000000 0.908110 0.009573
clip_206
original 0 33827 60476 33842 26649 8.000000 0.908110 109.386661
4mod5-v0_18
original 0 69 117 77 48 8.000000 0.908110 0.017090
cm85a_209
original 0 11414 20705 12232 9291 8.000000 0.908110 19.963904
alu-v4_36
original 0 115 199 122 84 8.000000 0.908110 0.015550
one-two-three-v0_97
improve 0 290 572 340 282 8.000000 0.908110 0.035026
4gt13_90
original 0 107 170 103 63 8.000000 0.908110 0.010941
mod5d2_64
original 0 53 92 61 39 8.000000 0.908110 0.006480
ground_state_estimation_10
improve 0 390180 441447 188927 51267 8.000000 0.908110 12.776734
C17_204
original 0 467 803 465 336 8.000000 0.908110 0.148436
4gt13_92
original 0 66 156 102 90 8.000000 0.908110 0.013653
rd53_130
improve 0 1043 1739 997 696 8.000000 0.908110 0.063320
alu-v3_34
original 0 52 85 55 33 8.000000 0.908110 0.005613
decod24-bdd_294
original 0 73 118 74 45 8.000000 0.908110 0.007429
4gt5_76
original 0 91 151 96 60 8.000000 0.908110 0.008809
sym9_146
original 0 328 592 266 264 8.000000 0.908110 0.032431
4mod5-v1_22
original 0 21 33 22 12 8.000000 0.908110 0.002859
rd32_270
original 0 84 141 89 57 8.000000 0.908110 0.007385
hwb4_49
original 0 233 392 250 159 8.000000 0.908110 0.017041
urf5_280
improve 0 49829 89990 53996 40155 8.000000 0.908110 5.113490
4gt5_77
original 0 131 218 122 87 8.000000 0.908110 0.023514
rd84_253
original 0 13658 24203 13456 10545 8.000000 0.908110 4.797297
4_49_16
improve 0 217 424 275 207 8.000000 0.908110 0.027952
qft_10
improve 0 200 305 102 105 8.000000 0.908110 0.145529
4mod5-bdd_287
original 0 70 127 76 57 8.000000 0.908110 0.009964
qft_16
improve 0 512 958 293 375 8.000000 0.908110 30.789518
urf1_149
original 0 184864 319930 184921 135066 8.000000 0.908110 11.856209
urf5_158
original 0 164416 283903 165229 119487 8.000000 0.908110 13.326772
urf3_279
original 0 125362 233875 139983 108513 8.000000 0.908110 59.610583
4gt12-v0_86
original 0 251 425 242 174 8.000000 0.908110 0.055219
4gt4-v0_73
original 0 395 683 390 288 8.000000 0.908110 0.019550
alu-v1_29
original 0 37 61 34 24 8.000000 0.908110 0.004187
alu-bdd_288
original 0 84 162 107 78 8.000000 0.908110 0.010456
decod24-v2_43
original 0 52 82 52 30 8.000000 0.908110 0.004797
mod8-10_178
original 0 342 579 343 237 8.000000 0.908110 0.024060
one-two-three-v0_98
original 0 146 329 192 183 8.000000 0.908110 1.466083
4gt4-v0_78
original 0 235 403 237 168 8.000000 0.908110 0.013613
4mod5-v0_19
original 0 35 59 38 24 8.000000 0.908110 0.004014
alu-v2_30
improve 0 504 993 611 489 8.000000 0.908110 0.050016
alu-v3_35
original 0 37 64 42 27 8.000000 0.908110 0.004578
dist_223
improve 0 38046 67433 37191 29379 8.000000 0.908110 5.604592
4gt4-v0_79
original 0 231 390 226 159 8.000000 0.908110 0.025975
hwb8_113
improve 0 69380 119731 70322 50331 8.000000 0.908110 9.504811
ex3_229
original 0 403 808 504 405 8.000000 0.908110 0.074892
xor5_254
original 0 7 10 6 3 8.000000 0.908110 0.000951
f2_232
improve 0 1206 2289 1444 1083 8.000000 0.908110 0.147117
time:36759.010073