rd53_138
original 0 132 225 108 93 2.000000 0.521000 0.014751
4gt13-v1_93
original 0 68 146 103 78 2.000000 0.521000 0.018995
mod5mils_65
original 0 35 53 33 18 2.000000 0.521000 0.003277
mod5d1_63
original 0 22 40 26 18 2.000000 0.521000 0.004767
sym10_262
improve 0 64283 119796 72452 55401 2.000000 0.521000 31.301257
aj-e11_165
original 0 151 253 150 102 2.000000 0.521000 0.028744
hwb9_119
original 0 207775 376315 225212 168540 2.000000 0.521000 85.648570
4gt11_83
original 0 23 32 23 9 2.000000 0.521000 0.065267
cm42a_207
original 0 1776 3174 1798 1398 2.000000 0.521000 0.135831
4gt4-v0_72
original 0 258 435 240 177 2.000000 0.521000 0.021758
max46_240
improve 0 27126 49167 28538 22032 2.000000 0.521000 6.398336
dc2_222
original 0 9462 17646 10421 8184 2.000000 0.521000 2.737746
sym9_193
original 0 34881 64482 38421 29601 2.000000 0.521000 20.572871
rd53_135
improve 0 296 533 310 237 2.000000 0.521000 0.029650
mod10_171
original 0 244 439 286 195 2.000000 0.521000 0.019178
ising_model_13
original 0 633 633 143 0 2.000000 0.521000 0.010344
adr4_197
original 0 3439 6577 3864 3138 2.000000 0.521000 7.921321
4gt11_84
original 0 18 27 17 9 2.000000 0.521000 0.021203
4gt11_82
original 0 27 39 30 12 2.000000 0.521000 0.002598
wim_266
improve 0 986 1721 990 735 2.000000 0.521000 0.069191
rd53_131
improve 0 469 859 570 390 2.000000 0.521000 0.150500
mod8-10_177
original 0 440 725 438 285 2.000000 0.521000 0.028734
4gt10-v1_81
original 0 148 250 154 102 2.000000 0.521000 0.011647
alu-v1_28
original 0 37 61 39 24 2.000000 0.521000 0.003867
cnt3-5_179
original 0 175 343 128 168 2.000000 0.521000 0.046041
square_root_7
improve 0 7630 14352 7948 6684 2.000000 0.521000 13.334402
one-two-three-v1_99
original 0 132 213 133 81 2.000000 0.521000 0.013606
mini_alu_305
original 0 173 299 134 126 2.000000 0.521000 0.022147
rd53_311
original 0 275 497 240 222 2.000000 0.521000 0.028268
3_17_13
original 0 36 54 35 18 2.000000 0.521000 0.003191
rd73_252
improve 0 5321 9695 5740 4374 2.000000 0.521000 0.533895
4gt4-v0_80
original 0 179 305 184 126 2.000000 0.521000 0.017676
hwb7_59
improve 0 24379 43066 25510 18675 2.000000 0.521000 5.637122
ham3_102
original 0 20 29 20 9 2.000000 0.521000 0.011055
cnt3-5_180
improve 0 485 899 447 414 2.000000 0.521000 0.105888
rd53_133
improve 0 580 1111 705 531 2.000000 0.521000 0.061173
4mod7-v0_94
improve 0 162 333 221 171 2.000000 0.521000 0.031892
plus63mod4096_163
original 0 128744 237980 142917 109236 2.000000 0.521000 145.757964
mini-alu_167
original 0 288 489 286 201 2.000000 0.521000 0.056801
root_255
original 0 17159 31913 17822 14754 2.000000 0.521000 7.864200
z4_268
improve 0 3073 5821 3419 2736 2.000000 0.521000 4.074114
majority_239
improve 0 612 1158 714 531 2.000000 0.521000 14.643046
ex2_227
improve 0 631 1183 725 552 2.000000 0.521000 0.068419
urf2_277
improve 0 20112 37674 23127 17550 2.000000 0.521000 3.606161
one-two-three-v3_101
original 0 70 124 74 54 2.000000 0.521000 0.012867
4gt13_91
improve 0 103 184 122 81 2.000000 0.521000 0.013849
4gt12-v1_89
improve 0 228 387 226 159 2.000000 0.521000 0.017715
sqrt8_260
improve 0 3009 5601 3352 2592 2.000000 0.521000 0.618464
rd32-v0_66
original 0 34 55 36 21 2.000000 0.521000 0.004128
sym9_148
improve 0 21504 39123 23704 17604 2.000000 0.521000 5.146265
4gt5_75
original 0 83 128 75 45 2.000000 0.521000 0.012386
0410184_169
original 0 211 379 190 168 2.000000 0.521000 0.024553
urf2_152
improve 0 80480 139712 81879 59232 2.000000 0.521000 4.957211
urf1_278
original 0 54766 102229 61946 47463 2.000000 0.521000 7.792965
sym6_145
original 0 3888 6858 4137 2970 2.000000 0.521000 0.281911
alu-v2_32
original 0 163 280 180 117 2.000000 0.521000 0.009475
4gt12-v0_88
original 0 194 326 192 132 2.000000 0.521000 0.013553
squar5_261
improve 0 1993 3505 1996 1512 2.000000 0.521000 0.159108
alu-v2_31
improve 0 451 760 458 309 2.000000 0.521000 0.027876
hwb5_53
improve 0 1336 2350 1435 1014 2.000000 0.521000 0.081676
one-two-three-v2_100
original 0 69 117 71 48 2.000000 0.521000 0.006673
cycle10_2_110
improve 0 6050 11039 6817 4986 2.000000 0.521000 1.782551
urf6_160
improve 0 171840 316388 180649 144444 2.000000 0.521000 51.450678
ising_model_10
original 0 480 480 110 0 2.000000 0.521000 0.311601
sys6-v0_111
improve 0 215 392 172 177 2.000000 0.521000 0.014995
plus63mod8192_164
improve 0 187112 350731 211437 163191 2.000000 0.521000 206.266888
mod5adder_127
original 0 555 987 599 432 2.000000 0.521000 0.101721
rd73_140
original 0 230 404 191 174 2.000000 0.521000 0.019347
4mod5-v1_23
original 0 69 114 75 45 2.000000 0.521000 0.006144
graycode6_47
original 0 5 5 5 0 2.000000 0.521000 0.001009
ising_model_16
original 0 786 786 176 0 2.000000 0.521000 0.010046
ham7_104
improve 0 320 668 437 348 2.000000 0.521000 0.079640
ex-1_166
original 0 19 28 18 9 2.000000 0.521000 0.001982
decod24-v3_45
improve 0 150 330 219 180 2.000000 0.521000 0.061162
urf4_187
improve 0 512064 920384 515932 408243 2.000000 0.521000 59.069358
life_238
original 0 22445 40754 24421 18309 2.000000 0.521000 10.181751
con1_216
original 0 954 1773 1039 819 2.000000 0.521000 0.295644
hwb6_56
original 0 6723 11889 7083 5166 2.000000 0.521000 0.539279
mod10_176
improve 0 178 295 174 117 2.000000 0.521000 0.016887
ex1_226
original 0 7 10 5 3 2.000000 0.521000 0.001360
sf_276
improve 0 778 1426 897 648 2.000000 0.521000 0.135682
cm152a_212
improve 0 1221 2457 1567 1236 2.000000 0.521000 0.302999
4gt12-v0_87
improve 0 247 418 240 171 2.000000 0.521000 0.017399
decod24-enable_126
improve 0 338 581 351 243 2.000000 0.521000 0.024733
radd_250
improve 0 3213 5907 3502 2694 2.000000 0.521000 0.452088
pm1_249
original 0 1776 3174 1798 1398 2.000000 0.521000 0.141071
sf_274
improve 0 781 1420 897 639 2.000000 0.521000 0.081326
miller_11
original 0 50 77 50 27 2.000000 0.521000 0.004116
rd53_251
original 0 1291 2275 1374 984 2.000000 0.521000 0.105882
mlp4_245
original 0 18852 35508 20884 16656 2.000000 0.521000 24.221585
9symml_195
original 0 34881 64482 38421 29601 2.000000 0.521000 20.599743
rd84_142
original 0 343 631 241 288 2.000000 0.521000 0.178570
inc_237
original 0 10619 19547 11712 8928 2.000000 0.521000 2.856692
sqn_258
original 0 10223 18545 10672 8322 2.000000 0.521000 1.829169
alu-v2_33
original 0 37 61 39 24 2.000000 0.521000 0.006729
sao2_257
original 0 38577 71733 39625 33156 2.000000 0.521000 30.480006
co14_215
improve 0 17936 34396 18337 16308 2.000000 0.521000 38.824347
decod24-v1_41
original 0 85 184 127 99 2.000000 0.521000 0.023299
4mod5-v0_20
original 0 20 29 18 9 2.000000 0.521000 0.002223
alu-v4_37
original 0 37 58 37 21 2.000000 0.521000 0.003451
urf3_155
improve 0 423488 751168 432490 327612 2.000000 0.521000 38.778754
misex1_241
original 0 4813 8584 5111 3771 2.000000 0.521000 0.506638
alu-v0_27
original 0 36 57 37 21 2.000000 0.521000 0.003063
4mod5-v1_24
original 0 36 72 39 36 2.000000 0.521000 0.008042
4mod7-v1_96
original 0 164 281 180 117 2.000000 0.521000 0.015899
cm82a_208
original 0 650 1139 631 489 2.000000 0.521000 0.055871
ham15_107
improve 0 8763 16284 9963 7509 2.000000 0.521000 4.010742
0example
original 0 9 36 31 27 2.000000 0.521000 0.017765
dc1_220
improve 0 1914 3519 2097 1605 2.000000 0.521000 0.144931
4gt4-v1_74
original 0 273 471 287 198 2.000000 0.521000 0.022228
rd32-v1_68
original 0 36 57 36 21 2.000000 0.521000 0.003002
decod24-v0_38
original 0 51 78 49 27 2.000000 0.521000 0.003955
sym6_316
original 0 270 510 264 240 2.000000 0.521000 0.028266
alu-v0_26
original 0 84 138 81 54 2.000000 0.521000 0.007453
clip_206
original 0 33827 62996 36337 29169 2.000000 0.521000 23.950899
4mod5-v0_18
original 0 69 111 71 42 2.000000 0.521000 0.015174
cm85a_209
original 0 11414 21278 12799 9864 2.000000 0.521000 4.043270
alu-v4_36
original 0 115 196 121 81 2.000000 0.521000 0.012325
one-two-three-v0_97
original 0 290 563 360 273 2.000000 0.521000 0.051941
4gt13_90
improve 0 107 188 126 81 2.000000 0.521000 0.012579
mod5d2_64
original 0 53 92 62 39 2.000000 0.521000 0.005104
ground_state_estimation_10
improve 0 390180 471351 216382 81171 2.000000 0.521000 11.729961
C17_204
improve 0 467 836 492 369 2.000000 0.521000 0.145266
4gt13_92
original 0 66 159 105 93 2.000000 0.521000 0.018878
rd53_130
improve 0 1043 1823 1058 780 2.000000 0.521000 0.076381
alu-v3_34
original 0 52 85 53 33 2.000000 0.521000 0.005139
decod24-bdd_294
original 0 73 118 71 45 2.000000 0.521000 0.006160
4gt5_76
original 0 91 157 108 66 2.000000 0.521000 0.009143
sym9_146
improve 0 328 586 268 258 2.000000 0.521000 0.047112
4mod5-v1_22
original 0 21 33 21 12 2.000000 0.521000 0.002663
rd32_270
original 0 84 147 91 63 2.000000 0.521000 0.010576
hwb4_49
improve 0 233 398 250 165 2.000000 0.521000 0.019977
urf5_280
original 0 49829 91433 54982 41604 2.000000 0.521000 8.991658
4gt5_77
original 0 131 218 132 87 2.000000 0.521000 0.023399
rd84_253
improve 0 13658 25387 14725 11685 2.000000 0.521000 18.388533
4_49_16
improve 0 217 430 284 213 2.000000 0.521000 0.034995
qft_10
improve 0 200 291 94 87 2.000000 0.521000 0.765964
4mod5-bdd_287
original 0 70 121 71 51 2.000000 0.521000 0.006731
qft_16
improve 0 512 862 238 339 2.000000 0.521000 1.581975
urf1_149
original 0 184864 321160 184587 136296 2.000000 0.521000 15.938834
urf5_158
improve 0 164416 292502 169520 128055 2.000000 0.521000 17.591211
urf3_279
improve 0 125362 237713 144262 112305 2.000000 0.521000 22.596905
4gt12-v0_86
improve 0 251 425 245 174 2.000000 0.521000 0.050606
4gt4-v0_73
original 0 395 689 432 294 2.000000 0.521000 0.031460
alu-v1_29
original 0 37 58 37 21 2.000000 0.521000 0.003620
alu-bdd_288
original 0 84 150 93 66 2.000000 0.521000 0.009651
decod24-v2_43
original 0 52 79 48 27 2.000000 0.521000 0.004064
mod8-10_178
improve 0 342 606 350 264 2.000000 0.521000 0.027219
one-two-three-v0_98
improve 0 146 284 174 138 2.000000 0.521000 0.075662
4gt4-v0_78
improve 0 235 397 242 162 2.000000 0.521000 0.020093
4mod5-v0_19
original 0 35 56 35 21 2.000000 0.521000 0.003464
alu-v2_30
improve 0 504 939 575 435 2.000000 0.521000 0.054523
alu-v3_35
original 0 37 58 37 21 2.000000 0.521000 0.003661
dist_223
improve 0 38046 70073 40004 32013 2.000000 0.521000 13.495849
4gt4-v0_79
improve 0 231 387 235 156 2.000000 0.521000 0.027480
hwb8_113
original 0 69380 123533 73509 54153 2.000000 0.521000 19.998148
ex3_229
original 0 403 778 498 375 2.000000 0.521000 0.230302
xor5_254
original 0 7 10 5 3 2.000000 0.521000 0.000939
f2_232
original 0 1206 2304 1422 1098 2.000000 0.521000 1.181523
time:10571.907075