rd53_138
original 0 132 234 109 102 3.000000 0.251000 0.009677
4gt13-v1_93
original 0 68 143 102 75 3.000000 0.251000 0.015764
mod5mils_65
original 0 35 59 39 24 3.000000 0.251000 0.003539
mod5d1_63
original 0 22 40 26 18 3.000000 0.251000 0.005305
sym10_262
improve 0 64283 119341 71071 54966 3.000000 0.251000 34.976137
aj-e11_165
original 0 151 271 161 120 3.000000 0.251000 0.043038
hwb9_119
original 0 207775 374557 222978 166782 3.000000 0.251000 29.588602
4gt11_83
original 0 23 32 23 9 3.000000 0.251000 0.064150
cm42a_207
original 0 1776 3207 1870 1431 3.000000 0.251000 0.132067
4gt4-v0_72
original 0 258 432 242 174 3.000000 0.251000 0.021241
max46_240
original 0 27126 49011 27884 21885 3.000000 0.251000 9.302702
dc2_222
original 0 9462 17568 10481 8106 3.000000 0.251000 1.667718
sym9_193
improve 0 34881 64340 38359 29394 3.000000 0.251000 18.693492
rd53_135
improve 0 296 515 311 219 3.000000 0.251000 0.041758
mod10_171
original 0 244 436 274 192 3.000000 0.251000 0.018714
ising_model_13
original 0 633 633 143 0 3.000000 0.251000 0.009063
adr4_197
improve 0 3439 6626 3904 3150 3.000000 0.251000 8.913771
4gt11_84
original 0 18 27 17 9 3.000000 0.251000 0.003546
4gt11_82
original 0 27 42 33 15 3.000000 0.251000 0.003223
wim_266
improve 0 986 1790 1031 804 3.000000 0.251000 0.076367
rd53_131
improve 0 469 871 560 402 3.000000 0.251000 0.042994
mod8-10_177
original 0 440 749 447 309 3.000000 0.251000 0.029372
4gt10-v1_81
original 0 148 256 162 108 3.000000 0.251000 0.014423
alu-v1_28
original 0 37 61 39 24 3.000000 0.251000 0.003904
cnt3-5_179
improve 0 175 346 137 165 3.000000 0.251000 0.936678
square_root_7
improve 0 7630 14721 8214 7044 3.000000 0.251000 23.224255
one-two-three-v1_99
original 0 132 222 135 90 3.000000 0.251000 0.014247
mini_alu_305
original 0 173 317 154 144 3.000000 0.251000 0.040977
rd53_311
improve 0 275 503 238 228 3.000000 0.251000 0.034974
3_17_13
original 0 36 54 35 18 3.000000 0.251000 0.003131
rd73_252
improve 0 5321 9701 5623 4365 3.000000 0.251000 7.320892
4gt4-v0_80
original 0 179 311 190 132 3.000000 0.251000 0.015137
hwb7_59
improve 0 24379 42934 25100 18555 3.000000 0.251000 1.451935
ham3_102
original 0 20 35 26 15 3.000000 0.251000 0.011706
cnt3-5_180
original 0 485 887 431 402 3.000000 0.251000 0.058981
rd53_133
original 0 580 1060 656 480 3.000000 0.251000 0.976815
4mod7-v0_94
improve 0 162 357 255 195 3.000000 0.251000 0.027776
plus63mod4096_163
improve 0 128744 238336 143338 109386 3.000000 0.251000 85.416041
mini-alu_167
original 0 288 486 293 198 3.000000 0.251000 0.061626
root_255
original 0 17159 31247 17445 14088 3.000000 0.251000 3.676101
z4_268
original 0 3073 5884 3382 2811 3.000000 0.251000 3.577230
majority_239
improve 0 612 1182 709 525 3.000000 0.251000 33.670336
ex2_227
improve 0 631 1243 791 612 3.000000 0.251000 0.077163
urf2_277
original 0 20112 37833 23068 17721 3.000000 0.251000 5.981496
one-two-three-v3_101
original 0 70 115 71 45 3.000000 0.251000 0.012700
4gt13_91
original 0 103 169 105 66 3.000000 0.251000 0.009850
4gt12-v1_89
original 0 228 384 230 156 3.000000 0.251000 0.015576
sqrt8_260
improve 0 3009 5529 3227 2520 3.000000 0.251000 0.290233
rd32-v0_66
original 0 34 55 37 21 3.000000 0.251000 0.004293
sym9_148
improve 0 21504 39078 23415 17550 3.000000 0.251000 5.081099
4gt5_75
original 0 83 134 75 51 3.000000 0.251000 0.013075
0410184_169
original 0 211 391 208 180 3.000000 0.251000 0.026981
urf2_152
original 0 80480 140360 82554 59880 3.000000 0.251000 4.935941
urf1_278
improve 0 54766 101770 61622 46971 3.000000 0.251000 12.325202
sym6_145
improve 0 3888 6816 4076 2928 3.000000 0.251000 0.253565
alu-v2_32
original 0 163 286 176 123 3.000000 0.251000 0.008969
4gt12-v0_88
improve 0 194 326 196 132 3.000000 0.251000 0.017577
squar5_261
original 0 1993 3619 2104 1626 3.000000 0.251000 0.190683
alu-v2_31
improve 0 451 784 483 333 3.000000 0.251000 0.029467
hwb5_53
original 0 1336 2392 1446 1056 3.000000 0.251000 0.082608
one-two-three-v2_100
original 0 69 114 73 45 3.000000 0.251000 0.006431
cycle10_2_110
original 0 6050 11330 6821 5280 3.000000 0.251000 1.638954
urf6_160
improve 0 171840 313374 180100 141498 3.000000 0.251000 21.664671
ising_model_10
original 0 480 480 110 0 3.000000 0.251000 0.056555
sys6-v0_111
improve 0 215 371 160 156 3.000000 0.251000 0.029714
plus63mod8192_164
improve 0 187112 346152 208619 158844 3.000000 0.251000 61.984100
mod5adder_127
original 0 555 1062 638 507 3.000000 0.251000 0.099802
rd73_140
original 0 230 404 195 174 3.000000 0.251000 0.022887
4mod5-v1_23
original 0 69 120 77 51 3.000000 0.251000 0.003922
graycode6_47
original 0 5 5 5 0 3.000000 0.251000 0.000685
ising_model_16
original 0 786 786 176 0 3.000000 0.251000 0.011008
ham7_104
original 0 320 638 374 318 3.000000 0.251000 0.186518
ex-1_166
original 0 19 31 21 12 3.000000 0.251000 0.002279
decod24-v3_45
original 0 150 354 241 204 3.000000 0.251000 0.041354
urf4_187
original 0 512064 910914 510698 398850 3.000000 0.251000 48.304809
life_238
original 0 22445 41216 24687 18771 3.000000 0.251000 2.586897
con1_216
improve 0 954 1824 1078 870 3.000000 0.251000 0.182571
hwb6_56
improve 0 6723 11814 7096 5091 3.000000 0.251000 0.382989
mod10_176
improve 0 178 301 179 123 3.000000 0.251000 0.016883
ex1_226
original 0 7 10 5 3 3.000000 0.251000 0.001552
sf_276
original 0 778 1537 980 759 3.000000 0.251000 0.844337
cm152a_212
original 0 1221 2388 1465 1167 3.000000 0.251000 0.241443
4gt12-v0_87
improve 0 247 424 252 177 3.000000 0.251000 0.021047
decod24-enable_126
original 0 338 596 359 258 3.000000 0.251000 0.024426
radd_250
original 0 3213 5760 3356 2547 3.000000 0.251000 0.278859
pm1_249
original 0 1776 3207 1870 1431 3.000000 0.251000 0.134191
sf_274
improve 0 781 1522 908 732 3.000000 0.251000 0.846179
miller_11
original 0 50 86 59 36 3.000000 0.251000 0.004622
rd53_251
original 0 1291 2197 1288 906 3.000000 0.251000 0.077466
mlp4_245
improve 0 18852 35108 20711 16221 3.000000 0.251000 8.011288
9symml_195
improve 0 34881 64340 38359 29394 3.000000 0.251000 18.908353
rd84_142
original 0 343 664 247 321 3.000000 0.251000 6.145035
inc_237
improve 0 10619 19448 11776 8829 3.000000 0.251000 0.960926
sqn_258
original 0 10223 18596 10761 8373 3.000000 0.251000 4.438551
alu-v2_33
original 0 37 61 39 24 3.000000 0.251000 0.008410
sao2_257
improve 0 38577 71940 39984 33315 3.000000 0.251000 17.658912
co14_215
improve 0 17936 34644 18525 16632 3.000000 0.251000 21.387584
decod24-v1_41
original 0 85 181 121 96 3.000000 0.251000 0.012903
4mod5-v0_20
original 0 20 29 18 9 3.000000 0.251000 0.002344
alu-v4_37
original 0 37 58 37 21 3.000000 0.251000 0.003695
urf3_155
improve 0 423488 752389 435878 328821 3.000000 0.251000 44.068295
misex1_241
original 0 4813 8629 5164 3816 3.000000 0.251000 0.411622
alu-v0_27
original 0 36 57 37 21 3.000000 0.251000 0.004308
4mod5-v1_24
original 0 36 75 37 39 3.000000 0.251000 0.011629
4mod7-v1_96
original 0 164 284 185 120 3.000000 0.251000 0.019801
cm82a_208
improve 0 650 1112 636 462 3.000000 0.251000 0.046817
ham15_107
improve 0 8763 16443 10038 7677 3.000000 0.251000 2.019668
0example
original 0 9 39 34 30 3.000000 0.251000 0.020126
dc1_220
original 0 1914 3549 2089 1635 3.000000 0.251000 0.281735
4gt4-v1_74
original 0 273 465 275 192 3.000000 0.251000 0.021850
rd32-v1_68
original 0 36 57 37 21 3.000000 0.251000 0.003228
decod24-v0_38
original 0 51 84 52 33 3.000000 0.251000 0.004599
sym6_316
original 0 270 513 263 243 3.000000 0.251000 0.034178
alu-v0_26
original 0 84 147 92 63 3.000000 0.251000 0.007987
clip_206
original 0 33827 62432 35545 28605 3.000000 0.251000 9.417512
4mod5-v0_18
original 0 69 111 71 42 3.000000 0.251000 0.016282
cm85a_209
improve 0 11414 20981 12847 9567 3.000000 0.251000 1.032677
alu-v4_36
original 0 115 193 116 78 3.000000 0.251000 0.016217
one-two-three-v0_97
improve 0 290 560 345 270 3.000000 0.251000 0.033981
4gt13_90
original 0 107 173 108 66 3.000000 0.251000 0.009726
mod5d2_64
original 0 53 92 58 39 3.000000 0.251000 0.005266
ground_state_estimation_10
original 0 390180 460920 208188 70740 3.000000 0.251000 11.975039
C17_204
improve 0 467 815 478 348 3.000000 0.251000 0.145255
4gt13_92
original 0 66 156 105 90 3.000000 0.251000 0.014210
rd53_130
improve 0 1043 1820 1067 777 3.000000 0.251000 0.078016
alu-v3_34
original 0 52 85 53 33 3.000000 0.251000 0.002916
decod24-bdd_294
original 0 73 121 78 48 3.000000 0.251000 0.004242
4gt5_76
original 0 91 163 113 72 3.000000 0.251000 0.007772
sym9_146
improve 0 328 622 290 294 3.000000 0.251000 0.138468
4mod5-v1_22
original 0 21 33 21 12 3.000000 0.251000 0.002808
rd32_270
original 0 84 135 83 51 3.000000 0.251000 0.003893
hwb4_49
original 0 233 401 252 168 3.000000 0.251000 0.014131
urf5_280
improve 0 49829 91181 54773 41349 3.000000 0.251000 4.578351
4gt5_77
original 0 131 209 118 78 3.000000 0.251000 0.019941
rd84_253
original 0 13658 25487 14552 11829 3.000000 0.251000 6.230110
4_49_16
improve 0 217 418 268 201 3.000000 0.251000 0.034841
qft_10
original 0 200 317 113 117 3.000000 0.251000 0.088511
4mod5-bdd_287
original 0 70 121 70 51 3.000000 0.251000 0.005568
qft_16
original 0 512 881 247 369 3.000000 0.251000 2.892068
urf1_149
improve 0 184864 322270 187602 137388 3.000000 0.251000 14.576327
urf5_158
improve 0 164416 286108 167443 121689 3.000000 0.251000 11.055990
urf3_279
improve 0 125362 237858 144143 112437 3.000000 0.251000 22.823908
4gt12-v0_86
original 0 251 437 260 186 3.000000 0.251000 0.052554
4gt4-v0_73
original 0 395 686 425 291 3.000000 0.251000 0.019799
alu-v1_29
original 0 37 58 37 21 3.000000 0.251000 0.003945
alu-bdd_288
original 0 84 153 91 69 3.000000 0.251000 0.009731
decod24-v2_43
original 0 52 82 52 30 3.000000 0.251000 0.004509
mod8-10_178
improve 0 342 597 340 255 3.000000 0.251000 0.021965
one-two-three-v0_98
original 0 146 305 184 159 3.000000 0.251000 0.031481
4gt4-v0_78
original 0 235 406 254 171 3.000000 0.251000 0.029263
4mod5-v0_19
original 0 35 59 38 24 3.000000 0.251000 0.003754
alu-v2_30
improve 0 504 969 605 465 3.000000 0.251000 0.041000
alu-v3_35
original 0 37 58 37 21 3.000000 0.251000 0.003678
dist_223
improve 0 38046 70441 39922 32358 3.000000 0.251000 13.939658
4gt4-v0_79
original 0 231 399 246 168 3.000000 0.251000 0.035925
hwb8_113
improve 0 69380 126983 75850 57567 3.000000 0.251000 7.852617
ex3_229
improve 0 403 847 550 444 3.000000 0.251000 0.093572
xor5_254
original 0 7 10 5 3 3.000000 0.251000 0.001070
f2_232
original 0 1206 2334 1449 1128 3.000000 0.251000 0.237473
time:5617.514934