rd53_138
original 0 132 234 114 102 6.000000 0.108110 0.016503
4gt13-v1_93
original 0 68 143 102 75 6.000000 0.108110 0.013311
mod5mils_65
original 0 35 59 39 24 6.000000 0.108110 0.003719
mod5d1_63
original 0 22 40 26 18 6.000000 0.108110 0.004971
sym10_262
improve 0 64283 117353 70462 53034 6.000000 0.108110 15.935925
aj-e11_165
original 0 151 265 161 114 6.000000 0.108110 0.033589
hwb9_119
improve 0 207775 369888 222278 162066 6.000000 0.108110 20.638307
4gt11_83
original 0 23 32 23 9 6.000000 0.108110 0.069280
cm42a_207
improve 0 1776 3123 1809 1347 6.000000 0.108110 0.109582
4gt4-v0_72
improve 0 258 450 268 192 6.000000 0.108110 0.019427
max46_240
original 0 27126 48516 28316 21390 6.000000 0.108110 4.019536
dc2_222
improve 0 9462 17362 10411 7884 6.000000 0.108110 4.717800
sym9_193
improve 0 34881 62436 37872 27555 6.000000 0.108110 2.478607
rd53_135
improve 0 296 524 315 228 6.000000 0.108110 0.041263
mod10_171
original 0 244 424 260 180 6.000000 0.108110 0.014082
ising_model_13
original 0 633 633 143 0 6.000000 0.108110 0.011415
adr4_197
improve 0 3439 6502 3793 3063 6.000000 0.108110 0.465853
4gt11_84
original 0 18 27 17 9 6.000000 0.108110 0.003495
4gt11_82
original 0 27 42 33 15 6.000000 0.108110 0.003088
wim_266
improve 0 986 1706 978 720 6.000000 0.108110 0.071427
rd53_131
original 0 469 856 527 387 6.000000 0.108110 0.042774
mod8-10_177
original 0 440 761 458 321 6.000000 0.108110 0.043244
4gt10-v1_81
original 0 148 253 158 105 6.000000 0.108110 0.011082
alu-v1_28
original 0 37 61 39 24 6.000000 0.108110 0.004108
cnt3-5_179
improve 0 175 364 159 183 6.000000 0.108110 0.964512
square_root_7
improve 0 7630 14135 7598 6501 6.000000 0.108110 1.427773
one-two-three-v1_99
original 0 132 222 141 90 6.000000 0.108110 0.014131
mini_alu_305
improve 0 173 314 160 141 6.000000 0.108110 0.024239
rd53_311
original 0 275 503 246 228 6.000000 0.108110 0.039244
3_17_13
original 0 36 54 35 18 6.000000 0.108110 0.003255
rd73_252
original 0 5321 9572 5572 4251 6.000000 0.108110 0.382651
4gt4-v0_80
original 0 179 314 193 135 6.000000 0.108110 0.019261
hwb7_59
original 0 24379 42475 25345 18096 6.000000 0.108110 1.566066
ham3_102
original 0 20 35 26 15 6.000000 0.108110 0.011294
cnt3-5_180
improve 0 485 845 420 360 6.000000 0.108110 0.050877
rd53_133
original 0 580 1078 673 498 6.000000 0.108110 0.112498
4mod7-v0_94
improve 0 162 351 246 189 6.000000 0.108110 0.024282
plus63mod4096_163
original 0 128744 235313 142571 106569 6.000000 0.108110 66.075085
mini-alu_167
original 0 288 489 302 201 6.000000 0.108110 0.058893
root_255
improve 0 17159 30956 17333 13797 6.000000 0.108110 1.519958
z4_268
original 0 3073 5749 3409 2676 6.000000 0.108110 0.624804
majority_239
improve 0 612 1428 863 642 6.000000 0.108110 145.231852
ex2_227
original 0 631 1195 731 564 6.000000 0.108110 0.118189
urf2_277
improve 0 20112 37497 22967 17385 6.000000 0.108110 2.056238
one-two-three-v3_101
original 0 70 124 78 54 6.000000 0.108110 0.012925
4gt13_91
original 0 103 163 101 60 6.000000 0.108110 0.010509
4gt12-v1_89
original 0 228 402 243 174 6.000000 0.108110 0.018005
sqrt8_260
improve 0 3009 5478 3201 2469 6.000000 0.108110 0.232599
rd32-v0_66
original 0 34 55 37 21 6.000000 0.108110 0.004651
sym9_148
original 0 21504 39126 24074 17622 6.000000 0.108110 3.053296
4gt5_75
original 0 83 131 80 48 6.000000 0.108110 0.013157
0410184_169
original 0 211 373 197 162 6.000000 0.108110 0.025028
urf2_152
improve 0 80480 138983 82973 58503 6.000000 0.108110 4.778876
urf1_278
original 0 54766 100792 61563 46026 6.000000 0.108110 13.493738
sym6_145
improve 0 3888 6678 4065 2790 6.000000 0.108110 0.229945
alu-v2_32
original 0 163 280 174 117 6.000000 0.108110 0.008509
4gt12-v0_88
original 0 194 332 201 138 6.000000 0.108110 0.014444
squar5_261
improve 0 1993 3535 2018 1542 6.000000 0.108110 0.139306
alu-v2_31
original 0 451 757 472 306 6.000000 0.108110 0.028262
hwb5_53
improve 0 1336 2320 1452 984 6.000000 0.108110 0.077190
one-two-three-v2_100
original 0 69 114 74 45 6.000000 0.108110 0.006873
cycle10_2_110
original 0 6050 11135 6731 5085 6.000000 0.108110 3.063075
urf6_160
improve 0 171840 312063 180940 140163 6.000000 0.108110 31.327033
ising_model_10
original 0 480 480 110 0 6.000000 0.108110 0.064664
sys6-v0_111
original 0 215 368 153 153 6.000000 0.108110 0.019310
plus63mod8192_164
improve 0 187112 342764 206521 155607 6.000000 0.108110 25.606596
mod5adder_127
improve 0 555 999 634 444 6.000000 0.108110 0.091546
rd73_140
original 0 230 395 189 165 6.000000 0.108110 0.025341
4mod5-v1_23
original 0 69 120 78 51 6.000000 0.108110 0.007734
graycode6_47
original 0 5 5 5 0 6.000000 0.108110 0.001134
ising_model_16
original 0 786 786 176 0 6.000000 0.108110 0.012309
ham7_104
original 0 320 653 420 333 6.000000 0.108110 0.090816
ex-1_166
original 0 19 31 21 12 6.000000 0.108110 0.002337
decod24-v3_45
original 0 150 303 191 153 6.000000 0.108110 0.080587
urf4_187
improve 0 512064 908614 514487 396507 6.000000 0.108110 46.410755
life_238
improve 0 22445 40994 24851 18528 6.000000 0.108110 8.290146
con1_216
original 0 954 1791 1067 837 6.000000 0.108110 0.165690
hwb6_56
improve 0 6723 11910 7208 5187 6.000000 0.108110 0.426070
mod10_176
original 0 178 289 177 111 6.000000 0.108110 0.015531
ex1_226
original 0 7 10 5 3 6.000000 0.108110 0.001673
sf_276
improve 0 778 1474 924 696 6.000000 0.108110 0.098279
cm152a_212
original 0 1221 2535 1644 1314 6.000000 0.108110 10.906990
4gt12-v0_87
original 0 247 424 251 177 6.000000 0.108110 0.021078
decod24-enable_126
original 0 338 575 352 237 6.000000 0.108110 0.022740
radd_250
original 0 3213 5793 3503 2580 6.000000 0.108110 0.230923
pm1_249
improve 0 1776 3123 1809 1347 6.000000 0.108110 0.115097
sf_274
improve 0 781 1408 888 627 6.000000 0.108110 0.066642
miller_11
original 0 50 86 59 36 6.000000 0.108110 0.005100
rd53_251
original 0 1291 2275 1359 984 6.000000 0.108110 0.080605
mlp4_245
original 0 18852 34593 20363 15741 6.000000 0.108110 7.220415
9symml_195
improve 0 34881 62436 37872 27555 6.000000 0.108110 2.413191
rd84_142
original 0 343 604 225 261 6.000000 0.108110 0.049828
inc_237
improve 0 10619 19004 11613 8382 6.000000 0.108110 5.745011
sqn_258
improve 0 10223 18450 10868 8217 6.000000 0.108110 2.788103
alu-v2_33
original 0 37 61 39 24 6.000000 0.108110 0.008280
sao2_257
improve 0 38577 70223 39063 31638 6.000000 0.108110 4.649448
co14_215
improve 0 17936 33572 17887 15561 6.000000 0.108110 16.965594
decod24-v1_41
original 0 85 178 119 93 6.000000 0.108110 0.024963
4mod5-v0_20
original 0 20 29 18 9 6.000000 0.108110 0.002057
alu-v4_37
original 0 37 58 37 21 6.000000 0.108110 0.003234
urf3_155
original 0 423488 746345 435682 322857 6.000000 0.108110 41.956632
misex1_241
improve 0 4813 8632 5203 3816 6.000000 0.108110 0.814411
alu-v0_27
original 0 36 57 37 21 6.000000 0.108110 0.003516
4mod5-v1_24
original 0 36 75 41 39 6.000000 0.108110 0.013930
4mod7-v1_96
original 0 164 278 180 114 6.000000 0.108110 0.012363
cm82a_208
improve 0 650 1148 672 498 6.000000 0.108110 0.042475
ham15_107
original 0 8763 16140 9725 7377 6.000000 0.108110 4.656513
0example
original 0 9 39 34 30 6.000000 0.108110 0.022746
dc1_220
improve 0 1914 3576 2260 1662 6.000000 0.108110 0.194238
4gt4-v1_74
improve 0 273 471 286 198 6.000000 0.108110 0.024719
rd32-v1_68
original 0 36 57 37 21 6.000000 0.108110 0.003302
decod24-v0_38
original 0 51 84 52 33 6.000000 0.108110 0.004977
sym6_316
original 0 270 489 262 219 6.000000 0.108110 0.026914
alu-v0_26
original 0 84 141 88 57 6.000000 0.108110 0.009093
clip_206
original 0 33827 62258 36070 28431 6.000000 0.108110 40.833292
4mod5-v0_18
original 0 69 111 69 42 6.000000 0.108110 0.014860
cm85a_209
improve 0 11414 21295 13396 9852 6.000000 0.108110 5.167782
alu-v4_36
original 0 115 196 125 81 6.000000 0.108110 0.014731
one-two-three-v0_97
original 0 290 575 354 285 6.000000 0.108110 0.036847
4gt13_90
original 0 107 173 109 66 6.000000 0.108110 0.009071
mod5d2_64
original 0 53 92 60 39 6.000000 0.108110 0.006065
ground_state_estimation_10
original 0 390180 452001 206409 61821 6.000000 0.108110 12.457730
C17_204
improve 0 467 809 476 342 6.000000 0.108110 0.144996
4gt13_92
original 0 66 156 105 90 6.000000 0.108110 0.015843
rd53_130
original 0 1043 1754 1012 711 6.000000 0.108110 0.064346
alu-v3_34
original 0 52 85 53 33 6.000000 0.108110 0.003155
decod24-bdd_294
original 0 73 121 71 48 6.000000 0.108110 0.005350
4gt5_76
original 0 91 157 108 66 6.000000 0.108110 0.006005
sym9_146
original 0 328 577 251 249 6.000000 0.108110 0.031267
4mod5-v1_22
original 0 21 33 21 12 6.000000 0.108110 0.002837
rd32_270
original 0 84 141 87 57 6.000000 0.108110 0.008565
hwb4_49
original 0 233 404 247 171 6.000000 0.108110 0.018221
urf5_280
original 0 49829 90431 54689 40602 6.000000 0.108110 7.234883
4gt5_77
original 0 131 215 130 84 6.000000 0.108110 0.025082
rd84_253
improve 0 13658 25270 14703 11592 6.000000 0.108110 5.404031
4_49_16
improve 0 217 418 278 201 6.000000 0.108110 0.024700
qft_10
improve 0 200 314 106 114 6.000000 0.108110 0.052024
4mod5-bdd_287
original 0 70 118 67 48 6.000000 0.108110 0.008506
qft_16
improve 0 512 938 276 375 6.000000 0.108110 18.983963
urf1_149
improve 0 184864 320656 188067 135792 6.000000 0.108110 11.889856
urf5_158
improve 0 164416 290536 173010 126087 6.000000 0.108110 17.371652
urf3_279
improve 0 125362 240693 146678 115257 6.000000 0.108110 22.402093
4gt12-v0_86
original 0 251 428 255 177 6.000000 0.108110 0.064578
4gt4-v0_73
original 0 395 686 432 291 6.000000 0.108110 0.023869
alu-v1_29
original 0 37 58 37 21 6.000000 0.108110 0.002276
alu-bdd_288
original 0 84 147 88 63 6.000000 0.108110 0.009933
decod24-v2_43
original 0 52 82 51 30 6.000000 0.108110 0.004736
mod8-10_178
improve 0 342 594 352 252 6.000000 0.108110 0.024610
one-two-three-v0_98
original 0 146 302 194 156 6.000000 0.108110 0.079924
4gt4-v0_78
original 0 235 412 254 177 6.000000 0.108110 0.031109
4mod5-v0_19
original 0 35 59 38 24 6.000000 0.108110 0.004025
alu-v2_30
original 0 504 963 587 459 6.000000 0.108110 0.046956
alu-v3_35
original 0 37 58 37 21 6.000000 0.108110 0.004057
dist_223
original 0 38046 69042 38959 30996 6.000000 0.108110 13.974971
4gt4-v0_79
original 0 231 393 237 162 6.000000 0.108110 0.038300
hwb8_113
original 0 69380 121805 73061 52425 6.000000 0.108110 4.490382
ex3_229
original 0 403 862 570 459 6.000000 0.108110 0.347725
xor5_254
original 0 7 10 5 3 6.000000 0.108110 0.001094
f2_232
original 0 1206 2250 1416 1044 6.000000 0.108110 0.269865
time:23936.058859