rd53_138
original 0 132 225 110 93 4.000000 0.741000 0.013704
4gt13-v1_93
original 0 68 143 102 75 4.000000 0.741000 0.016615
mod5mils_65
original 0 35 59 40 24 4.000000 0.741000 0.003544
mod5d1_63
original 0 22 40 26 18 4.000000 0.741000 0.005041
sym10_262
improve 0 64283 117041 69566 52755 4.000000 0.741000 5.209829
aj-e11_165
original 0 151 265 162 114 4.000000 0.741000 0.028326
hwb9_119
original 0 207775 371170 221740 163395 4.000000 0.741000 29.739667
4gt11_83
original 0 23 32 23 9 4.000000 0.741000 0.062977
cm42a_207
improve 0 1776 3105 1782 1329 4.000000 0.741000 0.100071
4gt4-v0_72
improve 0 258 447 268 189 4.000000 0.741000 0.021211
max46_240
improve 0 27126 48316 28332 21174 4.000000 0.741000 4.180780
dc2_222
original 0 9462 17349 10330 7887 4.000000 0.741000 0.797258
sym9_193
improve 0 34881 62624 37771 27738 4.000000 0.741000 3.342534
rd53_135
original 0 296 533 318 237 4.000000 0.741000 0.030495
mod10_171
original 0 244 442 268 198 4.000000 0.741000 0.019638
ising_model_13
original 0 633 633 143 0 4.000000 0.741000 0.011297
adr4_197
improve 0 3439 6701 3915 3258 4.000000 0.741000 1.671524
4gt11_84
original 0 18 27 17 9 4.000000 0.741000 0.003218
4gt11_82
original 0 27 39 30 12 4.000000 0.741000 0.002628
wim_266
improve 0 986 1694 965 708 4.000000 0.741000 0.063242
rd53_131
original 0 469 862 525 393 4.000000 0.741000 0.049247
mod8-10_177
original 0 440 770 481 330 4.000000 0.741000 0.029877
4gt10-v1_81
original 0 148 262 170 114 4.000000 0.741000 0.012580
alu-v1_28
original 0 37 61 39 24 4.000000 0.741000 0.003588
cnt3-5_179
original 0 175 352 131 177 4.000000 0.741000 0.038677
square_root_7
original 0 7630 14701 8203 7071 4.000000 0.741000 2.536377
one-two-three-v1_99
original 0 132 234 151 102 4.000000 0.741000 0.014993
mini_alu_305
improve 0 173 323 147 150 4.000000 0.741000 0.032640
rd53_311
original 0 275 524 259 249 4.000000 0.741000 0.027037
3_17_13
original 0 36 57 38 21 4.000000 0.741000 0.003202
rd73_252
improve 0 5321 9656 5625 4323 4.000000 0.741000 2.604839
4gt4-v0_80
original 0 179 311 199 132 4.000000 0.741000 0.014799
hwb7_59
improve 0 24379 42790 25334 18411 4.000000 0.741000 1.404162
ham3_102
original 0 20 35 26 15 4.000000 0.741000 0.010582
cnt3-5_180
improve 0 485 896 420 411 4.000000 0.741000 0.059333
rd53_133
original 0 580 1090 687 510 4.000000 0.741000 0.047359
4mod7-v0_94
improve 0 162 336 225 174 4.000000 0.741000 0.022053
plus63mod4096_163
original 0 128744 234959 140875 106215 4.000000 0.741000 19.101129
mini-alu_167
original 0 288 483 282 195 4.000000 0.741000 0.055558
root_255
improve 0 17159 31276 17375 14073 4.000000 0.741000 20.539004
z4_268
original 0 3073 5785 3387 2712 4.000000 0.741000 8.650470
majority_239
original 0 612 1179 750 567 4.000000 0.741000 193.113056
ex2_227
original 0 631 1237 784 606 4.000000 0.741000 0.109045
urf2_277
original 0 20112 37782 23161 17670 4.000000 0.741000 1.801832
one-two-three-v3_101
original 0 70 115 71 45 4.000000 0.741000 0.012660
4gt13_91
original 0 103 169 104 66 4.000000 0.741000 0.008393
4gt12-v1_89
original 0 228 411 253 183 4.000000 0.741000 0.018508
sqrt8_260
original 0 3009 5445 3197 2436 4.000000 0.741000 0.262872
rd32-v0_66
original 0 34 55 37 21 4.000000 0.741000 0.003752
sym9_148
improve 0 21504 39879 24824 18363 4.000000 0.741000 3.415078
4gt5_75
original 0 83 137 79 54 4.000000 0.741000 0.013138
0410184_169
original 0 211 382 186 171 4.000000 0.741000 0.025321
urf2_152
original 0 80480 140012 82387 59532 4.000000 0.741000 7.497931
urf1_278
original 0 54766 101209 61570 46443 4.000000 0.741000 5.265868
sym6_145
improve 0 3888 6756 4121 2868 4.000000 0.741000 0.223508
alu-v2_32
original 0 163 286 177 123 4.000000 0.741000 0.008737
4gt12-v0_88
original 0 194 326 193 132 4.000000 0.741000 0.014047
squar5_261
improve 0 1993 3508 1986 1515 4.000000 0.741000 0.131092
alu-v2_31
original 0 451 763 472 312 4.000000 0.741000 0.028983
hwb5_53
improve 0 1336 2329 1443 993 4.000000 0.741000 0.071336
one-two-three-v2_100
original 0 69 114 73 45 4.000000 0.741000 0.006495
cycle10_2_110
original 0 6050 11120 6723 5070 4.000000 0.741000 4.372198
urf6_160
improve 0 171840 314138 179880 142218 4.000000 0.741000 43.572685
ising_model_10
original 0 480 480 110 0 4.000000 0.741000 0.053842
sys6-v0_111
original 0 215 374 154 159 4.000000 0.741000 0.019096
plus63mod8192_164
improve 0 187112 343186 205701 155799 4.000000 0.741000 100.460061
mod5adder_127
original 0 555 996 603 441 4.000000 0.741000 0.089650
rd73_140
original 0 230 395 182 165 4.000000 0.741000 0.017293
4mod5-v1_23
original 0 69 123 78 54 4.000000 0.741000 0.007145
graycode6_47
original 0 5 5 5 0 4.000000 0.741000 0.000973
ising_model_16
original 0 786 786 176 0 4.000000 0.741000 0.012294
ham7_104
original 0 320 650 408 330 4.000000 0.741000 0.032825
ex-1_166
original 0 19 31 21 12 4.000000 0.741000 0.002159
decod24-v3_45
original 0 150 303 191 153 4.000000 0.741000 0.088205
urf4_187
improve 0 512064 914312 509649 402207 4.000000 0.741000 39.467973
life_238
original 0 22445 40820 24331 18375 4.000000 0.741000 10.453527
con1_216
improve 0 954 1755 1045 801 4.000000 0.741000 0.079447
hwb6_56
improve 0 6723 11859 7133 5136 4.000000 0.741000 0.354794
mod10_176
original 0 178 298 184 120 4.000000 0.741000 0.016241
ex1_226
original 0 7 10 5 3 4.000000 0.741000 0.001446
sf_276
improve 0 778 1520 936 738 4.000000 0.741000 0.754085
cm152a_212
original 0 1221 2274 1431 1053 4.000000 0.741000 0.100530
4gt12-v0_87
original 0 247 424 249 177 4.000000 0.741000 0.019730
decod24-enable_126
original 0 338 593 365 255 4.000000 0.741000 0.024848
radd_250
improve 0 3213 5751 3336 2538 4.000000 0.741000 0.207044
pm1_249
improve 0 1776 3105 1782 1329 4.000000 0.741000 0.105433
sf_274
improve 0 781 1399 871 618 4.000000 0.741000 0.067182
miller_11
original 0 50 89 62 39 4.000000 0.741000 0.004399
rd53_251
original 0 1291 2224 1339 933 4.000000 0.741000 0.069469
mlp4_245
improve 0 18852 34620 20388 15675 4.000000 0.741000 31.602001
9symml_195
improve 0 34881 62624 37771 27738 4.000000 0.741000 3.359272
rd84_142
improve 0 343 646 254 303 4.000000 0.741000 0.092983
inc_237
improve 0 10619 19064 11508 8439 4.000000 0.741000 2.674961
sqn_258
improve 0 10223 18291 10659 8046 4.000000 0.741000 5.802234
alu-v2_33
original 0 37 61 39 24 4.000000 0.741000 0.007919
sao2_257
original 0 38577 70467 38788 31890 4.000000 0.741000 18.469245
co14_215
improve 0 17936 34198 18313 16242 4.000000 0.741000 7.900048
decod24-v1_41
improve 0 85 181 122 96 4.000000 0.741000 0.014929
4mod5-v0_20
original 0 20 29 18 9 4.000000 0.741000 0.002280
alu-v4_37
original 0 37 58 37 21 4.000000 0.741000 0.003556
urf3_155
original 0 423488 752513 432732 329025 4.000000 0.741000 59.831930
misex1_241
original 0 4813 8602 5186 3789 4.000000 0.741000 0.437433
alu-v0_27
original 0 36 57 37 21 4.000000 0.741000 0.003176
4mod5-v1_24
original 0 36 72 39 36 4.000000 0.741000 0.011605
4mod7-v1_96
original 0 164 293 191 129 4.000000 0.741000 0.023743
cm82a_208
improve 0 650 1124 625 474 4.000000 0.741000 0.090816
ham15_107
original 0 8763 16098 9690 7335 4.000000 0.741000 1.273503
0example
original 0 9 36 31 27 4.000000 0.741000 0.017583
dc1_220
improve 0 1914 3483 2078 1569 4.000000 0.741000 0.129365
4gt4-v1_74
original 0 273 486 293 213 4.000000 0.741000 0.020144
rd32-v1_68
original 0 36 57 37 21 4.000000 0.741000 0.003191
decod24-v0_38
original 0 51 84 52 33 4.000000 0.741000 0.004707
sym6_316
original 0 270 525 281 255 4.000000 0.741000 0.046226
alu-v0_26
original 0 84 144 85 60 4.000000 0.741000 0.007604
clip_206
original 0 33827 62189 35948 28362 4.000000 0.741000 10.447998
4mod5-v0_18
original 0 69 111 72 42 4.000000 0.741000 0.016222
cm85a_209
improve 0 11414 21080 12938 9660 4.000000 0.741000 3.288029
alu-v4_36
original 0 115 193 117 78 4.000000 0.741000 0.014521
one-two-three-v0_97
improve 0 290 572 363 282 4.000000 0.741000 0.034012
4gt13_90
original 0 107 179 111 72 4.000000 0.741000 0.010484
mod5d2_64
original 0 53 92 58 39 4.000000 0.741000 0.005365
ground_state_estimation_10
original 0 390180 456141 206409 65961 4.000000 0.741000 11.722149
C17_204
original 0 467 818 489 351 4.000000 0.741000 0.142982
4gt13_92
original 0 66 156 105 90 4.000000 0.741000 0.014676
rd53_130
improve 0 1043 1796 1051 753 4.000000 0.741000 0.061727
alu-v3_34
original 0 52 85 53 33 4.000000 0.741000 0.005333
decod24-bdd_294
original 0 73 118 71 45 4.000000 0.741000 0.007097
4gt5_76
original 0 91 163 114 72 4.000000 0.741000 0.009507
sym9_146
improve 0 328 583 267 255 4.000000 0.741000 0.025832
4mod5-v1_22
original 0 21 33 21 12 4.000000 0.741000 0.002649
rd32_270
original 0 84 144 91 60 4.000000 0.741000 0.007422
hwb4_49
original 0 233 401 251 168 4.000000 0.741000 0.017655
urf5_280
improve 0 49829 90811 55056 40971 4.000000 0.741000 5.310828
4gt5_77
original 0 131 218 127 87 4.000000 0.741000 0.023147
rd84_253
improve 0 13658 25302 14446 11637 4.000000 0.741000 2.498077
4_49_16
improve 0 217 436 285 210 4.000000 0.741000 2.081549
qft_10
improve 0 200 314 129 114 4.000000 0.741000 0.097428
4mod5-bdd_287
original 0 70 121 70 51 4.000000 0.741000 0.007680
qft_16
improve 0 512 902 264 348 4.000000 0.741000 5.563253
urf1_149
improve 0 184864 322072 187005 137208 4.000000 0.741000 10.963563
urf5_158
improve 0 164416 293684 170287 129240 4.000000 0.741000 13.473235
urf3_279
improve 0 125362 236394 143752 110964 4.000000 0.741000 25.768319
4gt12-v0_86
original 0 251 434 259 183 4.000000 0.741000 0.194443
4gt4-v0_73
original 0 395 689 438 294 4.000000 0.741000 0.018119
alu-v1_29
original 0 37 58 37 21 4.000000 0.741000 0.003772
alu-bdd_288
improve 0 84 150 94 66 4.000000 0.741000 0.009146
decod24-v2_43
original 0 52 82 52 30 4.000000 0.741000 0.004452
mod8-10_178
improve 0 342 606 361 264 4.000000 0.741000 0.023976
one-two-three-v0_98
improve 0 146 323 196 177 4.000000 0.741000 0.079999
4gt4-v0_78
original 0 235 409 246 174 4.000000 0.741000 0.021906
4mod5-v0_19
original 0 35 59 39 24 4.000000 0.741000 0.003730
alu-v2_30
original 0 504 951 582 447 4.000000 0.741000 0.037491
alu-v3_35
original 0 37 58 37 21 4.000000 0.741000 0.003791
dist_223
improve 0 38046 69976 39756 31872 4.000000 0.741000 18.783776
4gt4-v0_79
original 0 231 399 235 168 4.000000 0.741000 0.031008
hwb8_113
original 0 69380 122069 72620 52689 4.000000 0.741000 4.042617
ex3_229
improve 0 403 793 486 390 4.000000 0.741000 0.066226
xor5_254
original 0 7 10 5 3 4.000000 0.741000 0.000936
f2_232
original 0 1206 2169 1323 963 4.000000 0.741000 0.110193
time:11819.618881