rd53_138
original 0 132 228 113 96 8.000000 0.600000 0.020711
4gt13-v1_93
original 0 68 143 99 75 8.000000 0.600000 0.013779
mod5mils_65
original 0 35 59 39 24 8.000000 0.600000 0.003975
mod5d1_63
original 0 22 40 26 18 8.000000 0.600000 0.005113
sym10_262
improve 0 64283 115689 67203 51339 8.000000 0.600000 30.009150
aj-e11_165
original 0 151 259 165 108 8.000000 0.600000 0.030818
hwb9_119
improve 0 207775 363327 210925 155418 8.000000 0.600000 42.002547
4gt11_83
original 0 23 32 23 9 8.000000 0.600000 0.064054
cm42a_207
original 0 1776 3027 1730 1251 8.000000 0.600000 0.107460
4gt4-v0_72
original 0 258 435 243 177 8.000000 0.600000 0.023459
max46_240
improve 0 27126 47935 27143 20796 8.000000 0.600000 4.634808
dc2_222
improve 0 9462 16762 9709 7296 8.000000 0.600000 1.220691
sym9_193
improve 0 34881 62331 36379 27435 8.000000 0.600000 4.982655
rd53_135
original 0 296 500 304 204 8.000000 0.600000 0.032367
mod10_171
original 0 244 424 248 180 8.000000 0.600000 0.016992
ising_model_13
original 0 633 633 143 0 8.000000 0.600000 0.010822
adr4_197
original 0 3439 6328 3627 2889 8.000000 0.600000 1.222580
4gt11_84
original 0 18 27 17 9 8.000000 0.600000 0.003317
4gt11_82
original 0 27 42 33 15 8.000000 0.600000 0.003119
wim_266
improve 0 986 1703 941 717 8.000000 0.600000 0.077075
rd53_131
improve 0 469 850 542 381 8.000000 0.600000 0.067868
mod8-10_177
improve 0 440 746 453 306 8.000000 0.600000 0.028868
4gt10-v1_81
original 0 148 247 152 99 8.000000 0.600000 0.012423
alu-v1_28
original 0 37 61 39 24 8.000000 0.600000 0.004153
cnt3-5_179
original 0 175 343 128 168 8.000000 0.600000 0.034063
square_root_7
improve 0 7630 14150 7634 6486 8.000000 0.600000 7.832429
one-two-three-v1_99
original 0 132 234 150 102 8.000000 0.600000 0.013288
mini_alu_305
original 0 173 323 138 150 8.000000 0.600000 0.036226
rd53_311
original 0 275 518 263 243 8.000000 0.600000 0.038943
3_17_13
original 0 36 57 38 21 8.000000 0.600000 0.003500
rd73_252
improve 0 5321 9362 5240 4029 8.000000 0.600000 3.863601
4gt4-v0_80
original 0 179 308 196 129 8.000000 0.600000 0.017163
hwb7_59
original 0 24379 42064 24407 17685 8.000000 0.600000 1.641796
ham3_102
original 0 20 35 26 15 8.000000 0.600000 0.010797
cnt3-5_180
improve 0 485 845 423 360 8.000000 0.600000 0.051036
rd53_133
original 0 580 1102 678 522 8.000000 0.600000 0.109949
4mod7-v0_94
improve 0 162 327 216 165 8.000000 0.600000 0.020622
plus63mod4096_163
improve 0 128744 230566 135276 101667 8.000000 0.600000 60.859178
mini-alu_167
original 0 288 480 298 192 8.000000 0.600000 0.059817
root_255
improve 0 17159 30766 16810 13599 8.000000 0.600000 2.803248
z4_268
original 0 3073 5719 3298 2646 8.000000 0.600000 12.116021
majority_239
improve 0 612 1413 802 603 8.000000 0.600000 192.976616
ex2_227
original 0 631 1225 739 594 8.000000 0.600000 0.152829
urf2_277
improve 0 20112 37638 22970 17526 8.000000 0.600000 2.005180
one-two-three-v3_101
original 0 70 118 71 48 8.000000 0.600000 0.011291
4gt13_91
original 0 103 166 101 63 8.000000 0.600000 0.011329
4gt12-v1_89
original 0 228 408 230 180 8.000000 0.600000 0.018525
sqrt8_260
improve 0 3009 5361 3020 2352 8.000000 0.600000 0.361064
rd32-v0_66
original 0 34 55 37 21 8.000000 0.600000 0.004462
sym9_148
improve 0 21504 38260 22506 16752 8.000000 0.600000 2.713904
4gt5_75
original 0 83 140 82 57 8.000000 0.600000 0.013112
0410184_169
original 0 211 367 188 156 8.000000 0.600000 0.025023
urf2_152
original 0 80480 139043 81630 58563 8.000000 0.600000 5.012611
urf1_278
improve 0 54766 100429 61015 45663 8.000000 0.600000 4.929095
sym6_145
improve 0 3888 6720 4002 2802 8.000000 0.600000 5.622301
alu-v2_32
original 0 163 277 160 114 8.000000 0.600000 0.008779
4gt12-v0_88
original 0 194 326 198 132 8.000000 0.600000 0.016477
squar5_261
improve 0 1993 3484 1904 1491 8.000000 0.600000 0.137238
alu-v2_31
original 0 451 730 445 279 8.000000 0.600000 0.029769
hwb5_53
improve 0 1336 2338 1413 1002 8.000000 0.600000 0.079357
one-two-three-v2_100
original 0 69 114 73 45 8.000000 0.600000 0.007022
cycle10_2_110
original 0 6050 11126 6657 5076 8.000000 0.600000 0.547920
urf6_160
improve 0 171840 309951 176485 138096 8.000000 0.600000 18.022954
ising_model_10
original 0 480 480 110 0 8.000000 0.600000 0.054733
sys6-v0_111
original 0 215 368 151 153 8.000000 0.600000 0.021424
plus63mod8192_164
improve 0 187112 335611 196668 148356 8.000000 0.600000 60.949394
mod5adder_127
improve 0 555 1017 634 462 8.000000 0.600000 0.089704
rd73_140
original 0 230 395 191 165 8.000000 0.600000 0.025188
4mod5-v1_23
original 0 69 123 80 54 8.000000 0.600000 0.006690
graycode6_47
original 0 5 5 5 0 8.000000 0.600000 0.001022
ising_model_16
original 0 786 786 176 0 8.000000 0.600000 0.014686
ham7_104
original 0 320 632 389 312 8.000000 0.600000 0.089265
ex-1_166
original 0 19 31 21 12 8.000000 0.600000 0.001786
decod24-v3_45
original 0 150 303 185 153 8.000000 0.600000 0.080487
urf4_187
original 0 512064 885234 479537 373170 8.000000 0.600000 41.823628
life_238
improve 0 22445 39842 23414 17397 8.000000 0.600000 1.910731
con1_216
improve 0 954 1767 1022 813 8.000000 0.600000 0.199316
hwb6_56
original 0 6723 11589 6801 4866 8.000000 0.600000 0.384734
mod10_176
original 0 178 283 175 105 8.000000 0.600000 0.014488
ex1_226
original 0 7 10 5 3 8.000000 0.600000 0.001453
sf_276
original 0 778 1537 947 759 8.000000 0.600000 0.887568
cm152a_212
original 0 1221 2370 1408 1149 8.000000 0.600000 1.785588
4gt12-v0_87
improve 0 247 430 252 183 8.000000 0.600000 0.020361
decod24-enable_126
original 0 338 578 345 240 8.000000 0.600000 0.025931
radd_250
improve 0 3213 5700 3299 2487 8.000000 0.600000 0.576864
pm1_249
original 0 1776 3027 1730 1251 8.000000 0.600000 0.114011
sf_274
original 0 781 1489 934 708 8.000000 0.600000 0.083567
miller_11
original 0 50 89 62 39 8.000000 0.600000 0.004702
rd53_251
original 0 1291 2227 1278 936 8.000000 0.600000 0.075247
mlp4_245
improve 0 18852 33900 19457 15039 8.000000 0.600000 3.072177
9symml_195
improve 0 34881 62331 36379 27435 8.000000 0.600000 4.871171
rd84_142
improve 0 343 622 251 279 8.000000 0.600000 0.182451
inc_237
improve 0 10619 18857 10993 8226 8.000000 0.600000 5.153971
sqn_258
original 0 10223 18278 10396 8055 8.000000 0.600000 11.916295
alu-v2_33
original 0 37 61 39 24 8.000000 0.600000 0.008253
sao2_257
improve 0 38577 68766 37198 30180 8.000000 0.600000 5.636752
co14_215
improve 0 17936 33470 17763 15504 8.000000 0.600000 21.769340
decod24-v1_41
original 0 85 178 116 93 8.000000 0.600000 0.016692
4mod5-v0_20
original 0 20 29 18 9 8.000000 0.600000 0.002340
alu-v4_37
original 0 37 58 37 21 8.000000 0.600000 0.003840
urf3_155
improve 0 423488 745607 430487 322104 8.000000 0.600000 32.734537
misex1_241
original 0 4813 8302 4680 3489 8.000000 0.600000 4.713642
alu-v0_27
original 0 36 57 37 21 8.000000 0.600000 0.003290
4mod5-v1_24
original 0 36 75 41 39 8.000000 0.600000 0.009817
4mod7-v1_96
improve 0 164 281 172 117 8.000000 0.600000 0.018701
cm82a_208
original 0 650 1109 628 459 8.000000 0.600000 0.056426
ham15_107
improve 0 8763 15950 9608 7170 8.000000 0.600000 6.263196
0example
original 0 9 36 31 27 8.000000 0.600000 0.016736
dc1_220
improve 0 1914 3519 2070 1605 8.000000 0.600000 0.139208
4gt4-v1_74
original 0 273 465 276 192 8.000000 0.600000 0.019742
rd32-v1_68
original 0 36 57 37 21 8.000000 0.600000 0.003402
decod24-v0_38
original 0 51 87 59 36 8.000000 0.600000 0.005202
sym6_316
original 0 270 507 269 237 8.000000 0.600000 0.036600
alu-v0_26
original 0 84 138 80 54 8.000000 0.600000 0.009069
clip_206
improve 0 33827 60995 35034 27159 8.000000 0.600000 5.044246
4mod5-v0_18
original 0 69 114 74 45 8.000000 0.600000 0.016470
cm85a_209
improve 0 11414 20915 12671 9486 8.000000 0.600000 5.152417
alu-v4_36
original 0 115 193 118 78 8.000000 0.600000 0.014553
one-two-three-v0_97
improve 0 290 554 342 264 8.000000 0.600000 0.029797
4gt13_90
original 0 107 170 103 63 8.000000 0.600000 0.011024
mod5d2_64
original 0 53 98 63 45 8.000000 0.600000 0.006471
ground_state_estimation_10
improve 0 390180 442548 188408 52368 8.000000 0.600000 12.432791
C17_204
original 0 467 803 463 336 8.000000 0.600000 0.147333
4gt13_92
original 0 66 156 102 90 8.000000 0.600000 0.014871
rd53_130
original 0 1043 1757 1014 714 8.000000 0.600000 0.062672
alu-v3_34
original 0 52 85 53 33 8.000000 0.600000 0.005666
decod24-bdd_294
original 0 73 118 73 45 8.000000 0.600000 0.006505
4gt5_76
original 0 91 154 99 63 8.000000 0.600000 0.009080
sym9_146
original 0 328 568 257 240 8.000000 0.600000 0.832257
4mod5-v1_22
original 0 21 33 21 12 8.000000 0.600000 0.002752
rd32_270
original 0 84 138 87 54 8.000000 0.600000 0.008096
hwb4_49
original 0 233 392 239 159 8.000000 0.600000 0.018161
urf5_280
improve 0 49829 90068 54087 40233 8.000000 0.600000 5.161097
4gt5_77
original 0 131 221 135 90 8.000000 0.600000 0.023872
rd84_253
improve 0 13658 24425 13681 10722 8.000000 0.600000 9.491201
4_49_16
improve 0 217 418 272 201 8.000000 0.600000 0.025887
qft_10
original 0 200 326 147 126 8.000000 0.600000 0.099516
4mod5-bdd_287
original 0 70 121 71 51 8.000000 0.600000 0.008118
qft_16
improve 0 512 1025 341 387 8.000000 0.600000 49.612103
urf1_149
original 0 184864 320584 185202 135720 8.000000 0.600000 11.594316
urf5_158
original 0 164416 290212 168616 125796 8.000000 0.600000 10.394139
urf3_279
improve 0 125362 234229 140854 108765 8.000000 0.600000 31.738599
4gt12-v0_86
original 0 251 440 262 189 8.000000 0.600000 0.050873
4gt4-v0_73
original 0 395 677 395 282 8.000000 0.600000 0.019831
alu-v1_29
original 0 37 58 37 21 8.000000 0.600000 0.004027
alu-bdd_288
original 0 84 147 93 63 8.000000 0.600000 0.009357
decod24-v2_43
original 0 52 82 51 30 8.000000 0.600000 0.004819
mod8-10_178
improve 0 342 576 337 234 8.000000 0.600000 0.024771
one-two-three-v0_98
improve 0 146 323 188 177 8.000000 0.600000 0.082827
4gt4-v0_78
original 0 235 409 240 174 8.000000 0.600000 0.018346
4mod5-v0_19
original 0 35 59 38 24 8.000000 0.600000 0.004045
alu-v2_30
original 0 504 1014 609 510 8.000000 0.600000 0.043676
alu-v3_35
original 0 37 58 37 21 8.000000 0.600000 0.004092
dist_223
improve 0 38046 67848 37522 29793 8.000000 0.600000 5.638710
4gt4-v0_79
original 0 231 399 239 168 8.000000 0.600000 0.025412
hwb8_113
improve 0 69380 120287 70551 50904 8.000000 0.600000 5.185045
ex3_229
improve 0 403 793 469 390 8.000000 0.600000 0.068160
xor5_254
original 0 7 10 5 3 8.000000 0.600000 0.001514
f2_232
improve 0 1206 2247 1366 1041 8.000000 0.600000 0.130823
time:26454.226871