rd53_138
original 0 132 234 117 102 8.000000 0.541000 0.012873
4gt13-v1_93
original 0 68 143 99 75 8.000000 0.541000 0.009458
mod5mils_65
original 0 35 59 39 24 8.000000 0.541000 0.002860
mod5d1_63
original 0 22 40 26 18 8.000000 0.541000 0.003978
sym10_262
improve 0 64283 114717 66056 50388 8.000000 0.541000 14.793584
aj-e11_165
original 0 151 259 165 108 8.000000 0.541000 0.029153
hwb9_119
improve 0 207775 363327 210925 155418 8.000000 0.541000 43.082134
4gt11_83
original 0 23 32 23 9 8.000000 0.541000 0.067202
cm42a_207
original 0 1776 3027 1730 1251 8.000000 0.541000 0.112417
4gt4-v0_72
original 0 258 435 243 177 8.000000 0.541000 0.022292
max46_240
original 0 27126 48027 26806 20901 8.000000 0.541000 7.849823
dc2_222
improve 0 9462 16762 9709 7296 8.000000 0.541000 1.319253
sym9_193
improve 0 34881 62253 36251 27354 8.000000 0.541000 5.359965
rd53_135
original 0 296 500 304 204 8.000000 0.541000 0.032028
mod10_171
original 0 244 424 248 180 8.000000 0.541000 0.016938
ising_model_13
original 0 633 633 143 0 8.000000 0.541000 0.010064
adr4_197
improve 0 3439 6769 3999 3324 8.000000 0.541000 3.218894
4gt11_84
original 0 18 27 17 9 8.000000 0.541000 0.002250
4gt11_82
original 0 27 42 33 15 8.000000 0.541000 0.002444
wim_266
improve 0 986 1703 941 717 8.000000 0.541000 0.080142
rd53_131
original 0 469 850 499 381 8.000000 0.541000 0.041921
mod8-10_177
improve 0 440 749 457 309 8.000000 0.541000 0.024646
4gt10-v1_81
original 0 148 247 152 99 8.000000 0.541000 0.012979
alu-v1_28
original 0 37 61 39 24 8.000000 0.541000 0.003472
cnt3-5_179
original 0 175 337 134 162 8.000000 0.541000 0.271110
square_root_7
improve 0 7630 13870 7560 6231 8.000000 0.541000 3.538946
one-two-three-v1_99
original 0 132 234 150 102 8.000000 0.541000 0.014100
mini_alu_305
original 0 173 323 138 150 8.000000 0.541000 0.040944
rd53_311
original 0 275 518 263 243 8.000000 0.541000 0.038007
3_17_13
original 0 36 57 38 21 8.000000 0.541000 0.002648
rd73_252
improve 0 5321 9385 5289 4047 8.000000 0.541000 4.575734
4gt4-v0_80
original 0 179 308 196 129 8.000000 0.541000 0.013823
hwb7_59
original 0 24379 42064 24407 17685 8.000000 0.541000 1.606828
ham3_102
original 0 20 35 26 15 8.000000 0.541000 0.009263
cnt3-5_180
improve 0 485 845 423 360 8.000000 0.541000 0.052233
rd53_133
original 0 580 1120 672 540 8.000000 0.541000 0.118446
4mod7-v0_94
original 0 162 351 241 189 8.000000 0.541000 0.024556
plus63mod4096_163
improve 0 128744 230566 135276 101667 8.000000 0.541000 62.205695
mini-alu_167
original 0 288 480 298 192 8.000000 0.541000 0.059429
root_255
improve 0 17159 30383 16557 13215 8.000000 0.541000 4.553373
z4_268
original 0 3073 5914 3463 2841 8.000000 0.541000 0.776366
majority_239
improve 0 612 1365 814 645 8.000000 0.541000 97.736531
ex2_227
original 0 631 1189 736 558 8.000000 0.541000 0.081321
urf2_277
improve 0 20112 37638 22970 17526 8.000000 0.541000 2.041306
one-two-three-v3_101
original 0 70 118 71 48 8.000000 0.541000 0.011150
4gt13_91
original 0 103 166 101 63 8.000000 0.541000 0.008255
4gt12-v1_89
original 0 228 408 230 180 8.000000 0.541000 0.019073
sqrt8_260
improve 0 3009 5373 3071 2361 8.000000 0.541000 0.816636
rd32-v0_66
original 0 34 55 37 21 8.000000 0.541000 0.002972
sym9_148
original 0 21504 39078 22835 17574 8.000000 0.541000 11.982580
4gt5_75
original 0 83 140 82 57 8.000000 0.541000 0.013889
0410184_169
original 0 211 367 188 156 8.000000 0.541000 0.023619
urf2_152
original 0 80480 139043 81630 58563 8.000000 0.541000 4.974279
urf1_278
improve 0 54766 100429 61015 45663 8.000000 0.541000 4.985442
sym6_145
improve 0 3888 6720 4002 2802 8.000000 0.541000 5.807924
alu-v2_32
original 0 163 277 160 114 8.000000 0.541000 0.014469
4gt12-v0_88
original 0 194 326 198 132 8.000000 0.541000 0.013955
squar5_261
improve 0 1993 3484 1904 1491 8.000000 0.541000 0.139132
alu-v2_31
original 0 451 730 445 279 8.000000 0.541000 0.030459
hwb5_53
improve 0 1336 2347 1398 1011 8.000000 0.541000 0.081790
one-two-three-v2_100
original 0 69 114 73 45 8.000000 0.541000 0.007124
cycle10_2_110
improve 0 6050 11114 6731 5064 8.000000 0.541000 0.748419
urf6_160
improve 0 171840 309951 176485 138096 8.000000 0.541000 18.581136
ising_model_10
original 0 480 480 110 0 8.000000 0.541000 0.056803
sys6-v0_111
improve 0 215 383 184 168 8.000000 0.541000 0.021808
plus63mod8192_164
improve 0 187112 335611 196668 148356 8.000000 0.541000 61.734881
mod5adder_127
original 0 555 1077 600 522 8.000000 0.541000 2.300799
rd73_140
original 0 230 392 190 162 8.000000 0.541000 0.023339
4mod5-v1_23
original 0 69 123 80 54 8.000000 0.541000 0.006904
graycode6_47
original 0 5 5 5 0 8.000000 0.541000 0.001108
ising_model_16
original 0 786 786 176 0 8.000000 0.541000 0.013622
ham7_104
improve 0 320 629 404 309 8.000000 0.541000 0.041618
ex-1_166
original 0 19 31 21 12 8.000000 0.541000 0.001868
decod24-v3_45
improve 0 150 351 236 201 8.000000 0.541000 0.049917
urf4_187
improve 0 512064 894547 494541 382410 8.000000 0.541000 47.450785
life_238
improve 0 22445 39945 23380 17454 8.000000 0.541000 16.648691
con1_216
improve 0 954 1734 1004 780 8.000000 0.541000 0.079884
hwb6_56
original 0 6723 11538 6742 4815 8.000000 0.541000 0.400777
mod10_176
original 0 178 283 175 105 8.000000 0.541000 0.015694
ex1_226
original 0 7 10 5 3 8.000000 0.541000 0.001446
sf_276
original 0 778 1558 958 780 8.000000 0.541000 0.572786
cm152a_212
improve 0 1221 2409 1501 1176 8.000000 0.541000 3.185547
4gt12-v0_87
improve 0 247 430 252 183 8.000000 0.541000 0.017323
decod24-enable_126
original 0 338 578 345 240 8.000000 0.541000 0.023817
radd_250
improve 0 3213 5700 3299 2487 8.000000 0.541000 0.585307
pm1_249
original 0 1776 3027 1730 1251 8.000000 0.541000 0.115691
sf_274
improve 0 781 1426 874 645 8.000000 0.541000 0.076336
miller_11
original 0 50 89 62 39 8.000000 0.541000 0.005035
rd53_251
original 0 1291 2227 1278 936 8.000000 0.541000 0.077361
mlp4_245
improve 0 18852 33867 19598 14967 8.000000 0.541000 17.001195
9symml_195
improve 0 34881 62253 36251 27354 8.000000 0.541000 5.309615
rd84_142
improve 0 343 607 256 264 8.000000 0.541000 0.066957
inc_237
improve 0 10619 19061 11286 8442 8.000000 0.541000 1.013489
sqn_258
improve 0 10223 18275 10428 8049 8.000000 0.541000 1.319184
alu-v2_33
original 0 37 61 39 24 8.000000 0.541000 0.006860
sao2_257
improve 0 38577 68766 37198 30180 8.000000 0.541000 5.779462
co14_215
original 0 17936 33398 17208 15462 8.000000 0.541000 14.588378
decod24-v1_41
original 0 85 178 116 93 8.000000 0.541000 0.022927
4mod5-v0_20
original 0 20 29 18 9 8.000000 0.541000 0.001947
alu-v4_37
original 0 37 58 37 21 8.000000 0.541000 0.003149
urf3_155
improve 0 423488 745607 430487 322104 8.000000 0.541000 33.371877
misex1_241
original 0 4813 8302 4680 3489 8.000000 0.541000 4.298442
alu-v0_27
original 0 36 57 37 21 8.000000 0.541000 0.003301
4mod5-v1_24
original 0 36 78 40 42 8.000000 0.541000 0.012092
4mod7-v1_96
improve 0 164 281 172 117 8.000000 0.541000 0.019994
cm82a_208
original 0 650 1109 628 459 8.000000 0.541000 0.057268
ham15_107
improve 0 8763 15774 9462 7011 8.000000 0.541000 1.029593
0example
original 0 9 39 34 30 8.000000 0.541000 0.022107
dc1_220
original 0 1914 3495 2029 1581 8.000000 0.541000 0.153984
4gt4-v1_74
original 0 273 465 276 192 8.000000 0.541000 0.021850
rd32-v1_68
original 0 36 57 37 21 8.000000 0.541000 0.003371
decod24-v0_38
original 0 51 87 59 36 8.000000 0.541000 0.002787
sym6_316
original 0 270 507 269 237 8.000000 0.541000 0.033109
alu-v0_26
original 0 84 138 80 54 8.000000 0.541000 0.007409
clip_206
improve 0 33827 61175 35092 27324 8.000000 0.541000 8.526922
4mod5-v0_18
original 0 69 114 74 45 8.000000 0.541000 0.015954
cm85a_209
improve 0 11414 20720 12456 9303 8.000000 0.541000 1.593584
alu-v4_36
original 0 115 193 118 78 8.000000 0.541000 0.013228
one-two-three-v0_97
improve 0 290 569 355 279 8.000000 0.541000 0.038443
4gt13_90
original 0 107 170 103 63 8.000000 0.541000 0.009283
mod5d2_64
original 0 53 98 63 45 8.000000 0.541000 0.005400
ground_state_estimation_10
improve 0 390180 442551 188408 52371 8.000000 0.541000 12.461859
C17_204
original 0 467 803 463 336 8.000000 0.541000 0.149374
4gt13_92
original 0 66 156 102 90 8.000000 0.541000 0.020792
rd53_130
improve 0 1043 1745 995 702 8.000000 0.541000 0.075418
alu-v3_34
original 0 52 85 53 33 8.000000 0.541000 0.005135
decod24-bdd_294
original 0 73 118 73 45 8.000000 0.541000 0.006917
4gt5_76
original 0 91 154 99 63 8.000000 0.541000 0.008997
sym9_146
original 0 328 580 258 252 8.000000 0.541000 0.463873
4mod5-v1_22
original 0 21 33 21 12 8.000000 0.541000 0.002147
rd32_270
original 0 84 138 87 54 8.000000 0.541000 0.006141
hwb4_49
original 0 233 392 239 159 8.000000 0.541000 0.018186
urf5_280
improve 0 49829 90068 54087 40233 8.000000 0.541000 5.331400
4gt5_77
original 0 131 221 135 90 8.000000 0.541000 0.023423
rd84_253
improve 0 13658 24436 13691 10767 8.000000 0.541000 2.517968
4_49_16
original 0 217 421 267 204 8.000000 0.541000 0.019849
qft_10
original 0 200 326 147 126 8.000000 0.541000 0.098638
4mod5-bdd_287
original 0 70 121 71 51 8.000000 0.541000 0.006238
qft_16
improve 0 512 1025 341 387 8.000000 0.541000 50.304214
urf1_149
original 0 184864 320584 185202 135720 8.000000 0.541000 11.794306
urf5_158
original 0 164416 283780 165078 119364 8.000000 0.541000 10.563760
urf3_279
improve 0 125362 234243 140689 108822 8.000000 0.541000 19.734691
4gt12-v0_86
original 0 251 440 262 189 8.000000 0.541000 0.052381
4gt4-v0_73
original 0 395 677 395 282 8.000000 0.541000 0.022786
alu-v1_29
original 0 37 58 37 21 8.000000 0.541000 0.003430
alu-bdd_288
original 0 84 147 93 63 8.000000 0.541000 0.004995
decod24-v2_43
original 0 52 82 51 30 8.000000 0.541000 0.004771
mod8-10_178
improve 0 342 576 337 234 8.000000 0.541000 0.025520
one-two-three-v0_98
original 0 146 308 172 162 8.000000 0.541000 0.033667
4gt4-v0_78
original 0 235 409 240 174 8.000000 0.541000 0.018551
4mod5-v0_19
original 0 35 59 38 24 8.000000 0.541000 0.003928
alu-v2_30
original 0 504 942 550 438 8.000000 0.541000 0.060006
alu-v3_35
original 0 37 58 37 21 8.000000 0.541000 0.004056
dist_223
original 0 38046 67506 36930 29460 8.000000 0.541000 4.729226
4gt4-v0_79
original 0 231 399 239 168 8.000000 0.541000 0.025288
hwb8_113
improve 0 69380 120058 70407 50664 8.000000 0.541000 6.580558
ex3_229
original 0 403 826 493 423 8.000000 0.541000 0.318144
xor5_254
original 0 7 10 5 3 8.000000 0.541000 0.001035
f2_232
improve 0 1206 2328 1451 1122 8.000000 0.541000 0.119125
time:2036.523212