rd53_138
original 0 132 228 113 96 8.000000 0.400000 0.019161
4gt13-v1_93
original 0 68 143 99 75 8.000000 0.400000 0.014935
mod5mils_65
original 0 35 59 39 24 8.000000 0.400000 0.003725
mod5d1_63
original 0 22 40 26 18 8.000000 0.400000 0.005065
sym10_262
improve 0 64283 115689 67203 51339 8.000000 0.400000 30.291092
aj-e11_165
original 0 151 259 165 108 8.000000 0.400000 0.030851
hwb9_119
improve 0 207775 363327 210925 155418 8.000000 0.400000 42.272295
4gt11_83
original 0 23 32 23 9 8.000000 0.400000 0.062988
cm42a_207
original 0 1776 3027 1730 1251 8.000000 0.400000 0.107744
4gt4-v0_72
original 0 258 435 243 177 8.000000 0.400000 0.023606
max46_240
improve 0 27126 47935 27143 20796 8.000000 0.400000 4.725092
dc2_222
improve 0 9462 16762 9709 7296 8.000000 0.400000 1.204727
sym9_193
improve 0 34881 62331 36379 27435 8.000000 0.400000 4.885120
rd53_135
original 0 296 500 304 204 8.000000 0.400000 0.033835
mod10_171
original 0 244 424 248 180 8.000000 0.400000 0.018516
ising_model_13
original 0 633 633 143 0 8.000000 0.400000 0.011913
adr4_197
original 0 3439 6328 3627 2889 8.000000 0.400000 1.228485
4gt11_84
original 0 18 27 17 9 8.000000 0.400000 0.003293
4gt11_82
original 0 27 42 33 15 8.000000 0.400000 0.003077
wim_266
improve 0 986 1703 941 717 8.000000 0.400000 0.074872
rd53_131
improve 0 469 850 542 381 8.000000 0.400000 0.069705
mod8-10_177
improve 0 440 746 453 306 8.000000 0.400000 0.029984
4gt10-v1_81
original 0 148 247 152 99 8.000000 0.400000 0.011863
alu-v1_28
original 0 37 61 39 24 8.000000 0.400000 0.004103
cnt3-5_179
original 0 175 343 128 168 8.000000 0.400000 0.033899
square_root_7
improve 0 7630 14150 7634 6486 8.000000 0.400000 7.890321
one-two-three-v1_99
original 0 132 234 150 102 8.000000 0.400000 0.016509
mini_alu_305
original 0 173 323 138 150 8.000000 0.400000 0.034869
rd53_311
original 0 275 518 263 243 8.000000 0.400000 0.039126
3_17_13
original 0 36 57 38 21 8.000000 0.400000 0.003465
rd73_252
improve 0 5321 9362 5240 4029 8.000000 0.400000 3.887061
4gt4-v0_80
original 0 179 308 196 129 8.000000 0.400000 0.015883
hwb7_59
original 0 24379 42064 24407 17685 8.000000 0.400000 1.630069
ham3_102
original 0 20 35 26 15 8.000000 0.400000 0.010938
cnt3-5_180
improve 0 485 845 423 360 8.000000 0.400000 0.051844
rd53_133
original 0 580 1102 678 522 8.000000 0.400000 0.110911
4mod7-v0_94
improve 0 162 327 216 165 8.000000 0.400000 0.022476
plus63mod4096_163
improve 0 128744 230566 135276 101667 8.000000 0.400000 61.180295
mini-alu_167
original 0 288 480 298 192 8.000000 0.400000 0.060239
root_255
improve 0 17159 30766 16810 13599 8.000000 0.400000 2.833712
z4_268
original 0 3073 5719 3298 2646 8.000000 0.400000 11.683492
majority_239
improve 0 612 1413 802 603 8.000000 0.400000 189.406257
ex2_227
original 0 631 1225 739 594 8.000000 0.400000 0.151329
urf2_277
improve 0 20112 37638 22970 17526 8.000000 0.400000 2.010149
one-two-three-v3_101
original 0 70 118 71 48 8.000000 0.400000 0.013282
4gt13_91
original 0 103 166 101 63 8.000000 0.400000 0.010607
4gt12-v1_89
original 0 228 408 230 180 8.000000 0.400000 0.018231
sqrt8_260
improve 0 3009 5361 3020 2352 8.000000 0.400000 0.363285
rd32-v0_66
original 0 34 55 37 21 8.000000 0.400000 0.004447
sym9_148
improve 0 21504 38260 22506 16752 8.000000 0.400000 2.697664
4gt5_75
original 0 83 140 82 57 8.000000 0.400000 0.014119
0410184_169
original 0 211 367 188 156 8.000000 0.400000 0.023248
urf2_152
original 0 80480 139043 81630 58563 8.000000 0.400000 5.002140
urf1_278
improve 0 54766 100429 61015 45663 8.000000 0.400000 4.925603
sym6_145
improve 0 3888 6720 4002 2802 8.000000 0.400000 5.663111
alu-v2_32
original 0 163 277 160 114 8.000000 0.400000 0.008814
4gt12-v0_88
original 0 194 326 198 132 8.000000 0.400000 0.015810
squar5_261
improve 0 1993 3484 1904 1491 8.000000 0.400000 0.136277
alu-v2_31
original 0 451 730 445 279 8.000000 0.400000 0.031888
hwb5_53
improve 0 1336 2338 1413 1002 8.000000 0.400000 0.080373
one-two-three-v2_100
original 0 69 114 73 45 8.000000 0.400000 0.006240
cycle10_2_110
original 0 6050 11126 6657 5076 8.000000 0.400000 0.549516
urf6_160
improve 0 171840 309951 176485 138096 8.000000 0.400000 18.054929
ising_model_10
original 0 480 480 110 0 8.000000 0.400000 0.055456
sys6-v0_111
original 0 215 368 151 153 8.000000 0.400000 0.021546
plus63mod8192_164
improve 0 187112 335611 196668 148356 8.000000 0.400000 60.630065
mod5adder_127
improve 0 555 1017 634 462 8.000000 0.400000 0.090406
rd73_140
original 0 230 395 191 165 8.000000 0.400000 0.018600
4mod5-v1_23
original 0 69 123 80 54 8.000000 0.400000 0.007490
graycode6_47
original 0 5 5 5 0 8.000000 0.400000 0.001014
ising_model_16
original 0 786 786 176 0 8.000000 0.400000 0.014968
ham7_104
original 0 320 632 389 312 8.000000 0.400000 0.090138
ex-1_166
original 0 19 31 21 12 8.000000 0.400000 0.002360
decod24-v3_45
original 0 150 303 185 153 8.000000 0.400000 0.081403
urf4_187
original 0 512064 885234 479537 373170 8.000000 0.400000 42.333430
life_238
improve 0 22445 39842 23414 17397 8.000000 0.400000 1.931134
con1_216
improve 0 954 1767 1022 813 8.000000 0.400000 0.200540
hwb6_56
original 0 6723 11589 6801 4866 8.000000 0.400000 0.385309
mod10_176
original 0 178 283 175 105 8.000000 0.400000 0.015483
ex1_226
original 0 7 10 5 3 8.000000 0.400000 0.001476
sf_276
original 0 778 1537 947 759 8.000000 0.400000 0.906932
cm152a_212
original 0 1221 2370 1408 1149 8.000000 0.400000 1.792767
4gt12-v0_87
improve 0 247 430 252 183 8.000000 0.400000 0.020630
decod24-enable_126
original 0 338 578 345 240 8.000000 0.400000 0.025448
radd_250
improve 0 3213 5700 3299 2487 8.000000 0.400000 0.579983
pm1_249
original 0 1776 3027 1730 1251 8.000000 0.400000 0.114312
sf_274
original 0 781 1489 934 708 8.000000 0.400000 0.084978
miller_11
original 0 50 89 62 39 8.000000 0.400000 0.004754
rd53_251
original 0 1291 2227 1278 936 8.000000 0.400000 0.077909
mlp4_245
improve 0 18852 33900 19457 15039 8.000000 0.400000 3.109247
9symml_195
improve 0 34881 62331 36379 27435 8.000000 0.400000 4.894589
rd84_142
improve 0 343 622 251 279 8.000000 0.400000 0.182515
inc_237
improve 0 10619 18857 10993 8226 8.000000 0.400000 5.183713
sqn_258
original 0 10223 18278 10396 8055 8.000000 0.400000 11.429204
alu-v2_33
original 0 37 61 39 24 8.000000 0.400000 0.008161
sao2_257
improve 0 38577 68766 37198 30180 8.000000 0.400000 5.648724
co14_215
improve 0 17936 33470 17763 15504 8.000000 0.400000 22.152145
decod24-v1_41
original 0 85 178 116 93 8.000000 0.400000 0.017051
4mod5-v0_20
original 0 20 29 18 9 8.000000 0.400000 0.002384
alu-v4_37
original 0 37 58 37 21 8.000000 0.400000 0.003847
urf3_155
improve 0 423488 745607 430487 322104 8.000000 0.400000 32.870348
misex1_241
original 0 4813 8302 4680 3489 8.000000 0.400000 4.697426
alu-v0_27
original 0 36 57 37 21 8.000000 0.400000 0.003370
4mod5-v1_24
original 0 36 75 41 39 8.000000 0.400000 0.011528
4mod7-v1_96
improve 0 164 281 172 117 8.000000 0.400000 0.020571
cm82a_208
original 0 650 1109 628 459 8.000000 0.400000 0.057667
ham15_107
improve 0 8763 15950 9608 7170 8.000000 0.400000 6.533821
0example
original 0 9 36 31 27 8.000000 0.400000 0.017317
dc1_220
improve 0 1914 3519 2070 1605 8.000000 0.400000 0.139448
4gt4-v1_74
original 0 273 465 276 192 8.000000 0.400000 0.019272
rd32-v1_68
original 0 36 57 37 21 8.000000 0.400000 0.003492
decod24-v0_38
original 0 51 87 59 36 8.000000 0.400000 0.005328
sym6_316
original 0 270 507 269 237 8.000000 0.400000 0.035990
alu-v0_26
original 0 84 138 80 54 8.000000 0.400000 0.009033
clip_206
improve 0 33827 60995 35034 27159 8.000000 0.400000 5.028211
4mod5-v0_18
original 0 69 114 74 45 8.000000 0.400000 0.016307
cm85a_209
improve 0 11414 20915 12671 9486 8.000000 0.400000 4.954145
alu-v4_36
original 0 115 193 118 78 8.000000 0.400000 0.013197
one-two-three-v0_97
improve 0 290 554 342 264 8.000000 0.400000 0.031751
4gt13_90
original 0 107 170 103 63 8.000000 0.400000 0.010560
mod5d2_64
original 0 53 98 63 45 8.000000 0.400000 0.006418
ground_state_estimation_10
improve 0 390180 442548 188408 52368 8.000000 0.400000 12.581234
C17_204
original 0 467 803 463 336 8.000000 0.400000 0.143545
4gt13_92
original 0 66 156 102 90 8.000000 0.400000 0.014935
rd53_130
original 0 1043 1757 1014 714 8.000000 0.400000 0.063031
alu-v3_34
original 0 52 85 53 33 8.000000 0.400000 0.005645
decod24-bdd_294
original 0 73 118 73 45 8.000000 0.400000 0.006508
4gt5_76
original 0 91 154 99 63 8.000000 0.400000 0.008980
sym9_146
original 0 328 568 257 240 8.000000 0.400000 0.841879
4mod5-v1_22
original 0 21 33 21 12 8.000000 0.400000 0.002746
rd32_270
original 0 84 138 87 54 8.000000 0.400000 0.006604
hwb4_49
original 0 233 392 239 159 8.000000 0.400000 0.019072
urf5_280
improve 0 49829 90068 54087 40233 8.000000 0.400000 5.200909
4gt5_77
original 0 131 221 135 90 8.000000 0.400000 0.024595
rd84_253
improve 0 13658 24425 13681 10722 8.000000 0.400000 9.720716
4_49_16
improve 0 217 418 272 201 8.000000 0.400000 0.026403
qft_10
original 0 200 326 147 126 8.000000 0.400000 0.104156
4mod5-bdd_287
original 0 70 121 71 51 8.000000 0.400000 0.008181
qft_16
improve 0 512 1025 341 387 8.000000 0.400000 49.691612
urf1_149
original 0 184864 320584 185202 135720 8.000000 0.400000 11.604343
urf5_158
original 0 164416 290212 168616 125796 8.000000 0.400000 10.406900
urf3_279
improve 0 125362 234229 140854 108765 8.000000 0.400000 31.929680
4gt12-v0_86
original 0 251 440 262 189 8.000000 0.400000 0.054199
4gt4-v0_73
original 0 395 677 395 282 8.000000 0.400000 0.020235
alu-v1_29
original 0 37 58 37 21 8.000000 0.400000 0.003845
alu-bdd_288
original 0 84 147 93 63 8.000000 0.400000 0.009274
decod24-v2_43
original 0 52 82 51 30 8.000000 0.400000 0.004679
mod8-10_178
improve 0 342 576 337 234 8.000000 0.400000 0.025540
one-two-three-v0_98
improve 0 146 323 188 177 8.000000 0.400000 0.081221
4gt4-v0_78
original 0 235 409 240 174 8.000000 0.400000 0.020318
4mod5-v0_19
original 0 35 59 38 24 8.000000 0.400000 0.003963
alu-v2_30
original 0 504 1014 609 510 8.000000 0.400000 0.046545
alu-v3_35
original 0 37 58 37 21 8.000000 0.400000 0.004066
dist_223
improve 0 38046 67848 37522 29793 8.000000 0.400000 5.695912
4gt4-v0_79
original 0 231 399 239 168 8.000000 0.400000 0.026072
hwb8_113
improve 0 69380 120287 70551 50904 8.000000 0.400000 5.208215
ex3_229
improve 0 403 793 469 390 8.000000 0.400000 0.065330
xor5_254
original 0 7 10 5 3 8.000000 0.400000 0.000947
f2_232
improve 0 1206 2247 1366 1041 8.000000 0.400000 0.133933
time:24871.250700