rd53_138
improve 0 132 231 119 99 5.000000 0.208110 0.018133
4gt13-v1_93
original 0 68 143 102 75 5.000000 0.208110 0.015072
mod5mils_65
original 0 35 59 39 24 5.000000 0.208110 0.003689
mod5d1_63
original 0 22 40 26 18 5.000000 0.208110 0.004601
sym10_262
improve 0 64283 115915 69884 51603 5.000000 0.208110 11.890946
aj-e11_165
original 0 151 259 152 108 5.000000 0.208110 0.030920
hwb9_119
improve 0 207775 367989 222758 160167 5.000000 0.208110 24.464807
4gt11_83
original 0 23 32 23 9 5.000000 0.208110 0.067323
cm42a_207
original 0 1776 3102 1815 1326 5.000000 0.208110 0.112300
4gt4-v0_72
original 0 258 444 262 186 5.000000 0.208110 0.022975
max46_240
original 0 27126 48084 27857 20958 5.000000 0.208110 9.998064
dc2_222
original 0 9462 17391 10567 7929 5.000000 0.208110 4.509850
sym9_193
improve 0 34881 62952 38345 28047 5.000000 0.208110 7.090031
rd53_135
improve 0 296 515 302 219 5.000000 0.208110 0.036076
mod10_171
original 0 244 415 261 171 5.000000 0.208110 0.018627
ising_model_13
original 0 633 633 143 0 5.000000 0.208110 0.011284
adr4_197
original 0 3439 6307 3667 2868 5.000000 0.208110 0.942185
4gt11_84
original 0 18 27 17 9 5.000000 0.208110 0.003082
4gt11_82
original 0 27 42 33 15 5.000000 0.208110 0.003099
wim_266
original 0 986 1724 992 738 5.000000 0.208110 0.081463
rd53_131
improve 0 469 896 582 408 5.000000 0.208110 5.943422
mod8-10_177
original 0 440 770 475 330 5.000000 0.208110 0.027572
4gt10-v1_81
original 0 148 247 152 99 5.000000 0.208110 0.011956
alu-v1_28
original 0 37 58 38 21 5.000000 0.208110 0.003252
cnt3-5_179
original 0 175 334 118 159 5.000000 0.208110 0.059357
square_root_7
improve 0 7630 14350 8134 6684 5.000000 0.208110 9.571054
one-two-three-v1_99
original 0 132 228 140 96 5.000000 0.208110 0.013103
mini_alu_305
original 0 173 311 156 138 5.000000 0.208110 0.025998
rd53_311
improve 0 275 491 240 216 5.000000 0.208110 0.029375
3_17_13
original 0 36 54 35 18 5.000000 0.208110 0.001838
rd73_252
original 0 5321 9458 5530 4137 5.000000 0.208110 4.331903
4gt4-v0_80
original 0 179 314 192 135 5.000000 0.208110 0.019109
hwb7_59
original 0 24379 42283 25199 17904 5.000000 0.208110 1.526346
ham3_102
original 0 20 35 26 15 5.000000 0.208110 0.011349
cnt3-5_180
improve 0 485 857 418 372 5.000000 0.208110 0.047917
rd53_133
original 0 580 1069 663 489 5.000000 0.208110 0.109563
4mod7-v0_94
improve 0 162 351 245 189 5.000000 0.208110 0.025041
plus63mod4096_163
original 0 128744 235238 143371 106494 5.000000 0.208110 30.733744
mini-alu_167
original 0 288 480 307 192 5.000000 0.208110 0.055505
root_255
improve 0 17159 31092 17757 13926 5.000000 0.208110 3.131104
z4_268
original 0 3073 6001 3583 2928 5.000000 0.208110 4.216415
majority_239
improve 0 612 1374 850 609 5.000000 0.208110 148.335793
ex2_227
original 0 631 1222 774 591 5.000000 0.208110 0.153018
urf2_277
improve 0 20112 37086 22954 16956 5.000000 0.208110 5.748608
one-two-three-v3_101
original 0 70 115 73 45 5.000000 0.208110 0.013567
4gt13_91
original 0 103 169 108 66 5.000000 0.208110 0.010490
4gt12-v1_89
original 0 228 405 247 177 5.000000 0.208110 0.020411
sqrt8_260
original 0 3009 5439 3234 2430 5.000000 0.208110 0.558173
rd32-v0_66
original 0 34 55 37 21 5.000000 0.208110 0.004481
sym9_148
improve 0 21504 38316 23343 16812 5.000000 0.208110 1.629734
4gt5_75
original 0 83 137 84 54 5.000000 0.208110 0.015320
0410184_169
improve 0 211 379 190 168 5.000000 0.208110 0.023817
urf2_152
improve 0 80480 138965 83094 58485 5.000000 0.208110 4.809038
urf1_278
improve 0 54766 99957 61842 45153 5.000000 0.208110 15.023256
sym6_145
improve 0 3888 6750 4170 2862 5.000000 0.208110 0.231979
alu-v2_32
original 0 163 286 180 123 5.000000 0.208110 0.012942
4gt12-v0_88
original 0 194 317 202 123 5.000000 0.208110 0.013019
squar5_261
original 0 1993 3580 2055 1587 5.000000 0.208110 0.150206
alu-v2_31
original 0 451 757 471 306 5.000000 0.208110 0.027737
hwb5_53
original 0 1336 2269 1414 933 5.000000 0.208110 0.072809
one-two-three-v2_100
original 0 69 114 74 45 5.000000 0.208110 0.006767
cycle10_2_110
original 0 6050 11057 6757 5007 5.000000 0.208110 4.452678
urf6_160
improve 0 171840 314005 181875 142113 5.000000 0.208110 31.383186
ising_model_10
original 0 480 480 110 0 5.000000 0.208110 0.058706
sys6-v0_111
original 0 215 377 156 162 5.000000 0.208110 0.016938
plus63mod8192_164
improve 0 187112 340569 207377 153297 5.000000 0.208110 68.362117
mod5adder_127
improve 0 555 1023 663 468 5.000000 0.208110 0.093580
rd73_140
original 0 230 395 196 165 5.000000 0.208110 0.029079
4mod5-v1_23
original 0 69 120 80 51 5.000000 0.208110 0.005534
graycode6_47
original 0 5 5 5 0 5.000000 0.208110 0.001011
ising_model_16
original 0 786 786 176 0 5.000000 0.208110 0.010688
ham7_104
improve 0 320 665 431 345 5.000000 0.208110 0.132074
ex-1_166
original 0 19 31 21 12 5.000000 0.208110 0.002367
decod24-v3_45
original 0 150 303 191 153 5.000000 0.208110 0.090811
urf4_187
improve 0 512064 906445 518334 394326 5.000000 0.208110 50.882842
life_238
original 0 22445 41222 25285 18777 5.000000 0.208110 14.663490
con1_216
improve 0 954 1805 1060 843 5.000000 0.208110 1.160762
hwb6_56
improve 0 6723 11805 7125 5082 5.000000 0.208110 0.441084
mod10_176
original 0 178 289 178 111 5.000000 0.208110 0.016168
ex1_226
original 0 7 10 5 3 5.000000 0.208110 0.001448
sf_276
original 0 778 1471 940 693 5.000000 0.208110 0.880169
cm152a_212
improve 0 1221 2457 1571 1233 5.000000 0.208110 0.788976
4gt12-v0_87
original 0 247 430 260 183 5.000000 0.208110 0.020856
decod24-enable_126
original 0 338 584 356 246 5.000000 0.208110 0.023148
radd_250
original 0 3213 5793 3471 2580 5.000000 0.208110 0.269062
pm1_249
original 0 1776 3102 1815 1326 5.000000 0.208110 0.111080
sf_274
improve 0 781 1552 1006 771 5.000000 0.208110 0.082086
miller_11
original 0 50 86 59 36 5.000000 0.208110 0.004814
rd53_251
original 0 1291 2266 1359 975 5.000000 0.208110 0.076592
mlp4_245
improve 0 18852 34563 20792 15654 5.000000 0.208110 19.520570
9symml_195
improve 0 34881 62952 38345 28047 5.000000 0.208110 6.998597
rd84_142
original 0 343 616 246 273 5.000000 0.208110 0.165059
inc_237
improve 0 10619 19892 12559 9273 5.000000 0.208110 1.591196
sqn_258
improve 0 10223 18479 11167 8250 5.000000 0.208110 1.176869
alu-v2_33
original 0 37 61 39 24 5.000000 0.208110 0.005357
sao2_257
original 0 38577 69651 38809 31074 5.000000 0.208110 23.247588
co14_215
original 0 17936 33506 17656 15570 5.000000 0.208110 9.298569
decod24-v1_41
original 0 85 178 119 93 5.000000 0.208110 0.112954
4mod5-v0_20
original 0 20 29 18 9 5.000000 0.208110 0.001933
alu-v4_37
original 0 37 58 37 21 5.000000 0.208110 0.003765
urf3_155
improve 0 423488 747324 438189 323790 5.000000 0.208110 42.172137
misex1_241
improve 0 4813 8503 5200 3690 5.000000 0.208110 0.418098
alu-v0_27
original 0 36 57 37 21 5.000000 0.208110 0.005339
4mod5-v1_24
original 0 36 78 40 42 5.000000 0.208110 0.011707
4mod7-v1_96
original 0 164 278 180 114 5.000000 0.208110 0.012837
cm82a_208
improve 0 650 1130 658 480 5.000000 0.208110 0.055272
ham15_107
original 0 8763 16374 9906 7611 5.000000 0.208110 2.270238
0example
original 0 9 39 34 30 5.000000 0.208110 0.019174
dc1_220
improve 0 1914 3498 2163 1584 5.000000 0.208110 0.209527
4gt4-v1_74
original 0 273 468 286 195 5.000000 0.208110 0.021220
rd32-v1_68
original 0 36 57 37 21 5.000000 0.208110 0.003463
decod24-v0_38
original 0 51 84 54 33 5.000000 0.208110 0.006176
sym6_316
improve 0 270 516 277 246 5.000000 0.208110 0.033002
alu-v0_26
original 0 84 138 85 54 5.000000 0.208110 0.007281
clip_206
improve 0 33827 62094 36480 28215 5.000000 0.208110 21.115653
4mod5-v0_18
original 0 69 111 72 42 5.000000 0.208110 0.016370
cm85a_209
original 0 11414 21068 13083 9654 5.000000 0.208110 29.975108
alu-v4_36
original 0 115 193 117 78 5.000000 0.208110 0.008744
one-two-three-v0_97
original 0 290 569 355 279 5.000000 0.208110 0.043550
4gt13_90
original 0 107 179 116 72 5.000000 0.208110 0.009361
mod5d2_64
original 0 53 89 60 36 5.000000 0.208110 0.005031
ground_state_estimation_10
improve 0 390180 459102 207260 68922 5.000000 0.208110 12.285969
C17_204
original 0 467 815 480 348 5.000000 0.208110 0.145652
4gt13_92
original 0 66 156 105 90 5.000000 0.208110 0.015047
rd53_130
original 0 1043 1778 1065 735 5.000000 0.208110 0.068664
alu-v3_34
original 0 52 82 53 30 5.000000 0.208110 0.005182
decod24-bdd_294
original 0 73 118 72 45 5.000000 0.208110 0.008727
4gt5_76
original 0 91 163 114 72 5.000000 0.208110 0.009004
sym9_146
original 0 328 592 261 264 5.000000 0.208110 0.035676
4mod5-v1_22
original 0 21 33 21 12 5.000000 0.208110 0.002856
rd32_270
original 0 84 141 86 57 5.000000 0.208110 0.008366
hwb4_49
original 0 233 398 250 165 5.000000 0.208110 0.018605
urf5_280
improve 0 49829 89549 54355 39708 5.000000 0.208110 7.182943
4gt5_77
original 0 131 218 128 87 5.000000 0.208110 0.024656
rd84_253
original 0 13658 24791 14415 11133 5.000000 0.208110 4.168609
4_49_16
improve 0 217 421 281 204 5.000000 0.208110 0.025240
qft_10
original 0 200 296 93 96 5.000000 0.208110 0.104061
4mod5-bdd_287
original 0 70 121 75 51 5.000000 0.208110 0.007887
qft_16
improve 0 512 929 275 405 5.000000 0.208110 2.433225
urf1_149
original 0 184864 320896 188602 136032 5.000000 0.208110 11.797610
urf5_158
original 0 164416 293044 173668 128628 5.000000 0.208110 12.128008
urf3_279
original 0 125362 233881 142327 108519 5.000000 0.208110 35.299763
4gt12-v0_86
original 0 251 437 266 186 5.000000 0.208110 0.051600
4gt4-v0_73
original 0 395 689 438 294 5.000000 0.208110 0.023223
alu-v1_29
original 0 37 58 37 21 5.000000 0.208110 0.004039
alu-bdd_288
original 0 84 147 87 63 5.000000 0.208110 0.009745
decod24-v2_43
original 0 52 82 52 30 5.000000 0.208110 0.004713
mod8-10_178
original 0 342 573 345 231 5.000000 0.208110 0.021708
one-two-three-v0_98
original 0 146 302 192 156 5.000000 0.208110 1.569297
4gt4-v0_78
original 0 235 418 268 183 5.000000 0.208110 0.025641
4mod5-v0_19
original 0 35 56 37 21 5.000000 0.208110 0.004157
alu-v2_30
improve 0 504 969 633 465 5.000000 0.208110 0.046182
alu-v3_35
original 0 37 58 37 21 5.000000 0.208110 0.004012
dist_223
improve 0 38046 69557 40627 31473 5.000000 0.208110 15.939841
4gt4-v0_79
original 0 231 414 260 183 5.000000 0.208110 0.032451
hwb8_113
improve 0 69380 120809 73296 51423 5.000000 0.208110 10.471010
ex3_229
improve 0 403 772 498 369 5.000000 0.208110 0.055969
xor5_254
original 0 7 10 5 3 5.000000 0.208110 0.001050
f2_232
original 0 1206 2253 1430 1047 5.000000 0.208110 0.364982
time:17144.333329