rd53_138
improve 0 132 225 113 93 3.000000 0.481000 0.013348
4gt13-v1_93
original 0 68 143 102 75 3.000000 0.481000 0.013364
mod5mils_65
original 0 35 59 39 24 3.000000 0.481000 0.001804
mod5d1_63
original 0 22 40 26 18 3.000000 0.481000 0.003773
sym10_262
original 0 64283 118241 69654 53958 3.000000 0.481000 26.472009
aj-e11_165
original 0 151 271 161 120 3.000000 0.481000 0.042529
hwb9_119
improve 0 207775 375041 223561 167202 3.000000 0.481000 27.644753
4gt11_83
original 0 23 32 23 9 3.000000 0.481000 0.065153
cm42a_207
original 0 1776 3207 1870 1431 3.000000 0.481000 0.133734
4gt4-v0_72
original 0 258 432 242 174 3.000000 0.481000 0.016103
max46_240
original 0 27126 48972 27853 21846 3.000000 0.481000 2.238373
dc2_222
original 0 9462 17568 10481 8106 3.000000 0.481000 1.637894
sym9_193
improve 0 34881 63869 38096 28977 3.000000 0.481000 5.988393
rd53_135
improve 0 296 533 323 237 3.000000 0.481000 0.031068
mod10_171
original 0 244 436 274 192 3.000000 0.481000 0.014693
ising_model_13
original 0 633 633 143 0 3.000000 0.481000 0.005742
adr4_197
improve 0 3439 6718 3985 3270 3.000000 0.481000 3.500230
4gt11_84
original 0 18 27 17 9 3.000000 0.481000 0.002653
4gt11_82
original 0 27 42 33 15 3.000000 0.481000 0.002270
wim_266
improve 0 986 1790 1031 804 3.000000 0.481000 0.072008
rd53_131
improve 0 469 850 540 381 3.000000 0.481000 0.035001
mod8-10_177
original 0 440 749 455 309 3.000000 0.481000 0.025729
4gt10-v1_81
original 0 148 256 162 108 3.000000 0.481000 0.010868
alu-v1_28
original 0 37 61 39 24 3.000000 0.481000 0.002893
cnt3-5_179
original 0 175 346 133 171 3.000000 0.481000 0.924995
square_root_7
original 0 7630 14305 7945 6675 3.000000 0.481000 5.995028
one-two-three-v1_99
original 0 132 222 135 90 3.000000 0.481000 0.012846
mini_alu_305
original 0 173 317 154 144 3.000000 0.481000 0.035726
rd53_311
improve 0 275 503 238 228 3.000000 0.481000 0.032955
3_17_13
original 0 36 54 35 18 3.000000 0.481000 0.002141
rd73_252
improve 0 5321 9542 5436 4206 3.000000 0.481000 2.438468
4gt4-v0_80
original 0 179 311 190 132 3.000000 0.481000 0.016395
hwb7_59
improve 0 24379 42934 25100 18555 3.000000 0.481000 1.522755
ham3_102
original 0 20 35 26 15 3.000000 0.481000 0.010006
cnt3-5_180
original 0 485 887 431 402 3.000000 0.481000 0.059125
rd53_133
improve 0 580 1150 751 570 3.000000 0.481000 0.042566
4mod7-v0_94
improve 0 162 336 225 174 3.000000 0.481000 0.018862
plus63mod4096_163
improve 0 128744 238336 143338 109386 3.000000 0.481000 85.026842
mini-alu_167
original 0 288 486 293 198 3.000000 0.481000 0.052082
root_255
original 0 17159 31247 17445 14088 3.000000 0.481000 3.491308
z4_268
original 0 3073 5944 3411 2871 3.000000 0.481000 11.409542
majority_239
original 0 612 1284 805 672 3.000000 0.481000 150.388703
ex2_227
improve 0 631 1276 812 645 3.000000 0.481000 0.135474
urf2_277
original 0 20112 37833 23068 17721 3.000000 0.481000 5.872466
one-two-three-v3_101
original 0 70 115 71 45 3.000000 0.481000 0.013171
4gt13_91
original 0 103 169 105 66 3.000000 0.481000 0.008803
4gt12-v1_89
original 0 228 384 230 156 3.000000 0.481000 0.014155
sqrt8_260
improve 0 3009 5436 3189 2427 3.000000 0.481000 0.256834
rd32-v0_66
original 0 34 55 37 21 3.000000 0.481000 0.003295
sym9_148
improve 0 21504 39185 23185 17658 3.000000 0.481000 6.988510
4gt5_75
original 0 83 134 75 51 3.000000 0.481000 0.013800
0410184_169
original 0 211 391 208 180 3.000000 0.481000 0.025358
urf2_152
original 0 80480 140360 82554 59880 3.000000 0.481000 4.889646
urf1_278
improve 0 54766 102414 62355 47631 3.000000 0.481000 8.481339
sym6_145
improve 0 3888 6816 4076 2928 3.000000 0.481000 0.261443
alu-v2_32
original 0 163 286 176 123 3.000000 0.481000 0.013628
4gt12-v0_88
improve 0 194 326 196 132 3.000000 0.481000 0.015630
squar5_261
original 0 1993 3619 2104 1626 3.000000 0.481000 0.184927
alu-v2_31
improve 0 451 784 483 333 3.000000 0.481000 0.029951
hwb5_53
improve 0 1336 2365 1459 1029 3.000000 0.481000 0.074414
one-two-three-v2_100
original 0 69 114 73 45 3.000000 0.481000 0.003410
cycle10_2_110
improve 0 6050 11385 7024 5307 3.000000 0.481000 20.497901
urf6_160
improve 0 171840 313374 180100 141498 3.000000 0.481000 21.813542
ising_model_10
original 0 480 480 110 0 3.000000 0.481000 0.055978
sys6-v0_111
improve 0 215 377 172 162 3.000000 0.481000 0.023387
plus63mod8192_164
improve 0 187112 346152 208619 158844 3.000000 0.481000 61.768089
mod5adder_127
original 0 555 1002 593 447 3.000000 0.481000 0.088797
rd73_140
original 0 230 398 197 168 3.000000 0.481000 0.019485
4mod5-v1_23
original 0 69 120 77 51 3.000000 0.481000 0.006885
graycode6_47
original 0 5 5 5 0 3.000000 0.481000 0.000588
ising_model_16
original 0 786 786 176 0 3.000000 0.481000 0.009413
ham7_104
improve 0 320 668 442 348 3.000000 0.481000 0.088201
ex-1_166
original 0 19 31 21 12 3.000000 0.481000 0.002186
decod24-v3_45
original 0 150 303 191 153 3.000000 0.481000 0.085330
urf4_187
improve 0 512064 917777 516412 405648 3.000000 0.481000 43.104720
life_238
improve 0 22445 40602 24467 18135 3.000000 0.481000 5.551682
con1_216
improve 0 954 1758 1007 804 3.000000 0.481000 0.099900
hwb6_56
original 0 6723 11832 7071 5109 3.000000 0.481000 0.437978
mod10_176
improve 0 178 301 179 123 3.000000 0.481000 0.013933
ex1_226
original 0 7 10 5 3 3.000000 0.481000 0.000893
sf_276
original 0 778 1438 877 660 3.000000 0.481000 0.117270
cm152a_212
improve 0 1221 2271 1371 1047 3.000000 0.481000 1.042922
4gt12-v0_87
improve 0 247 424 252 177 3.000000 0.481000 0.016085
decod24-enable_126
original 0 338 596 359 258 3.000000 0.481000 0.019790
radd_250
original 0 3213 5760 3356 2547 3.000000 0.481000 0.275296
pm1_249
original 0 1776 3207 1870 1431 3.000000 0.481000 0.133316
sf_274
improve 0 781 1429 899 648 3.000000 0.481000 0.109562
miller_11
original 0 50 86 59 36 3.000000 0.481000 0.003520
rd53_251
original 0 1291 2197 1288 906 3.000000 0.481000 0.072767
mlp4_245
original 0 18852 34842 20649 15990 3.000000 0.481000 9.193437
9symml_195
improve 0 34881 63869 38096 28977 3.000000 0.481000 6.149362
rd84_142
original 0 343 655 239 312 3.000000 0.481000 0.146433
inc_237
improve 0 10619 19775 12104 9156 3.000000 0.481000 1.105769
sqn_258
original 0 10223 18833 11022 8610 3.000000 0.481000 14.028083
alu-v2_33
original 0 37 61 39 24 3.000000 0.481000 0.004745
sao2_257
improve 0 38577 71940 39984 33315 3.000000 0.481000 17.795808
co14_215
original 0 17936 34775 18309 16839 3.000000 0.481000 14.761437
decod24-v1_41
improve 0 85 181 122 96 3.000000 0.481000 0.016803
4mod5-v0_20
original 0 20 29 18 9 3.000000 0.481000 0.001260
alu-v4_37
original 0 37 58 37 21 3.000000 0.481000 0.002678
urf3_155
improve 0 423488 752389 435878 328821 3.000000 0.481000 43.592293
misex1_241
original 0 4813 8629 5164 3816 3.000000 0.481000 0.413630
alu-v0_27
original 0 36 57 37 21 3.000000 0.481000 0.003057
4mod5-v1_24
original 0 36 75 37 39 3.000000 0.481000 0.010272
4mod7-v1_96
original 0 164 284 185 120 3.000000 0.481000 0.018661
cm82a_208
improve 0 650 1112 636 462 3.000000 0.481000 0.047980
ham15_107
improve 0 8763 16180 9861 7413 3.000000 0.481000 2.302555
0example
original 0 9 39 34 30 3.000000 0.481000 0.019051
dc1_220
improve 0 1914 3594 2208 1680 3.000000 0.481000 0.191983
4gt4-v1_74
original 0 273 465 275 192 3.000000 0.481000 0.016854
rd32-v1_68
original 0 36 57 37 21 3.000000 0.481000 0.001688
decod24-v0_38
original 0 51 84 52 33 3.000000 0.481000 0.003463
sym6_316
original 0 270 513 263 243 3.000000 0.481000 0.032405
alu-v0_26
original 0 84 147 92 63 3.000000 0.481000 0.004859
clip_206
improve 0 33827 62951 37120 29097 3.000000 0.481000 7.957860
4mod5-v0_18
original 0 69 111 71 42 3.000000 0.481000 0.014248
cm85a_209
improve 0 11414 21417 13434 9972 3.000000 0.481000 12.066210
alu-v4_36
original 0 115 193 116 78 3.000000 0.481000 0.013668
one-two-three-v0_97
original 0 290 563 349 273 3.000000 0.481000 0.030306
4gt13_90
original 0 107 173 108 66 3.000000 0.481000 0.009006
mod5d2_64
original 0 53 92 58 39 3.000000 0.481000 0.003991
ground_state_estimation_10
original 0 390180 463143 210964 72963 3.000000 0.481000 11.877299
C17_204
improve 0 467 815 478 348 3.000000 0.481000 0.141261
4gt13_92
original 0 66 156 105 90 3.000000 0.481000 0.017483
rd53_130
improve 0 1043 1814 1052 771 3.000000 0.481000 0.075888
alu-v3_34
original 0 52 85 53 33 3.000000 0.481000 0.003562
decod24-bdd_294
original 0 73 121 78 48 3.000000 0.481000 0.003870
4gt5_76
original 0 91 163 113 72 3.000000 0.481000 0.008664
sym9_146
original 0 328 628 291 300 3.000000 0.481000 0.042845
4mod5-v1_22
original 0 21 33 21 12 3.000000 0.481000 0.002042
rd32_270
original 0 84 135 83 51 3.000000 0.481000 0.005517
hwb4_49
original 0 233 401 252 168 3.000000 0.481000 0.015319
urf5_280
improve 0 49829 91181 54773 41349 3.000000 0.481000 4.423932
4gt5_77
original 0 131 209 118 78 3.000000 0.481000 0.021500
rd84_253
original 0 13658 25238 14478 11580 3.000000 0.481000 17.092654
4_49_16
improve 0 217 433 284 216 3.000000 0.481000 0.043131
qft_10
original 0 200 317 113 117 3.000000 0.481000 0.089180
4mod5-bdd_287
original 0 70 121 70 51 3.000000 0.481000 0.004033
qft_16
original 0 512 881 247 369 3.000000 0.481000 2.851644
urf1_149
improve 0 184864 321937 186474 137061 3.000000 0.481000 13.507323
urf5_158
improve 0 164416 291955 173069 127524 3.000000 0.481000 11.616500
urf3_279
improve 0 125362 237305 143638 111861 3.000000 0.481000 32.613798
4gt12-v0_86
original 0 251 437 260 186 3.000000 0.481000 0.052651
4gt4-v0_73
original 0 395 692 428 297 3.000000 0.481000 0.021874
alu-v1_29
original 0 37 58 37 21 3.000000 0.481000 0.002814
alu-bdd_288
original 0 84 153 91 69 3.000000 0.481000 0.009417
decod24-v2_43
original 0 52 82 52 30 3.000000 0.481000 0.003326
mod8-10_178
improve 0 342 597 340 255 3.000000 0.481000 0.021552
one-two-three-v0_98
original 0 146 302 194 156 3.000000 0.481000 1.496592
4gt4-v0_78
original 0 235 406 254 171 3.000000 0.481000 0.027466
4mod5-v0_19
original 0 35 59 38 24 3.000000 0.481000 0.002021
alu-v2_30
original 0 504 960 620 456 3.000000 0.481000 0.039662
alu-v3_35
original 0 37 58 37 21 3.000000 0.481000 0.002883
dist_223
improve 0 38046 69907 39903 31767 3.000000 0.481000 30.569361
4gt4-v0_79
original 0 231 399 246 168 3.000000 0.481000 0.034825
hwb8_113
improve 0 69380 123710 73478 54318 3.000000 0.481000 6.083984
ex3_229
improve 0 403 829 535 426 3.000000 0.481000 0.108173
xor5_254
original 0 7 10 5 3 3.000000 0.481000 0.000939
f2_232
improve 0 1206 2283 1476 1077 3.000000 0.481000 0.418503
time:1603.048536