rd53_138
original 0 132 225 108 93 6.000000 0.110000 0.017497
4gt13-v1_93
original 0 68 143 102 75 6.000000 0.110000 0.010992
mod5mils_65
original 0 35 59 40 24 6.000000 0.110000 0.002123
mod5d1_63
original 0 22 40 26 18 6.000000 0.110000 0.002930
sym10_262
improve 0 64283 116135 69770 51819 6.000000 0.110000 20.625754
aj-e11_165
original 0 151 262 165 111 6.000000 0.110000 0.049728
hwb9_119
improve 0 207775 371791 223257 163944 6.000000 0.110000 29.421955
4gt11_83
original 0 23 32 23 9 6.000000 0.110000 0.070830
cm42a_207
improve 0 1776 3102 1787 1326 6.000000 0.110000 0.123138
4gt4-v0_72
improve 0 258 429 248 171 6.000000 0.110000 0.018677
max46_240
improve 0 27126 48221 28492 21087 6.000000 0.110000 3.330761
dc2_222
original 0 9462 17319 10418 7857 6.000000 0.110000 4.182889
sym9_193
improve 0 34881 63287 38416 28374 6.000000 0.110000 6.780767
rd53_135
improve 0 296 530 312 234 6.000000 0.110000 0.033083
mod10_171
original 0 244 442 270 198 6.000000 0.110000 0.018824
ising_model_13
original 0 633 633 143 0 6.000000 0.110000 0.006190
adr4_197
improve 0 3439 6460 3832 3009 6.000000 0.110000 3.396314
4gt11_84
original 0 18 27 17 9 6.000000 0.110000 0.002265
4gt11_82
original 0 27 42 33 15 6.000000 0.110000 0.001740
wim_266
improve 0 986 1754 996 762 6.000000 0.110000 1.228366
rd53_131
original 0 469 850 510 381 6.000000 0.110000 0.037574
mod8-10_177
improve 0 440 776 480 336 6.000000 0.110000 0.037361
4gt10-v1_81
original 0 148 253 157 105 6.000000 0.110000 0.011551
alu-v1_28
original 0 37 61 36 24 6.000000 0.110000 0.003157
cnt3-5_179
original 0 175 343 147 168 6.000000 0.110000 0.944266
square_root_7
original 0 7630 13993 7314 6363 6.000000 0.110000 1.245155
one-two-three-v1_99
original 0 132 231 144 99 6.000000 0.110000 0.011427
mini_alu_305
original 0 173 314 149 141 6.000000 0.110000 0.032229
rd53_311
improve 0 275 488 246 213 6.000000 0.110000 0.023701
3_17_13
original 0 36 54 35 18 6.000000 0.110000 0.001900
rd73_252
improve 0 5321 9560 5605 4239 6.000000 0.110000 0.428182
4gt4-v0_80
original 0 179 317 187 138 6.000000 0.110000 0.012756
hwb7_59
original 0 24379 42505 25372 18126 6.000000 0.110000 1.451415
ham3_102
original 0 20 35 26 15 6.000000 0.110000 0.009410
cnt3-5_180
improve 0 485 854 420 369 6.000000 0.110000 0.041021
rd53_133
original 0 580 1045 645 465 6.000000 0.110000 0.085183
4mod7-v0_94
original 0 162 354 248 192 6.000000 0.110000 0.031427
plus63mod4096_163
improve 0 128744 236764 142174 107961 6.000000 0.110000 22.012606
mini-alu_167
original 0 288 501 314 213 6.000000 0.110000 0.056754
root_255
improve 0 17159 31068 17581 13902 6.000000 0.110000 2.895985
z4_268
original 0 3073 5617 3292 2544 6.000000 0.110000 0.325054
majority_239
improve 0 612 1200 738 558 6.000000 0.110000 13.987828
ex2_227
improve 0 631 1186 733 555 6.000000 0.110000 0.122109
urf2_277
improve 0 20112 37476 22883 17358 6.000000 0.110000 3.821873
one-two-three-v3_101
original 0 70 115 66 45 6.000000 0.110000 0.013184
4gt13_91
original 0 103 169 105 66 6.000000 0.110000 0.008932
4gt12-v1_89
original 0 228 414 251 186 6.000000 0.110000 0.021317
sqrt8_260
original 0 3009 5430 3171 2421 6.000000 0.110000 0.255544
rd32-v0_66
original 0 34 55 37 21 6.000000 0.110000 0.002729
sym9_148
improve 0 21504 39016 24335 17496 6.000000 0.110000 3.941964
4gt5_75
original 0 83 134 81 51 6.000000 0.110000 0.015499
0410184_169
original 0 211 394 200 183 6.000000 0.110000 0.028024
urf2_152
improve 0 80480 138833 82899 58353 6.000000 0.110000 4.815740
urf1_278
original 0 54766 100573 61327 45807 6.000000 0.110000 7.007076
sym6_145
original 0 3888 6750 4094 2862 6.000000 0.110000 0.238433
alu-v2_32
original 0 163 283 177 120 6.000000 0.110000 0.008816
4gt12-v0_88
original 0 194 320 196 126 6.000000 0.110000 0.009804
squar5_261
improve 0 1993 3568 2056 1575 6.000000 0.110000 0.148769
alu-v2_31
original 0 451 763 481 312 6.000000 0.110000 0.023471
hwb5_53
improve 0 1336 2320 1446 984 6.000000 0.110000 0.074276
one-two-three-v2_100
original 0 69 114 73 45 6.000000 0.110000 0.006936
cycle10_2_110
original 0 6050 11042 6704 4992 6.000000 0.110000 0.719495
urf6_160
original 0 171840 313506 180659 141666 6.000000 0.110000 29.539943
ising_model_10
original 0 480 480 110 0 6.000000 0.110000 0.062699
sys6-v0_111
improve 0 215 368 163 153 6.000000 0.110000 0.018442
plus63mod8192_164
improve 0 187112 341838 205771 154515 6.000000 0.110000 102.007073
mod5adder_127
improve 0 555 996 621 441 6.000000 0.110000 0.097570
rd73_140
original 0 230 383 182 153 6.000000 0.110000 0.024776
4mod5-v1_23
original 0 69 114 74 45 6.000000 0.110000 0.003797
graycode6_47
original 0 5 5 5 0 6.000000 0.110000 0.000726
ising_model_16
original 0 786 786 176 0 6.000000 0.110000 0.008453
ham7_104
original 0 320 647 417 327 6.000000 0.110000 0.082895
ex-1_166
original 0 19 31 21 12 6.000000 0.110000 0.001432
decod24-v3_45
original 0 150 321 209 171 6.000000 0.110000 0.080671
urf4_187
improve 0 512064 906145 511985 394026 6.000000 0.110000 46.747128
life_238
improve 0 22445 40363 24586 17910 6.000000 0.110000 3.531327
con1_216
improve 0 954 1776 1044 822 6.000000 0.110000 0.134416
hwb6_56
original 0 6723 11739 6986 5016 6.000000 0.110000 0.394477
mod10_176
original 0 178 310 187 132 6.000000 0.110000 0.014519
ex1_226
original 0 7 10 6 3 6.000000 0.110000 0.000956
sf_276
improve 0 778 1489 938 711 6.000000 0.110000 0.067517
cm152a_212
original 0 1221 2439 1523 1218 6.000000 0.110000 2.759549
4gt12-v0_87
improve 0 247 418 239 171 6.000000 0.110000 0.021070
decod24-enable_126
original 0 338 590 367 252 6.000000 0.110000 0.017829
radd_250
improve 0 3213 5805 3431 2592 6.000000 0.110000 0.233671
pm1_249
improve 0 1776 3102 1787 1326 6.000000 0.110000 0.127478
sf_274
improve 0 781 1441 901 660 6.000000 0.110000 0.078689
miller_11
original 0 50 86 59 36 6.000000 0.110000 0.002775
rd53_251
improve 0 1291 2293 1360 1002 6.000000 0.110000 0.081041
mlp4_245
original 0 18852 34293 20351 15441 6.000000 0.110000 3.219718
9symml_195
improve 0 34881 63287 38416 28374 6.000000 0.110000 6.831551
rd84_142
improve 0 343 628 237 285 6.000000 0.110000 0.063020
inc_237
improve 0 10619 19352 11956 8733 6.000000 0.110000 1.153805
sqn_258
original 0 10223 18209 10636 7986 6.000000 0.110000 21.105318
alu-v2_33
original 0 37 61 33 24 6.000000 0.110000 0.008022
sao2_257
original 0 38577 70092 38927 31515 6.000000 0.110000 4.757564
co14_215
improve 0 17936 33880 18175 15927 6.000000 0.110000 6.482963
decod24-v1_41
original 0 85 178 119 93 6.000000 0.110000 0.018482
4mod5-v0_20
original 0 20 32 19 12 6.000000 0.110000 0.001551
alu-v4_37
original 0 37 58 33 21 6.000000 0.110000 0.002126
urf3_155
original 0 423488 745169 437780 321681 6.000000 0.110000 33.209838
misex1_241
improve 0 4813 8722 5230 3909 6.000000 0.110000 0.421226
alu-v0_27
original 0 36 60 34 24 6.000000 0.110000 0.003524
4mod5-v1_24
original 0 36 75 41 39 6.000000 0.110000 0.007900
4mod7-v1_96
original 0 164 287 168 123 6.000000 0.110000 0.009914
cm82a_208
improve 0 650 1175 686 525 6.000000 0.110000 0.049647
ham15_107
original 0 8763 16197 9676 7434 6.000000 0.110000 9.501142
0example
original 0 9 36 31 27 6.000000 0.110000 0.018354
dc1_220
improve 0 1914 3522 2095 1608 6.000000 0.110000 0.172352
4gt4-v1_74
original 0 273 471 293 198 6.000000 0.110000 0.016947
rd32-v1_68
original 0 36 57 37 21 6.000000 0.110000 0.001925
decod24-v0_38
original 0 51 81 52 30 6.000000 0.110000 0.002730
sym6_316
original 0 270 489 261 219 6.000000 0.110000 0.025816
alu-v0_26
original 0 84 144 88 60 6.000000 0.110000 0.005816
clip_206
improve 0 33827 61718 35810 27870 6.000000 0.110000 8.305083
4mod5-v0_18
original 0 69 111 71 42 6.000000 0.110000 0.014711
cm85a_209
original 0 11414 21329 13168 9915 6.000000 0.110000 4.338056
alu-v4_36
original 0 115 199 122 84 6.000000 0.110000 0.011547
one-two-three-v0_97
improve 0 290 545 336 255 6.000000 0.110000 0.026862
4gt13_90
original 0 107 179 113 72 6.000000 0.110000 0.006217
mod5d2_64
original 0 53 92 61 39 6.000000 0.110000 0.005305
ground_state_estimation_10
original 0 390180 450666 206409 60486 6.000000 0.110000 12.237934
C17_204
improve 0 467 806 486 339 6.000000 0.110000 0.150634
4gt13_92
original 0 66 156 105 90 6.000000 0.110000 0.013642
rd53_130
improve 0 1043 1766 1025 723 6.000000 0.110000 0.056497
alu-v3_34
original 0 52 85 55 33 6.000000 0.110000 0.003022
decod24-bdd_294
original 0 73 118 75 45 6.000000 0.110000 0.003911
4gt5_76
original 0 91 160 110 69 6.000000 0.110000 0.004705
sym9_146
improve 0 328 586 273 258 6.000000 0.110000 0.027280
4mod5-v1_22
original 0 21 33 22 12 6.000000 0.110000 0.001575
rd32_270
original 0 84 141 87 57 6.000000 0.110000 0.004182
hwb4_49
original 0 233 392 240 159 6.000000 0.110000 0.013496
urf5_280
improve 0 49829 90476 54970 40626 6.000000 0.110000 9.017271
4gt5_77
original 0 131 218 133 87 6.000000 0.110000 0.022407
rd84_253
original 0 13658 24830 14212 11172 6.000000 0.110000 3.224754
4_49_16
improve 0 217 424 281 207 6.000000 0.110000 0.027587
qft_10
original 0 200 302 107 102 6.000000 0.110000 0.136761
4mod5-bdd_287
original 0 70 121 76 51 6.000000 0.110000 0.003992
qft_16
original 0 512 878 261 366 6.000000 0.110000 10.300585
urf1_149
improve 0 184864 320032 187736 135168 6.000000 0.110000 11.777455
urf5_158
improve 0 164416 289039 172391 124596 6.000000 0.110000 15.334111
urf3_279
improve 0 125362 233087 141768 107628 6.000000 0.110000 34.163928
4gt12-v0_86
original 0 251 434 251 183 6.000000 0.110000 0.053830
4gt4-v0_73
original 0 395 674 415 279 6.000000 0.110000 0.018842
alu-v1_29
original 0 37 61 34 24 6.000000 0.110000 0.002689
alu-bdd_288
original 0 84 147 95 63 6.000000 0.110000 0.005032
decod24-v2_43
original 0 52 82 52 30 6.000000 0.110000 0.002586
mod8-10_178
original 0 342 600 361 258 6.000000 0.110000 0.019107
one-two-three-v0_98
original 0 146 314 195 168 6.000000 0.110000 0.887397
4gt4-v0_78
improve 0 235 409 261 174 6.000000 0.110000 0.022638
4mod5-v0_19
original 0 35 59 40 24 6.000000 0.110000 0.002218
alu-v2_30
original 0 504 966 601 462 6.000000 0.110000 0.042053
alu-v3_35
original 0 37 58 33 21 6.000000 0.110000 0.002266
dist_223
improve 0 38046 68605 39234 30543 6.000000 0.110000 6.391966
4gt4-v0_79
improve 0 231 402 255 171 6.000000 0.110000 0.032630
hwb8_113
improve 0 69380 122176 73856 52776 6.000000 0.110000 8.339878
ex3_229
improve 0 403 853 568 450 6.000000 0.110000 0.274111
xor5_254
original 0 7 10 6 3 6.000000 0.110000 0.001051
f2_232
original 0 1206 2295 1453 1089 6.000000 0.110000 0.135270
time:37087.472950