rd53_138
original 0 132 240 122 108 1.000000 0.172000 0.020827
4gt13-v1_93
original 0 68 149 107 81 1.000000 0.172000 0.015942
mod5mils_65
original 0 35 59 36 24 1.000000 0.172000 0.003457
mod5d1_63
original 0 22 40 26 18 1.000000 0.172000 0.004991
sym10_262
original 0 64283 121976 74183 57693 1.000000 0.172000 42.144369
aj-e11_165
original 0 151 268 176 117 1.000000 0.172000 0.032834
hwb9_119
improve 0 207775 389235 238676 181239 1.000000 0.172000 80.357035
4gt11_83
original 0 23 32 23 9 1.000000 0.172000 0.067545
cm42a_207
improve 0 1776 3231 1946 1455 1.000000 0.172000 0.124912
4gt4-v0_72
improve 0 258 456 264 198 1.000000 0.172000 0.031530
max46_240
improve 0 27126 50331 30540 23178 1.000000 0.172000 11.954469
dc2_222
original 0 9462 17913 10861 8451 1.000000 0.172000 14.049944
sym9_193
improve 0 34881 65698 40278 30753 1.000000 0.172000 25.137275
rd53_135
improve 0 296 560 333 264 1.000000 0.172000 0.042290
mod10_171
improve 0 244 427 272 183 1.000000 0.172000 0.018000
ising_model_13
original 0 633 633 143 0 1.000000 0.172000 0.010094
adr4_197
original 0 3439 6700 3949 3261 1.000000 0.172000 2.554973
4gt11_84
original 0 18 27 17 9 1.000000 0.172000 0.003301
4gt11_82
original 0 27 39 30 12 1.000000 0.172000 0.002584
wim_266
improve 0 986 1784 1042 798 1.000000 0.172000 0.090379
rd53_131
original 0 469 847 531 378 1.000000 0.172000 0.110547
mod8-10_177
improve 0 440 782 498 342 1.000000 0.172000 0.029766
4gt10-v1_81
original 0 148 256 162 108 1.000000 0.172000 0.013440
alu-v1_28
original 0 37 61 39 24 1.000000 0.172000 0.003731
cnt3-5_179
original 0 175 370 148 195 1.000000 0.172000 0.115006
square_root_7
improve 0 7630 14405 8087 6747 1.000000 0.172000 16.704595
one-two-three-v1_99
original 0 132 228 147 96 1.000000 0.172000 0.011128
mini_alu_305
original 0 173 344 172 171 1.000000 0.172000 0.050080
rd53_311
original 0 275 515 264 240 1.000000 0.172000 0.028765
3_17_13
original 0 36 57 38 21 1.000000 0.172000 0.003107
rd73_252
improve 0 5321 9887 5865 4566 1.000000 0.172000 0.575996
4gt4-v0_80
original 0 179 326 212 147 1.000000 0.172000 0.019981
hwb7_59
improve 0 24379 44310 26923 19923 1.000000 0.172000 2.979470
ham3_102
original 0 20 29 20 9 1.000000 0.172000 0.010720
cnt3-5_180
improve 0 485 872 437 387 1.000000 0.172000 0.127638
rd53_133
original 0 580 1114 730 534 1.000000 0.172000 2.216995
4mod7-v0_94
improve 0 162 318 207 156 1.000000 0.172000 0.019816
plus63mod4096_163
improve 0 128744 247108 151898 118185 1.000000 0.172000 55.884094
mini-alu_167
original 0 288 471 280 183 1.000000 0.172000 0.053922
root_255
improve 0 17159 32790 18919 15576 1.000000 0.172000 19.176888
z4_268
improve 0 3073 5992 3635 2886 1.000000 0.172000 11.117550
majority_239
original 0 612 1206 778 594 1.000000 0.172000 0.696712
ex2_227
improve 0 631 1291 831 660 1.000000 0.172000 0.100773
urf2_277
original 0 20112 39258 24395 19146 1.000000 0.172000 3.152526
one-two-three-v3_101
original 0 70 118 74 48 1.000000 0.172000 0.013416
4gt13_91
original 0 103 181 118 78 1.000000 0.172000 0.008630
4gt12-v1_89
improve 0 228 420 262 192 1.000000 0.172000 0.021299
sqrt8_260
original 0 3009 5679 3390 2670 1.000000 0.172000 0.610598
rd32-v0_66
original 0 34 55 36 21 1.000000 0.172000 0.002663
sym9_148
improve 0 21504 39747 24824 18225 1.000000 0.172000 9.489414
4gt5_75
original 0 83 134 78 51 1.000000 0.172000 0.013645
0410184_169
improve 0 211 412 220 201 1.000000 0.172000 0.029632
urf2_152
improve 0 80480 144044 86853 63564 1.000000 0.172000 5.261134
urf1_278
improve 0 54766 105278 65372 50481 1.000000 0.172000 11.740881
sym6_145
improve 0 3888 6987 4344 3099 1.000000 0.172000 0.296436
alu-v2_32
improve 0 163 295 184 132 1.000000 0.172000 0.012028
4gt12-v0_88
original 0 194 320 194 126 1.000000 0.172000 0.015374
squar5_261
original 0 1993 3715 2154 1722 1.000000 0.172000 0.181958
alu-v2_31
improve 0 451 808 497 357 1.000000 0.172000 0.029576
hwb5_53
improve 0 1336 2374 1484 1038 1.000000 0.172000 0.075964
one-two-three-v2_100
original 0 69 123 77 54 1.000000 0.172000 0.008987
cycle10_2_110
improve 0 6050 11327 7018 5250 1.000000 0.172000 14.792461
urf6_160
original 0 171840 324438 189195 152598 1.000000 0.172000 46.646770
ising_model_10
original 0 480 480 110 0 1.000000 0.172000 0.057311
sys6-v0_111
original 0 215 395 169 180 1.000000 0.172000 0.029741
plus63mod8192_164
improve 0 187112 358544 220241 171027 1.000000 0.172000 148.820776
mod5adder_127
original 0 555 1131 694 576 1.000000 0.172000 0.338588
rd73_140
original 0 230 416 218 186 1.000000 0.172000 0.685524
4mod5-v1_23
original 0 69 111 72 42 1.000000 0.172000 0.006340
graycode6_47
original 0 5 5 5 0 1.000000 0.172000 0.001140
ising_model_16
original 0 786 786 176 0 1.000000 0.172000 0.011904
ham7_104
improve 0 320 653 427 333 1.000000 0.172000 0.063264
ex-1_166
original 0 19 31 21 12 1.000000 0.172000 0.002173
decod24-v3_45
original 0 150 318 206 168 1.000000 0.172000 0.061292
urf4_187
improve 0 512064 947939 551191 435660 1.000000 0.172000 92.418152
life_238
improve 0 22445 42410 26288 19920 1.000000 0.172000 13.305812
con1_216
improve 0 954 1896 1170 942 1.000000 0.172000 0.122839
hwb6_56
original 0 6723 12198 7443 5475 1.000000 0.172000 0.498601
mod10_176
original 0 178 298 184 120 1.000000 0.172000 0.015960
ex1_226
original 0 7 10 6 3 1.000000 0.172000 0.001549
sf_276
improve 0 778 1480 931 702 1.000000 0.172000 0.139454
cm152a_212
improve 0 1221 2370 1470 1149 1.000000 0.172000 0.266047
4gt12-v0_87
improve 0 247 430 254 183 1.000000 0.172000 0.023988
decod24-enable_126
improve 0 338 605 379 267 1.000000 0.172000 0.026559
radd_250
original 0 3213 6006 3619 2793 1.000000 0.172000 4.318629
pm1_249
improve 0 1776 3231 1946 1455 1.000000 0.172000 0.126035
sf_274
improve 0 781 1456 926 675 1.000000 0.172000 0.106188
miller_11
original 0 50 89 62 39 1.000000 0.172000 0.004509
rd53_251
original 0 1291 2350 1418 1059 1.000000 0.172000 0.100163
mlp4_245
improve 0 18852 35854 21571 16947 1.000000 0.172000 15.099678
9symml_195
improve 0 34881 65698 40278 30753 1.000000 0.172000 25.943389
rd84_142
original 0 343 676 262 333 1.000000 0.172000 0.182365
inc_237
original 0 10619 19985 12082 9366 1.000000 0.172000 3.916959
sqn_258
improve 0 10223 19354 11624 9087 1.000000 0.172000 22.257458
alu-v2_33
original 0 37 67 41 30 1.000000 0.172000 0.008901
sao2_257
improve 0 38577 74076 42153 35391 1.000000 0.172000 65.976477
co14_215
improve 0 17936 35124 19207 17100 1.000000 0.172000 30.509282
decod24-v1_41
original 0 85 187 135 102 1.000000 0.172000 0.023995
4mod5-v0_20
original 0 20 29 17 9 1.000000 0.172000 0.001284
alu-v4_37
original 0 37 64 42 27 1.000000 0.172000 0.002082
urf3_155
original 0 423488 773546 459353 350058 1.000000 0.172000 84.506689
misex1_241
improve 0 4813 8950 5538 4137 1.000000 0.172000 0.502757
alu-v0_27
original 0 36 63 41 27 1.000000 0.172000 0.005630
4mod5-v1_24
original 0 36 72 39 36 1.000000 0.172000 0.009659
4mod7-v1_96
original 0 164 290 177 126 1.000000 0.172000 0.018349
cm82a_208
original 0 650 1199 691 549 1.000000 0.172000 0.058782
ham15_107
original 0 8763 16527 10026 7764 1.000000 0.172000 4.386045
0example
original 0 9 42 27 33 1.000000 0.172000 0.025004
dc1_220
original 0 1914 3618 2200 1704 1.000000 0.172000 0.183514
4gt4-v1_74
original 0 273 483 294 210 1.000000 0.172000 0.019881
rd32-v1_68
original 0 36 57 36 21 1.000000 0.172000 0.001729
decod24-v0_38
original 0 51 84 52 33 1.000000 0.172000 0.002375
sym6_316
improve 0 270 525 294 255 1.000000 0.172000 0.054275
alu-v0_26
original 0 84 138 87 54 1.000000 0.172000 0.005285
clip_206
original 0 33827 64880 37982 31053 1.000000 0.172000 13.388183
4mod5-v0_18
original 0 69 105 66 36 1.000000 0.172000 0.013649
cm85a_209
improve 0 11414 22097 13909 10644 1.000000 0.172000 40.593934
alu-v4_36
original 0 115 196 122 81 1.000000 0.172000 0.011343
one-two-three-v0_97
original 0 290 578 371 288 1.000000 0.172000 2.971593
4gt13_90
original 0 107 188 125 81 1.000000 0.172000 0.011553
mod5d2_64
original 0 53 92 64 39 1.000000 0.172000 0.005359
ground_state_estimation_10
original 0 390180 507645 250768 117465 1.000000 0.172000 15.702197
C17_204
improve 0 467 851 502 384 1.000000 0.172000 0.164277
4gt13_92
original 0 66 162 113 96 1.000000 0.172000 0.017049
rd53_130
original 0 1043 1862 1099 819 1.000000 0.172000 0.076243
alu-v3_34
original 0 52 85 55 33 1.000000 0.172000 0.004993
decod24-bdd_294
original 0 73 118 73 45 1.000000 0.172000 0.006439
4gt5_76
original 0 91 166 119 75 1.000000 0.172000 0.010239
sym9_146
original 0 328 580 278 252 1.000000 0.172000 0.406026
4mod5-v1_22
original 0 21 33 21 12 1.000000 0.172000 0.002726
rd32_270
original 0 84 141 83 57 1.000000 0.172000 0.008265
hwb4_49
original 0 233 401 251 168 1.000000 0.172000 0.020830
urf5_280
improve 0 49829 94178 58159 44346 1.000000 0.172000 5.248891
4gt5_77
original 0 131 224 142 93 1.000000 0.172000 0.023527
rd84_253
original 0 13658 25883 15248 12225 1.000000 0.172000 11.899414
4_49_16
improve 0 217 412 271 195 1.000000 0.172000 0.033933
qft_10
improve 0 200 365 123 135 1.000000 0.172000 7.331730
4mod5-bdd_287
original 0 70 118 72 48 1.000000 0.172000 0.006598
qft_16
improve 0 512 1003 297 351 1.000000 0.172000 55.099454
urf1_149
improve 0 184864 330046 196407 145179 1.000000 0.172000 12.620559
urf5_158
original 0 164416 302836 182175 138420 1.000000 0.172000 17.662300
urf3_279
improve 0 125362 245735 152370 120273 1.000000 0.172000 36.134302
4gt12-v0_86
improve 0 251 437 264 186 1.000000 0.172000 0.053458
4gt4-v0_73
original 0 395 737 482 342 1.000000 0.172000 0.029179
alu-v1_29
original 0 37 64 41 27 1.000000 0.172000 0.004172
alu-bdd_288
original 0 84 159 92 75 1.000000 0.172000 0.015621
decod24-v2_43
original 0 52 85 55 33 1.000000 0.172000 0.004419
mod8-10_178
original 0 342 621 377 279 1.000000 0.172000 0.024611
one-two-three-v0_98
improve 0 146 299 189 153 1.000000 0.172000 0.076820
4gt4-v0_78
original 0 235 403 255 168 1.000000 0.172000 0.020511
4mod5-v0_19
original 0 35 59 36 24 1.000000 0.172000 0.003626
alu-v2_30
improve 0 504 948 598 444 1.000000 0.172000 0.042330
alu-v3_35
original 0 37 64 42 27 1.000000 0.172000 0.004143
dist_223
improve 0 38046 72078 42011 33945 1.000000 0.172000 39.773094
4gt4-v0_79
original 0 231 393 248 162 1.000000 0.172000 0.028811
hwb8_113
improve 0 69380 131860 81782 62418 1.000000 0.172000 17.028417
ex3_229
improve 0 403 838 552 435 1.000000 0.172000 0.223149
xor5_254
original 0 7 10 6 3 1.000000 0.172000 0.001037
f2_232
improve 0 1206 2253 1382 1047 1.000000 0.172000 0.144233
time:10616.474756