rd53_138
original 0 132 219 106 87 7.000000 0.211000 0.021538
4gt13-v1_93
original 0 68 143 102 75 7.000000 0.211000 0.013578
mod5mils_65
original 0 35 59 39 24 7.000000 0.211000 0.002480
mod5d1_63
original 0 22 40 26 18 7.000000 0.211000 0.004295
sym10_262
original 0 64283 114731 67237 50448 7.000000 0.211000 30.361965
aj-e11_165
original 0 151 271 159 120 7.000000 0.211000 0.033896
hwb9_119
improve 0 207775 363539 215347 155694 7.000000 0.211000 28.532987
4gt11_83
original 0 23 32 23 9 7.000000 0.211000 0.062971
cm42a_207
original 0 1776 3051 1779 1275 7.000000 0.211000 0.125754
4gt4-v0_72
original 0 258 429 242 171 7.000000 0.211000 0.017954
max46_240
original 0 27126 47742 27451 20616 7.000000 0.211000 2.141697
dc2_222
improve 0 9462 16986 10026 7485 7.000000 0.211000 20.642268
sym9_193
improve 0 34881 61562 36034 26667 7.000000 0.211000 5.190423
rd53_135
original 0 296 515 309 219 7.000000 0.211000 0.030279
mod10_171
original 0 244 427 269 183 7.000000 0.211000 0.014612
ising_model_13
original 0 633 633 143 0 7.000000 0.211000 0.009851
adr4_197
original 0 3439 6550 3790 3111 7.000000 0.211000 2.374022
4gt11_84
original 0 18 27 17 9 7.000000 0.211000 0.003430
4gt11_82
original 0 27 42 33 15 7.000000 0.211000 0.003091
wim_266
original 0 986 1718 966 732 7.000000 0.211000 0.068549
rd53_131
original 0 469 817 497 348 7.000000 0.211000 0.041139
mod8-10_177
improve 0 440 752 451 312 7.000000 0.211000 0.030592
4gt10-v1_81
original 0 148 247 153 99 7.000000 0.211000 0.014668
alu-v1_28
original 0 37 61 39 24 7.000000 0.211000 0.004132
cnt3-5_179
original 0 175 361 140 186 7.000000 0.211000 0.032060
square_root_7
improve 0 7630 14024 7625 6390 7.000000 0.211000 2.149060
one-two-three-v1_99
original 0 132 225 145 93 7.000000 0.211000 0.013251
mini_alu_305
original 0 173 317 138 144 7.000000 0.211000 0.024587
rd53_311
improve 0 275 494 251 219 7.000000 0.211000 0.028531
3_17_13
original 0 36 54 35 18 7.000000 0.211000 0.003267
rd73_252
improve 0 5321 9365 5379 4017 7.000000 0.211000 5.458167
4gt4-v0_80
improve 0 179 308 180 129 7.000000 0.211000 0.015627
hwb7_59
improve 0 24379 41695 24369 17316 7.000000 0.211000 1.446829
ham3_102
original 0 20 35 26 15 7.000000 0.211000 0.010655
cnt3-5_180
improve 0 485 866 419 381 7.000000 0.211000 0.056724
rd53_133
original 0 580 1105 684 525 7.000000 0.211000 0.110082
4mod7-v0_94
improve 0 162 345 240 183 7.000000 0.211000 0.023479
plus63mod4096_163
improve 0 128744 229919 136857 101133 7.000000 0.211000 19.800790
mini-alu_167
original 0 288 498 315 210 7.000000 0.211000 0.054230
root_255
improve 0 17159 30647 17011 13476 7.000000 0.211000 3.123024
z4_268
original 0 3073 5782 3407 2709 7.000000 0.211000 0.799011
majority_239
original 0 612 1242 764 630 7.000000 0.211000 153.840998
ex2_227
improve 0 631 1159 675 528 7.000000 0.211000 0.100769
urf2_277
improve 0 20112 37317 22833 17205 7.000000 0.211000 1.857402
one-two-three-v3_101
original 0 70 115 69 45 7.000000 0.211000 0.013579
4gt13_91
original 0 103 163 102 60 7.000000 0.211000 0.006099
4gt12-v1_89
original 0 228 384 230 156 7.000000 0.211000 0.019105
sqrt8_260
original 0 3009 5256 3018 2247 7.000000 0.211000 0.247996
rd32-v0_66
original 0 34 55 37 21 7.000000 0.211000 0.004469
sym9_148
improve 0 21504 38171 23145 16623 7.000000 0.211000 7.458791
4gt5_75
original 0 83 131 80 48 7.000000 0.211000 0.012909
0410184_169
original 0 211 373 190 162 7.000000 0.211000 0.025094
urf2_152
improve 0 80480 137372 80931 56892 7.000000 0.211000 4.844068
urf1_278
original 0 54766 99433 60208 44667 7.000000 0.211000 19.801124
sym6_145
improve 0 3888 6591 3914 2703 7.000000 0.211000 0.240973
alu-v2_32
original 0 163 274 163 111 7.000000 0.211000 0.013570
4gt12-v0_88
original 0 194 335 204 141 7.000000 0.211000 0.017116
squar5_261
improve 0 1993 3496 1945 1503 7.000000 0.211000 0.149039
alu-v2_31
original 0 451 754 463 303 7.000000 0.211000 0.029499
hwb5_53
improve 0 1336 2290 1416 954 7.000000 0.211000 0.074741
one-two-three-v2_100
original 0 69 114 74 45 7.000000 0.211000 0.006968
cycle10_2_110
original 0 6050 11168 6834 5118 7.000000 0.211000 0.971065
urf6_160
improve 0 171840 308227 175325 136368 7.000000 0.211000 17.534743
ising_model_10
original 0 480 480 110 0 7.000000 0.211000 0.055116
sys6-v0_111
improve 0 215 371 162 156 7.000000 0.211000 0.018372
plus63mod8192_164
improve 0 187112 335859 199727 148620 7.000000 0.211000 45.633103
mod5adder_127
improve 0 555 993 610 438 7.000000 0.211000 0.088173
rd73_140
original 0 230 398 193 168 7.000000 0.211000 0.019452
4mod5-v1_23
original 0 69 123 79 54 7.000000 0.211000 0.007528
graycode6_47
original 0 5 5 5 0 7.000000 0.211000 0.001119
ising_model_16
original 0 786 786 176 0 7.000000 0.211000 0.011789
ham7_104
original 0 320 653 413 333 7.000000 0.211000 0.159156
ex-1_166
original 0 19 31 21 12 7.000000 0.211000 0.002495
decod24-v3_45
original 0 150 303 191 153 7.000000 0.211000 0.083917
urf4_187
improve 0 512064 907939 501946 395844 7.000000 0.211000 41.575446
life_238
improve 0 22445 39624 23823 17160 7.000000 0.211000 2.935434
con1_216
original 0 954 1770 1033 816 7.000000 0.211000 0.182566
hwb6_56
original 0 6723 11595 6929 4872 7.000000 0.211000 0.409400
mod10_176
original 0 178 289 177 111 7.000000 0.211000 0.017433
ex1_226
original 0 7 10 5 3 7.000000 0.211000 0.000920
sf_276
original 0 778 1534 988 756 7.000000 0.211000 2.117974
cm152a_212
improve 0 1221 2388 1519 1167 7.000000 0.211000 0.253634
4gt12-v0_87
original 0 247 406 238 159 7.000000 0.211000 0.014347
decod24-enable_126
original 0 338 569 353 231 7.000000 0.211000 0.027318
radd_250
improve 0 3213 5766 3343 2553 7.000000 0.211000 0.246275
pm1_249
original 0 1776 3051 1779 1275 7.000000 0.211000 0.124574
sf_274
original 0 781 1522 947 741 7.000000 0.211000 0.090616
miller_11
original 0 50 86 59 36 7.000000 0.211000 0.004972
rd53_251
original 0 1291 2236 1349 945 7.000000 0.211000 0.079025
mlp4_245
original 0 18852 33717 19518 14865 7.000000 0.211000 2.621536
9symml_195
improve 0 34881 61562 36034 26667 7.000000 0.211000 5.175483
rd84_142
original 0 343 628 236 285 7.000000 0.211000 0.079615
inc_237
improve 0 10619 19088 11578 8466 7.000000 0.211000 3.567083
sqn_258
improve 0 10223 18279 10613 8052 7.000000 0.211000 2.193616
alu-v2_33
original 0 37 61 39 24 7.000000 0.211000 0.008013
sao2_257
original 0 38577 68409 37082 29832 7.000000 0.211000 14.844299
co14_215
original 0 17936 33284 17304 15348 7.000000 0.211000 7.807532
decod24-v1_41
original 0 85 178 119 93 7.000000 0.211000 0.021697
4mod5-v0_20
original 0 20 29 18 9 7.000000 0.211000 0.002383
alu-v4_37
original 0 37 58 37 21 7.000000 0.211000 0.003818
urf3_155
improve 0 423488 736835 425613 313293 7.000000 0.211000 38.369734
misex1_241
improve 0 4813 8479 5067 3666 7.000000 0.211000 0.442227
alu-v0_27
original 0 36 57 37 21 7.000000 0.211000 0.004832
4mod5-v1_24
original 0 36 75 41 39 7.000000 0.211000 0.016942
4mod7-v1_96
original 0 164 278 169 114 7.000000 0.211000 0.023888
cm82a_208
original 0 650 1118 626 468 7.000000 0.211000 0.066390
ham15_107
original 0 8763 15921 9539 7158 7.000000 0.211000 2.363831
0example
original 0 9 39 34 30 7.000000 0.211000 0.020488
dc1_220
improve 0 1914 3549 2181 1635 7.000000 0.211000 0.163126
4gt4-v1_74
original 0 273 477 293 204 7.000000 0.211000 0.022416
rd32-v1_68
original 0 36 57 37 21 7.000000 0.211000 0.003368
decod24-v0_38
original 0 51 84 52 33 7.000000 0.211000 0.004968
sym6_316
improve 0 270 498 268 228 7.000000 0.211000 0.034727
alu-v0_26
original 0 84 141 85 57 7.000000 0.211000 0.009349
clip_206
improve 0 33827 60766 34795 26931 7.000000 0.211000 5.208741
4mod5-v0_18
original 0 69 114 75 45 7.000000 0.211000 0.016177
cm85a_209
improve 0 11414 20996 13115 9570 7.000000 0.211000 4.848695
alu-v4_36
original 0 115 187 117 72 7.000000 0.211000 0.014796
one-two-three-v0_97
improve 0 290 545 332 255 7.000000 0.211000 0.030024
4gt13_90
original 0 107 173 110 66 7.000000 0.211000 0.010626
mod5d2_64
original 0 53 92 58 39 7.000000 0.211000 0.005647
ground_state_estimation_10
improve 0 390180 447597 195125 57417 7.000000 0.211000 12.429457
C17_204
original 0 467 803 470 336 7.000000 0.211000 0.150002
4gt13_92
original 0 66 156 105 90 7.000000 0.211000 0.022709
rd53_130
improve 0 1043 1754 1028 711 7.000000 0.211000 0.062048
alu-v3_34
original 0 52 85 53 33 7.000000 0.211000 0.005609
decod24-bdd_294
original 0 73 118 73 45 7.000000 0.211000 0.007351
4gt5_76
original 0 91 151 102 60 7.000000 0.211000 0.008689
sym9_146
original 0 328 580 260 252 7.000000 0.211000 0.035505
4mod5-v1_22
original 0 21 33 21 12 7.000000 0.211000 0.002924
rd32_270
original 0 84 141 89 57 7.000000 0.211000 0.008033
hwb4_49
original 0 233 389 242 156 7.000000 0.211000 0.018461
urf5_280
improve 0 49829 89345 53762 39498 7.000000 0.211000 7.773597
4gt5_77
original 0 131 209 123 78 7.000000 0.211000 0.023640
rd84_253
original 0 13658 24611 13871 10953 7.000000 0.211000 5.892447
4_49_16
original 0 217 436 278 219 7.000000 0.211000 0.044900
qft_10
improve 0 200 326 132 126 7.000000 0.211000 0.098230
4mod5-bdd_287
original 0 70 121 72 51 7.000000 0.211000 0.006703
qft_16
original 0 512 881 258 369 7.000000 0.211000 4.365679
urf1_149
improve 0 184864 316528 184108 131664 7.000000 0.211000 11.818553
urf5_158
improve 0 164416 286357 173113 121914 7.000000 0.211000 19.079874
urf3_279
original 0 125362 231862 140199 106500 7.000000 0.211000 22.934488
4gt12-v0_86
original 0 251 422 251 171 7.000000 0.211000 0.060350
4gt4-v0_73
original 0 395 680 419 285 7.000000 0.211000 0.020256
alu-v1_29
original 0 37 58 37 21 7.000000 0.211000 0.003175
alu-bdd_288
improve 0 84 150 93 66 7.000000 0.211000 0.008758
decod24-v2_43
original 0 52 82 51 30 7.000000 0.211000 0.003716
mod8-10_178
original 0 342 594 358 252 7.000000 0.211000 0.027939
one-two-three-v0_98
original 0 146 308 191 162 7.000000 0.211000 1.540282
4gt4-v0_78
improve 0 235 406 243 171 7.000000 0.211000 0.023871
4mod5-v0_19
original 0 35 59 38 24 7.000000 0.211000 0.004006
alu-v2_30
original 0 504 936 587 432 7.000000 0.211000 0.041129
alu-v3_35
original 0 37 58 37 21 7.000000 0.211000 0.004050
dist_223
improve 0 38046 68005 38789 29931 7.000000 0.211000 17.371545
4gt4-v0_79
original 0 231 396 242 165 7.000000 0.211000 0.032728
hwb8_113
original 0 69380 119921 71254 50541 7.000000 0.211000 5.081166
ex3_229
original 0 403 805 504 402 7.000000 0.211000 0.080661
xor5_254
original 0 7 10 5 3 7.000000 0.211000 0.001040
f2_232
improve 0 1206 2202 1370 981 7.000000 0.211000 3.682472
time:3997.161227