rd53_138
original 0 132 243 123 111 1.000000 0.710000 0.023179
4gt13-v1_93
original 0 68 152 112 84 1.000000 0.710000 0.021120
mod5mils_65
original 0 35 59 37 24 1.000000 0.710000 0.003886
mod5d1_63
original 0 22 40 26 18 1.000000 0.710000 0.004709
sym10_262
improve 0 64283 122546 75755 58194 1.000000 0.710000 24.462056
aj-e11_165
improve 0 151 268 175 117 1.000000 0.710000 0.032124
hwb9_119
improve 0 207775 388832 238498 180873 1.000000 0.710000 72.636168
4gt11_83
original 0 23 32 23 9 1.000000 0.710000 0.063649
cm42a_207
original 0 1776 3285 1946 1509 1.000000 0.710000 0.225720
4gt4-v0_72
original 0 258 456 278 198 1.000000 0.710000 0.020244
max46_240
original 0 27126 50883 30102 23757 1.000000 0.710000 17.387362
dc2_222
improve 0 9462 18132 11169 8655 1.000000 0.710000 11.940622
sym9_193
improve 0 34881 65982 40429 31062 1.000000 0.710000 13.072972
rd53_135
original 0 296 530 316 234 1.000000 0.710000 0.028439
mod10_171
original 0 244 442 289 198 1.000000 0.710000 0.022961
ising_model_13
original 0 633 633 143 0 1.000000 0.710000 0.008544
adr4_197
improve 0 3439 6709 4029 3225 1.000000 0.710000 11.351739
4gt11_84
original 0 18 27 17 9 1.000000 0.710000 0.003156
4gt11_82
original 0 27 42 29 15 1.000000 0.710000 0.002727
wim_266
original 0 986 1775 1054 789 1.000000 0.710000 0.109208
rd53_131
improve 0 469 847 534 378 1.000000 0.710000 0.034781
mod8-10_177
improve 0 440 794 499 354 1.000000 0.710000 0.030537
4gt10-v1_81
original 0 148 256 166 108 1.000000 0.710000 0.012651
alu-v1_28
original 0 37 58 38 21 1.000000 0.710000 0.003412
cnt3-5_179
improve 0 175 379 172 204 1.000000 0.710000 0.179890
square_root_7
improve 0 7630 14468 8285 6828 1.000000 0.710000 4.056761
one-two-three-v1_99
improve 0 132 234 146 102 1.000000 0.710000 0.015222
mini_alu_305
improve 0 173 323 147 150 1.000000 0.710000 0.031058
rd53_311
original 0 275 506 245 231 1.000000 0.710000 0.038070
3_17_13
original 0 36 57 38 21 1.000000 0.710000 0.003048
rd73_252
original 0 5321 9872 5880 4551 1.000000 0.710000 1.192754
4gt4-v0_80
original 0 179 305 187 126 1.000000 0.710000 0.014940
hwb7_59
improve 0 24379 44029 26690 19638 1.000000 0.710000 3.619528
ham3_102
original 0 20 29 20 9 1.000000 0.710000 0.009850
cnt3-5_180
improve 0 485 914 462 429 1.000000 0.710000 0.061180
rd53_133
original 0 580 1201 772 621 1.000000 0.710000 1.265721
4mod7-v0_94
original 0 162 333 217 171 1.000000 0.710000 0.025202
plus63mod4096_163
improve 0 128744 248098 153746 119142 1.000000 0.710000 90.409601
mini-alu_167
original 0 288 495 311 207 1.000000 0.710000 0.055217
root_255
improve 0 17159 32718 18639 15543 1.000000 0.710000 6.094318
z4_268
improve 0 3073 6095 3697 3003 1.000000 0.710000 3.383669
majority_239
improve 0 612 1188 772 567 1.000000 0.710000 23.853785
ex2_227
original 0 631 1321 869 690 1.000000 0.710000 1.573467
urf2_277
improve 0 20112 39495 24603 19377 1.000000 0.710000 3.073336
one-two-three-v3_101
improve 0 70 121 73 51 1.000000 0.710000 0.013357
4gt13_91
improve 0 103 178 117 75 1.000000 0.710000 0.012564
4gt12-v1_89
improve 0 228 414 253 186 1.000000 0.710000 0.018337
sqrt8_260
original 0 3009 5691 3421 2682 1.000000 0.710000 0.335099
rd32-v0_66
original 0 34 55 36 21 1.000000 0.710000 0.004081
sym9_148
improve 0 21504 41459 26676 19914 1.000000 0.710000 13.448844
4gt5_75
original 0 83 131 78 48 1.000000 0.710000 0.012848
0410184_169
improve 0 211 391 222 180 1.000000 0.710000 0.025799
urf2_152
improve 0 80480 144155 86836 63645 1.000000 0.710000 9.606560
urf1_278
original 0 54766 104632 65504 49866 1.000000 0.710000 55.213085
sym6_145
original 0 3888 7020 4316 3132 1.000000 0.710000 1.641913
alu-v2_32
improve 0 163 289 177 126 1.000000 0.710000 0.018052
4gt12-v0_88
original 0 194 332 212 138 1.000000 0.710000 0.014329
squar5_261
improve 0 1993 3700 2126 1707 1.000000 0.710000 0.173313
alu-v2_31
original 0 451 784 484 333 1.000000 0.710000 0.027041
hwb5_53
improve 0 1336 2413 1535 1077 1.000000 0.710000 0.095394
one-two-three-v2_100
original 0 69 123 78 54 1.000000 0.710000 0.009191
cycle10_2_110
original 0 6050 11597 7248 5547 1.000000 0.710000 0.811710
urf6_160
original 0 171840 323961 190778 152121 1.000000 0.710000 76.205740
ising_model_10
original 0 480 480 110 0 1.000000 0.710000 0.055372
sys6-v0_111
original 0 215 401 173 186 1.000000 0.710000 0.033444
plus63mod8192_164
improve 0 187112 361739 223177 174198 1.000000 0.710000 240.282217
mod5adder_127
original 0 555 1113 717 558 1.000000 0.710000 0.109182
rd73_140
original 0 230 419 217 189 1.000000 0.710000 0.035583
4mod5-v1_23
original 0 69 114 74 45 1.000000 0.710000 0.006522
graycode6_47
original 0 5 5 5 0 1.000000 0.710000 0.000954
ising_model_16
original 0 786 786 176 0 1.000000 0.710000 0.011823
ham7_104
improve 0 320 701 483 381 1.000000 0.710000 0.098971
ex-1_166
original 0 19 31 21 12 1.000000 0.710000 0.002092
decod24-v3_45
improve 0 150 330 214 180 1.000000 0.710000 0.114233
urf4_187
improve 0 512064 949733 541967 437412 1.000000 0.710000 100.440739
life_238
improve 0 22445 43115 26833 20646 1.000000 0.710000 7.956450
con1_216
improve 0 954 1779 1078 825 1.000000 0.710000 0.135197
hwb6_56
improve 0 6723 12222 7485 5499 1.000000 0.710000 0.504256
mod10_176
original 0 178 298 188 120 1.000000 0.710000 0.014058
ex1_226
original 0 7 10 5 3 1.000000 0.710000 0.001426
sf_276
improve 0 778 1429 908 651 1.000000 0.710000 0.090888
cm152a_212
improve 0 1221 2301 1437 1080 1.000000 0.710000 0.348752
4gt12-v0_87
original 0 247 421 248 174 1.000000 0.710000 0.019057
decod24-enable_126
original 0 338 584 370 246 1.000000 0.710000 0.021977
radd_250
improve 0 3213 6079 3755 2862 1.000000 0.710000 1.139934
pm1_249
original 0 1776 3285 1946 1509 1.000000 0.710000 0.233176
sf_274
improve 0 781 1471 933 690 1.000000 0.710000 0.082209
miller_11
original 0 50 89 62 39 1.000000 0.710000 0.004399
rd53_251
original 0 1291 2419 1483 1128 1.000000 0.710000 0.098808
mlp4_245
improve 0 18852 36319 21831 17394 1.000000 0.710000 19.179837
9symml_195
improve 0 34881 65982 40429 31062 1.000000 0.710000 12.937333
rd84_142
original 0 343 685 287 342 1.000000 0.710000 0.120462
inc_237
improve 0 10619 19898 12022 9276 1.000000 0.710000 1.363562
sqn_258
improve 0 10223 19700 11810 9465 1.000000 0.710000 5.069679
alu-v2_33
original 0 37 67 40 30 1.000000 0.710000 0.007118
sao2_257
improve 0 38577 73756 41915 35076 1.000000 0.710000 42.767743
co14_215
improve 0 17936 36037 19709 18042 1.000000 0.710000 23.243543
decod24-v1_41
original 0 85 196 139 111 1.000000 0.710000 0.031403
4mod5-v0_20
original 0 20 29 18 9 1.000000 0.710000 0.002282
alu-v4_37
original 0 37 61 41 24 1.000000 0.710000 0.003629
urf3_155
improve 0 423488 773401 457071 349680 1.000000 0.710000 91.054569
misex1_241
original 0 4813 9007 5562 4194 1.000000 0.710000 0.460543
alu-v0_27
original 0 36 57 37 21 1.000000 0.710000 0.003034
4mod5-v1_24
original 0 36 72 35 36 1.000000 0.710000 0.011454
4mod7-v1_96
improve 0 164 287 177 123 1.000000 0.710000 0.015342
cm82a_208
original 0 650 1184 694 534 1.000000 0.710000 0.053560
ham15_107
original 0 8763 16779 10232 8016 1.000000 0.710000 2.343117
0example
original 0 9 45 30 36 1.000000 0.710000 0.027710
dc1_220
improve 0 1914 3621 2219 1707 1.000000 0.710000 0.160063
4gt4-v1_74
original 0 273 486 312 213 1.000000 0.710000 0.019562
rd32-v1_68
original 0 36 57 36 21 1.000000 0.710000 0.003015
decod24-v0_38
original 0 51 81 52 30 1.000000 0.710000 0.004591
sym6_316
improve 0 270 540 290 270 1.000000 0.710000 0.091208
alu-v0_26
original 0 84 147 88 63 1.000000 0.710000 0.008747
clip_206
improve 0 33827 65674 39661 31797 1.000000 0.710000 20.491707
4mod5-v0_18
original 0 69 111 71 42 1.000000 0.710000 0.014220
cm85a_209
improve 0 11414 22178 13993 10743 1.000000 0.710000 11.992505
alu-v4_36
original 0 115 193 123 78 1.000000 0.710000 0.012401
one-two-three-v0_97
improve 0 290 575 358 285 1.000000 0.710000 0.056382
4gt13_90
improve 0 107 182 121 75 1.000000 0.710000 0.012364
mod5d2_64
original 0 53 95 59 42 1.000000 0.710000 0.006738
ground_state_estimation_10
improve 0 390180 498951 245401 108750 1.000000 0.710000 19.874766
C17_204
original 0 467 860 523 393 1.000000 0.710000 0.153366
4gt13_92
original 0 66 168 116 102 1.000000 0.710000 0.024986
rd53_130
original 0 1043 1859 1104 816 1.000000 0.710000 0.083539
alu-v3_34
original 0 52 82 53 30 1.000000 0.710000 0.004623
decod24-bdd_294
original 0 73 121 76 48 1.000000 0.710000 0.008237
4gt5_76
original 0 91 175 122 84 1.000000 0.710000 0.010593
sym9_146
original 0 328 625 303 297 1.000000 0.710000 0.044246
4mod5-v1_22
original 0 21 30 19 9 1.000000 0.710000 0.002383
rd32_270
original 0 84 141 86 57 1.000000 0.710000 0.007123
hwb4_49
original 0 233 404 257 171 1.000000 0.710000 0.021880
urf5_280
original 0 49829 94106 57870 44277 1.000000 0.710000 4.546997
4gt5_77
original 0 131 221 129 90 1.000000 0.710000 0.022223
rd84_253
improve 0 13658 25623 14994 11940 1.000000 0.710000 11.792495
4_49_16
improve 0 217 454 297 237 1.000000 0.710000 0.036706
qft_10
improve 0 200 317 103 117 1.000000 0.710000 0.085515
4mod5-bdd_287
original 0 70 118 73 48 1.000000 0.710000 0.005275
qft_16
improve 0 512 897 241 327 1.000000 0.710000 20.521544
urf1_149
improve 0 184864 329818 196109 144954 1.000000 0.710000 12.165087
urf5_158
improve 0 164416 295209 182530 130782 1.000000 0.710000 9.986762
urf3_279
improve 0 125362 245257 151772 119814 1.000000 0.710000 28.846260
4gt12-v0_86
original 0 251 428 255 177 1.000000 0.710000 0.050950
4gt4-v0_73
original 0 395 740 490 345 1.000000 0.710000 0.026557
alu-v1_29
original 0 37 58 37 21 1.000000 0.710000 0.003629
alu-bdd_288
original 0 84 144 89 60 1.000000 0.710000 0.009586
decod24-v2_43
original 0 52 88 57 36 1.000000 0.710000 0.004586
mod8-10_178
improve 0 342 603 370 261 1.000000 0.710000 0.023102
one-two-three-v0_98
improve 0 146 378 224 192 1.000000 0.710000 14.012332
4gt4-v0_78
improve 0 235 421 272 186 1.000000 0.710000 0.019269
4mod5-v0_19
original 0 35 56 37 21 1.000000 0.710000 0.003739
alu-v2_30
improve 0 504 936 585 432 1.000000 0.710000 0.042952
alu-v3_35
original 0 37 61 41 24 1.000000 0.710000 0.003772
dist_223
original 0 38046 72039 41844 33993 1.000000 0.710000 27.627481
4gt4-v0_79
improve 0 231 408 260 177 1.000000 0.710000 0.025377
hwb8_113
improve 0 69380 132028 82079 62574 1.000000 0.710000 23.966488
ex3_229
improve 0 403 802 536 399 1.000000 0.710000 0.084291
xor5_254
original 0 7 10 5 3 1.000000 0.710000 0.000948
f2_232
improve 0 1206 2322 1421 1116 1.000000 0.710000 0.225845
time:8609.649024