rd53_138
original 0 132 234 117 102 8.000000 0.681000 0.014536
4gt13-v1_93
original 0 68 143 99 75 8.000000 0.681000 0.012002
mod5mils_65
original 0 35 59 39 24 8.000000 0.681000 0.003737
mod5d1_63
original 0 22 40 26 18 8.000000 0.681000 0.004848
sym10_262
improve 0 64283 114717 66056 50388 8.000000 0.681000 14.851268
aj-e11_165
original 0 151 259 165 108 8.000000 0.681000 0.030037
hwb9_119
improve 0 207775 363327 210925 155418 8.000000 0.681000 43.132531
4gt11_83
original 0 23 32 23 9 8.000000 0.681000 0.075511
cm42a_207
original 0 1776 3027 1730 1251 8.000000 0.681000 0.113259
4gt4-v0_72
original 0 258 435 243 177 8.000000 0.681000 0.025602
max46_240
original 0 27126 48027 26806 20901 8.000000 0.681000 7.804728
dc2_222
improve 0 9462 16762 9709 7296 8.000000 0.681000 1.228533
sym9_193
improve 0 34881 62253 36251 27354 8.000000 0.681000 5.312047
rd53_135
original 0 296 500 304 204 8.000000 0.681000 0.033418
mod10_171
original 0 244 424 248 180 8.000000 0.681000 0.019580
ising_model_13
original 0 633 633 143 0 8.000000 0.681000 0.010824
adr4_197
improve 0 3439 6769 3999 3324 8.000000 0.681000 3.239496
4gt11_84
original 0 18 27 17 9 8.000000 0.681000 0.003334
4gt11_82
original 0 27 42 33 15 8.000000 0.681000 0.003134
wim_266
improve 0 986 1703 941 717 8.000000 0.681000 0.078874
rd53_131
original 0 469 850 499 381 8.000000 0.681000 0.042630
mod8-10_177
improve 0 440 749 457 309 8.000000 0.681000 0.030474
4gt10-v1_81
original 0 148 247 152 99 8.000000 0.681000 0.012599
alu-v1_28
original 0 37 61 39 24 8.000000 0.681000 0.004286
cnt3-5_179
original 0 175 337 134 162 8.000000 0.681000 0.180282
square_root_7
improve 0 7630 13870 7560 6231 8.000000 0.681000 3.568135
one-two-three-v1_99
original 0 132 234 150 102 8.000000 0.681000 0.015786
mini_alu_305
original 0 173 323 138 150 8.000000 0.681000 0.040298
rd53_311
original 0 275 518 263 243 8.000000 0.681000 0.039754
3_17_13
original 0 36 57 38 21 8.000000 0.681000 0.003454
rd73_252
improve 0 5321 9385 5289 4047 8.000000 0.681000 4.495936
4gt4-v0_80
original 0 179 308 196 129 8.000000 0.681000 0.017158
hwb7_59
original 0 24379 42064 24407 17685 8.000000 0.681000 1.664572
ham3_102
original 0 20 35 26 15 8.000000 0.681000 0.010145
cnt3-5_180
improve 0 485 845 423 360 8.000000 0.681000 0.052697
rd53_133
original 0 580 1120 672 540 8.000000 0.681000 0.122205
4mod7-v0_94
original 0 162 351 241 189 8.000000 0.681000 0.023391
plus63mod4096_163
improve 0 128744 230566 135276 101667 8.000000 0.681000 62.215510
mini-alu_167
original 0 288 480 298 192 8.000000 0.681000 0.058959
root_255
improve 0 17159 30383 16557 13215 8.000000 0.681000 4.534660
z4_268
original 0 3073 5914 3463 2841 8.000000 0.681000 0.777991
majority_239
improve 0 612 1365 814 645 8.000000 0.681000 97.818830
ex2_227
original 0 631 1189 736 558 8.000000 0.681000 0.079281
urf2_277
improve 0 20112 37638 22970 17526 8.000000 0.681000 2.051701
one-two-three-v3_101
original 0 70 118 71 48 8.000000 0.681000 0.014649
4gt13_91
original 0 103 166 101 63 8.000000 0.681000 0.009315
4gt12-v1_89
original 0 228 408 230 180 8.000000 0.681000 0.018182
sqrt8_260
improve 0 3009 5373 3071 2361 8.000000 0.681000 0.769686
rd32-v0_66
original 0 34 55 37 21 8.000000 0.681000 0.004565
sym9_148
original 0 21504 39078 22835 17574 8.000000 0.681000 12.089703
4gt5_75
original 0 83 140 82 57 8.000000 0.681000 0.014164
0410184_169
original 0 211 367 188 156 8.000000 0.681000 0.094252
urf2_152
original 0 80480 139043 81630 58563 8.000000 0.681000 4.946213
urf1_278
improve 0 54766 100429 61015 45663 8.000000 0.681000 4.930897
sym6_145
improve 0 3888 6720 4002 2802 8.000000 0.681000 5.877240
alu-v2_32
original 0 163 277 160 114 8.000000 0.681000 0.013205
4gt12-v0_88
original 0 194 326 198 132 8.000000 0.681000 0.014726
squar5_261
improve 0 1993 3484 1904 1491 8.000000 0.681000 0.137738
alu-v2_31
original 0 451 730 445 279 8.000000 0.681000 0.029261
hwb5_53
improve 0 1336 2347 1398 1011 8.000000 0.681000 0.079132
one-two-three-v2_100
original 0 69 114 73 45 8.000000 0.681000 0.005837
cycle10_2_110
improve 0 6050 11114 6731 5064 8.000000 0.681000 0.745305
urf6_160
improve 0 171840 309951 176485 138096 8.000000 0.681000 18.673250
ising_model_10
original 0 480 480 110 0 8.000000 0.681000 0.058450
sys6-v0_111
improve 0 215 383 184 168 8.000000 0.681000 0.018853
plus63mod8192_164
improve 0 187112 335611 196668 148356 8.000000 0.681000 61.542011
mod5adder_127
original 0 555 1077 600 522 8.000000 0.681000 2.282720
rd73_140
original 0 230 392 190 162 8.000000 0.681000 0.017279
4mod5-v1_23
original 0 69 123 80 54 8.000000 0.681000 0.006734
graycode6_47
original 0 5 5 5 0 8.000000 0.681000 0.001065
ising_model_16
original 0 786 786 176 0 8.000000 0.681000 0.013564
ham7_104
improve 0 320 629 404 309 8.000000 0.681000 0.042779
ex-1_166
original 0 19 31 21 12 8.000000 0.681000 0.002248
decod24-v3_45
improve 0 150 351 236 201 8.000000 0.681000 0.048927
urf4_187
improve 0 512064 894547 494541 382410 8.000000 0.681000 47.137594
life_238
improve 0 22445 39945 23380 17454 8.000000 0.681000 17.000678
con1_216
improve 0 954 1734 1004 780 8.000000 0.681000 0.078968
hwb6_56
original 0 6723 11538 6742 4815 8.000000 0.681000 0.401153
mod10_176
original 0 178 283 175 105 8.000000 0.681000 0.016776
ex1_226
original 0 7 10 5 3 8.000000 0.681000 0.001416
sf_276
original 0 778 1558 958 780 8.000000 0.681000 0.564017
cm152a_212
improve 0 1221 2409 1501 1176 8.000000 0.681000 3.160064
4gt12-v0_87
improve 0 247 430 252 183 8.000000 0.681000 0.022298
decod24-enable_126
original 0 338 578 345 240 8.000000 0.681000 0.026585
radd_250
improve 0 3213 5700 3299 2487 8.000000 0.681000 0.604464
pm1_249
original 0 1776 3027 1730 1251 8.000000 0.681000 0.117638
sf_274
improve 0 781 1426 874 645 8.000000 0.681000 0.079010
miller_11
original 0 50 89 62 39 8.000000 0.681000 0.005262
rd53_251
original 0 1291 2227 1278 936 8.000000 0.681000 0.077821
mlp4_245
improve 0 18852 33867 19598 14967 8.000000 0.681000 16.873532
9symml_195
improve 0 34881 62253 36251 27354 8.000000 0.681000 5.330798
rd84_142
improve 0 343 607 256 264 8.000000 0.681000 0.052658
inc_237
improve 0 10619 19061 11286 8442 8.000000 0.681000 1.003749
sqn_258
improve 0 10223 18275 10428 8049 8.000000 0.681000 1.313905
alu-v2_33
original 0 37 61 39 24 8.000000 0.681000 0.008084
sao2_257
improve 0 38577 68766 37198 30180 8.000000 0.681000 5.784378
co14_215
original 0 17936 33398 17208 15462 8.000000 0.681000 14.497151
decod24-v1_41
original 0 85 178 116 93 8.000000 0.681000 0.015779
4mod5-v0_20
original 0 20 29 18 9 8.000000 0.681000 0.002444
alu-v4_37
original 0 37 58 37 21 8.000000 0.681000 0.003830
urf3_155
improve 0 423488 745607 430487 322104 8.000000 0.681000 33.416470
misex1_241
original 0 4813 8302 4680 3489 8.000000 0.681000 4.324693
alu-v0_27
original 0 36 57 37 21 8.000000 0.681000 0.003329
4mod5-v1_24
original 0 36 78 40 42 8.000000 0.681000 0.014126
4mod7-v1_96
improve 0 164 281 172 117 8.000000 0.681000 0.018652
cm82a_208
original 0 650 1109 628 459 8.000000 0.681000 0.059736
ham15_107
improve 0 8763 15774 9462 7011 8.000000 0.681000 1.022493
0example
original 0 9 39 34 30 8.000000 0.681000 0.019485
dc1_220
original 0 1914 3495 2029 1581 8.000000 0.681000 0.155638
4gt4-v1_74
original 0 273 465 276 192 8.000000 0.681000 0.019903
rd32-v1_68
original 0 36 57 37 21 8.000000 0.681000 0.003388
decod24-v0_38
original 0 51 87 59 36 8.000000 0.681000 0.005155
sym6_316
original 0 270 507 269 237 8.000000 0.681000 0.035862
alu-v0_26
original 0 84 138 80 54 8.000000 0.681000 0.009048
clip_206
improve 0 33827 61175 35092 27324 8.000000 0.681000 8.602649
4mod5-v0_18
original 0 69 114 74 45 8.000000 0.681000 0.016777
cm85a_209
improve 0 11414 20720 12456 9303 8.000000 0.681000 1.662830
alu-v4_36
original 0 115 193 118 78 8.000000 0.681000 0.012228
one-two-three-v0_97
improve 0 290 569 355 279 8.000000 0.681000 0.029023
4gt13_90
original 0 107 170 103 63 8.000000 0.681000 0.009245
mod5d2_64
original 0 53 98 63 45 8.000000 0.681000 0.003400
ground_state_estimation_10
improve 0 390180 442551 188408 52371 8.000000 0.681000 12.373884
C17_204
original 0 467 803 463 336 8.000000 0.681000 0.149123
4gt13_92
original 0 66 156 102 90 8.000000 0.681000 0.014370
rd53_130
improve 0 1043 1745 995 702 8.000000 0.681000 0.073169
alu-v3_34
original 0 52 85 53 33 8.000000 0.681000 0.005595
decod24-bdd_294
original 0 73 118 73 45 8.000000 0.681000 0.007368
4gt5_76
original 0 91 154 99 63 8.000000 0.681000 0.008747
sym9_146
original 0 328 580 258 252 8.000000 0.681000 0.445078
4mod5-v1_22
original 0 21 33 21 12 8.000000 0.681000 0.002436
rd32_270
original 0 84 138 87 54 8.000000 0.681000 0.007953
hwb4_49
original 0 233 392 239 159 8.000000 0.681000 0.018184
urf5_280
improve 0 49829 90068 54087 40233 8.000000 0.681000 5.187125
4gt5_77
original 0 131 221 135 90 8.000000 0.681000 0.024130
rd84_253
improve 0 13658 24436 13691 10767 8.000000 0.681000 2.566734
4_49_16
original 0 217 421 267 204 8.000000 0.681000 0.024635
qft_10
original 0 200 326 147 126 8.000000 0.681000 0.106620
4mod5-bdd_287
original 0 70 121 71 51 8.000000 0.681000 0.006931
qft_16
improve 0 512 1025 341 387 8.000000 0.681000 50.363660
urf1_149
original 0 184864 320584 185202 135720 8.000000 0.681000 11.779176
urf5_158
original 0 164416 283780 165078 119364 8.000000 0.681000 10.509484
urf3_279
improve 0 125362 234243 140689 108822 8.000000 0.681000 19.803941
4gt12-v0_86
original 0 251 440 262 189 8.000000 0.681000 0.052958
4gt4-v0_73
original 0 395 677 395 282 8.000000 0.681000 0.020261
alu-v1_29
original 0 37 58 37 21 8.000000 0.681000 0.003988
alu-bdd_288
original 0 84 147 93 63 8.000000 0.681000 0.009217
decod24-v2_43
original 0 52 82 51 30 8.000000 0.681000 0.004821
mod8-10_178
improve 0 342 576 337 234 8.000000 0.681000 0.023748
one-two-three-v0_98
original 0 146 308 172 162 8.000000 0.681000 0.033832
4gt4-v0_78
original 0 235 409 240 174 8.000000 0.681000 0.018855
4mod5-v0_19
original 0 35 59 38 24 8.000000 0.681000 0.003673
alu-v2_30
original 0 504 942 550 438 8.000000 0.681000 0.082472
alu-v3_35
original 0 37 58 37 21 8.000000 0.681000 0.004047
dist_223
original 0 38046 67506 36930 29460 8.000000 0.681000 4.817801
4gt4-v0_79
original 0 231 399 239 168 8.000000 0.681000 0.024877
hwb8_113
improve 0 69380 120058 70407 50664 8.000000 0.681000 6.521158
ex3_229
original 0 403 826 493 423 8.000000 0.681000 0.302609
xor5_254
original 0 7 10 5 3 8.000000 0.681000 0.000986
f2_232
improve 0 1206 2328 1451 1122 8.000000 0.681000 0.120658
time:6794.828331