rd53_138
improve 0 132 231 109 99 8.000000 0.708110 0.020855
4gt13-v1_93
original 0 68 143 99 75 8.000000 0.708110 0.016688
mod5mils_65
original 0 35 59 39 24 8.000000 0.708110 0.003772
mod5d1_63
original 0 22 40 26 18 8.000000 0.708110 0.005199
sym10_262
improve 0 64283 115681 67578 51357 8.000000 0.708110 13.624951
aj-e11_165
original 0 151 271 174 120 8.000000 0.708110 0.030249
hwb9_119
improve 0 207775 365108 213301 157242 8.000000 0.708110 31.197123
4gt11_83
original 0 23 32 23 9 8.000000 0.708110 0.066096
cm42a_207
original 0 1776 3078 1714 1302 8.000000 0.708110 0.112147
4gt4-v0_72
original 0 258 432 235 174 8.000000 0.708110 0.024035
max46_240
improve 0 27126 48312 27929 21159 8.000000 0.708110 10.177766
dc2_222
improve 0 9462 17010 9810 7548 8.000000 0.708110 0.987752
sym9_193
original 0 34881 61812 35976 26931 8.000000 0.708110 2.766434
rd53_135
original 0 296 524 299 228 8.000000 0.708110 0.033849
mod10_171
original 0 244 424 254 180 8.000000 0.708110 0.021057
ising_model_13
original 0 633 633 143 0 8.000000 0.708110 0.012201
adr4_197
original 0 3439 6451 3671 3012 8.000000 0.708110 0.658389
4gt11_84
original 0 18 27 17 9 8.000000 0.708110 0.003373
4gt11_82
original 0 27 42 33 15 8.000000 0.708110 0.003137
wim_266
original 0 986 1709 913 723 8.000000 0.708110 0.097151
rd53_131
original 0 469 844 523 375 8.000000 0.708110 0.040396
mod8-10_177
original 0 440 758 453 318 8.000000 0.708110 0.031666
4gt10-v1_81
original 0 148 247 150 99 8.000000 0.708110 0.014572
alu-v1_28
original 0 37 61 39 24 8.000000 0.708110 0.004149
cnt3-5_179
original 0 175 355 134 180 8.000000 0.708110 0.039690
square_root_7
original 0 7630 13876 7313 6246 8.000000 0.708110 3.337271
one-two-three-v1_99
original 0 132 234 151 102 8.000000 0.708110 0.013675
mini_alu_305
original 0 173 311 155 138 8.000000 0.708110 0.032383
rd53_311
original 0 275 503 254 228 8.000000 0.708110 0.033766
3_17_13
original 0 36 57 38 21 8.000000 0.708110 0.003475
rd73_252
original 0 5321 9461 5397 4140 8.000000 0.708110 4.556809
4gt4-v0_80
original 0 179 299 180 120 8.000000 0.708110 0.016751
hwb7_59
improve 0 24379 41806 24244 17427 8.000000 0.708110 1.470279
ham3_102
original 0 20 35 26 15 8.000000 0.708110 0.009723
cnt3-5_180
improve 0 485 884 415 399 8.000000 0.708110 0.074315
rd53_133
original 0 580 1042 621 462 8.000000 0.708110 0.109760
4mod7-v0_94
original 0 162 348 242 186 8.000000 0.708110 0.032889
plus63mod4096_163
improve 0 128744 231499 135391 102678 8.000000 0.708110 28.147010
mini-alu_167
original 0 288 480 283 192 8.000000 0.708110 0.059786
root_255
improve 0 17159 30386 16674 13227 8.000000 0.708110 1.775719
z4_268
improve 0 3073 5794 3386 2718 8.000000 0.708110 1.355254
majority_239
improve 0 612 1161 690 537 8.000000 0.708110 6.112815
ex2_227
original 0 631 1198 729 567 8.000000 0.708110 0.163855
urf2_277
improve 0 20112 37659 23072 17541 8.000000 0.708110 3.305547
one-two-three-v3_101
original 0 70 121 71 51 8.000000 0.708110 0.014388
4gt13_91
original 0 103 163 96 60 8.000000 0.708110 0.009728
4gt12-v1_89
original 0 228 399 232 171 8.000000 0.708110 0.020526
sqrt8_260
improve 0 3009 5322 3083 2313 8.000000 0.708110 0.220016
rd32-v0_66
original 0 34 55 37 21 8.000000 0.708110 0.004496
sym9_148
original 0 21504 37707 21930 16203 8.000000 0.708110 5.260379
4gt5_75
original 0 83 134 79 51 8.000000 0.708110 0.013979
0410184_169
original 0 211 385 191 174 8.000000 0.708110 0.025445
urf2_152
original 0 80480 138902 81584 58422 8.000000 0.708110 4.989739
urf1_278
improve 0 54766 100756 61469 45990 8.000000 0.708110 5.109245
sym6_145
original 0 3888 6603 3956 2715 8.000000 0.708110 0.227814
alu-v2_32
original 0 163 274 160 111 8.000000 0.708110 0.008858
4gt12-v0_88
original 0 194 317 195 123 8.000000 0.708110 0.014062
squar5_261
original 0 1993 3511 1959 1518 8.000000 0.708110 0.151180
alu-v2_31
original 0 451 733 436 282 8.000000 0.708110 0.027102
hwb5_53
improve 0 1336 2296 1362 960 8.000000 0.708110 0.078010
one-two-three-v2_100
original 0 69 114 73 45 8.000000 0.708110 0.007060
cycle10_2_110
improve 0 6050 10994 6610 4920 8.000000 0.708110 27.495904
urf6_160
improve 0 171840 310513 176989 138660 8.000000 0.708110 13.601715
ising_model_10
original 0 480 480 110 0 8.000000 0.708110 0.060913
sys6-v0_111
improve 0 215 395 165 180 8.000000 0.708110 0.023874
plus63mod8192_164
original 0 187112 334130 195154 147018 8.000000 0.708110 37.874547
mod5adder_127
original 0 555 1047 612 492 8.000000 0.708110 0.100096
rd73_140
original 0 230 407 194 177 8.000000 0.708110 0.025515
4mod5-v1_23
original 0 69 126 81 57 8.000000 0.708110 0.008359
graycode6_47
original 0 5 5 5 0 8.000000 0.708110 0.001001
ising_model_16
original 0 786 786 176 0 8.000000 0.708110 0.012876
ham7_104
improve 0 320 635 403 315 8.000000 0.708110 0.070599
ex-1_166
original 0 19 31 21 12 8.000000 0.708110 0.002309
decod24-v3_45
original 0 150 327 209 177 8.000000 0.708110 0.079150
urf4_187
improve 0 512064 904389 505236 392277 8.000000 0.708110 40.124514
life_238
improve 0 22445 39701 23749 17247 8.000000 0.708110 3.986909
con1_216
improve 0 954 1761 1019 807 8.000000 0.708110 0.111959
hwb6_56
original 0 6723 11502 6715 4779 8.000000 0.708110 0.441790
mod10_176
original 0 178 283 159 105 8.000000 0.708110 0.015189
ex1_226
original 0 7 10 6 3 8.000000 0.708110 0.001443
sf_276
improve 0 778 1522 947 744 8.000000 0.708110 0.076378
cm152a_212
improve 0 1221 2454 1513 1233 8.000000 0.708110 0.561572
4gt12-v0_87
original 0 247 418 237 171 8.000000 0.708110 0.026756
decod24-enable_126
original 0 338 596 368 258 8.000000 0.708110 0.025199
radd_250
original 0 3213 5685 3255 2472 8.000000 0.708110 0.916686
pm1_249
original 0 1776 3078 1714 1302 8.000000 0.708110 0.113910
sf_274
original 0 781 1492 887 711 8.000000 0.708110 0.173811
miller_11
original 0 50 89 62 39 8.000000 0.708110 0.005189
rd53_251
original 0 1291 2248 1321 957 8.000000 0.708110 0.077857
mlp4_245
improve 0 18852 33615 19227 14739 8.000000 0.708110 7.704867
9symml_195
original 0 34881 61812 35976 26931 8.000000 0.708110 2.677639
rd84_142
original 0 343 625 231 282 8.000000 0.708110 0.076998
inc_237
improve 0 10619 18686 10974 8067 8.000000 0.708110 2.305249
sqn_258
improve 0 10223 18134 10467 7878 8.000000 0.708110 10.618781
alu-v2_33
original 0 37 61 33 24 8.000000 0.708110 0.008655
sao2_257
improve 0 38577 70082 37898 31422 8.000000 0.708110 74.519428
co14_215
improve 0 17936 33356 17512 15396 8.000000 0.708110 7.026096
decod24-v1_41
original 0 85 178 116 93 8.000000 0.708110 0.023640
4mod5-v0_20
original 0 20 32 19 12 8.000000 0.708110 0.002645
alu-v4_37
original 0 37 64 42 27 8.000000 0.708110 0.004321
urf3_155
improve 0 423488 745424 430955 321906 8.000000 0.708110 36.978980
misex1_241
improve 0 4813 8527 4927 3714 8.000000 0.708110 0.473341
alu-v0_27
original 0 36 60 34 24 8.000000 0.708110 0.003410
4mod5-v1_24
original 0 36 75 41 39 8.000000 0.708110 0.010823
4mod7-v1_96
original 0 164 278 174 114 8.000000 0.708110 0.017734
cm82a_208
improve 0 650 1145 634 495 8.000000 0.708110 0.067446
ham15_107
improve 0 8763 15867 9403 7104 8.000000 0.708110 3.142274
0example
original 0 9 36 31 27 8.000000 0.708110 0.020929
dc1_220
improve 0 1914 3603 2153 1689 8.000000 0.708110 0.226856
4gt4-v1_74
original 0 273 483 281 210 8.000000 0.708110 0.021424
rd32-v1_68
original 0 36 57 37 21 8.000000 0.708110 0.003411
decod24-v0_38
original 0 51 84 55 33 8.000000 0.708110 0.005051
sym6_316
original 0 270 492 260 222 8.000000 0.708110 0.036418
alu-v0_26
original 0 84 147 94 63 8.000000 0.708110 0.009468
clip_206
original 0 33827 60476 33842 26649 8.000000 0.708110 109.331959
4mod5-v0_18
original 0 69 117 77 48 8.000000 0.708110 0.016397
cm85a_209
original 0 11414 20705 12232 9291 8.000000 0.708110 20.154603
alu-v4_36
original 0 115 199 122 84 8.000000 0.708110 0.014540
one-two-three-v0_97
improve 0 290 572 340 282 8.000000 0.708110 0.034760
4gt13_90
original 0 107 170 103 63 8.000000 0.708110 0.010650
mod5d2_64
original 0 53 92 61 39 8.000000 0.708110 0.006513
ground_state_estimation_10
improve 0 390180 441447 188927 51267 8.000000 0.708110 12.728342
C17_204
original 0 467 803 465 336 8.000000 0.708110 0.145728
4gt13_92
original 0 66 156 102 90 8.000000 0.708110 0.013031
rd53_130
improve 0 1043 1739 997 696 8.000000 0.708110 0.063190
alu-v3_34
original 0 52 85 55 33 8.000000 0.708110 0.005641
decod24-bdd_294
original 0 73 118 74 45 8.000000 0.708110 0.007432
4gt5_76
original 0 91 151 96 60 8.000000 0.708110 0.008766
sym9_146
original 0 328 592 266 264 8.000000 0.708110 0.032860
4mod5-v1_22
original 0 21 33 22 12 8.000000 0.708110 0.002807
rd32_270
original 0 84 141 89 57 8.000000 0.708110 0.008378
hwb4_49
original 0 233 392 250 159 8.000000 0.708110 0.018073
urf5_280
improve 0 49829 89990 53996 40155 8.000000 0.708110 5.052314
4gt5_77
original 0 131 218 122 87 8.000000 0.708110 0.024774
rd84_253
original 0 13658 24203 13456 10545 8.000000 0.708110 4.620364
4_49_16
improve 0 217 424 275 207 8.000000 0.708110 0.029910
qft_10
improve 0 200 305 102 105 8.000000 0.708110 0.138936
4mod5-bdd_287
original 0 70 127 76 57 8.000000 0.708110 0.009767
qft_16
improve 0 512 958 293 375 8.000000 0.708110 29.411296
urf1_149
original 0 184864 319930 184921 135066 8.000000 0.708110 11.873796
urf5_158
original 0 164416 283903 165229 119487 8.000000 0.708110 13.260321
urf3_279
original 0 125362 233875 139983 108513 8.000000 0.708110 57.381462
4gt12-v0_86
original 0 251 425 242 174 8.000000 0.708110 0.054027
4gt4-v0_73
original 0 395 683 390 288 8.000000 0.708110 0.019757
alu-v1_29
original 0 37 61 34 24 8.000000 0.708110 0.004224
alu-bdd_288
original 0 84 162 107 78 8.000000 0.708110 0.010498
decod24-v2_43
original 0 52 82 52 30 8.000000 0.708110 0.004807
mod8-10_178
original 0 342 579 343 237 8.000000 0.708110 0.023027
one-two-three-v0_98
original 0 146 329 192 183 8.000000 0.708110 1.388880
4gt4-v0_78
original 0 235 403 237 168 8.000000 0.708110 0.020352
4mod5-v0_19
original 0 35 59 38 24 8.000000 0.708110 0.004058
alu-v2_30
improve 0 504 993 611 489 8.000000 0.708110 0.047686
alu-v3_35
original 0 37 64 42 27 8.000000 0.708110 0.004570
dist_223
improve 0 38046 67433 37191 29379 8.000000 0.708110 5.537866
4gt4-v0_79
original 0 231 390 226 159 8.000000 0.708110 0.025877
hwb8_113
improve 0 69380 119731 70322 50331 8.000000 0.708110 9.524517
ex3_229
original 0 403 808 504 405 8.000000 0.708110 0.074350
xor5_254
original 0 7 10 6 3 8.000000 0.708110 0.000935
f2_232
improve 0 1206 2289 1444 1083 8.000000 0.708110 0.144925
time:35343.878366