rd53_138
original 0 132 225 110 93 4.000000 0.311000 0.015645
4gt13-v1_93
original 0 68 143 102 75 4.000000 0.311000 0.014868
mod5mils_65
original 0 35 59 40 24 4.000000 0.311000 0.003564
mod5d1_63
original 0 22 40 26 18 4.000000 0.311000 0.005073
sym10_262
improve 0 64283 117041 69566 52755 4.000000 0.311000 5.203808
aj-e11_165
original 0 151 265 162 114 4.000000 0.311000 0.029993
hwb9_119
original 0 207775 371170 221740 163395 4.000000 0.311000 30.018351
4gt11_83
original 0 23 32 23 9 4.000000 0.311000 0.063291
cm42a_207
improve 0 1776 3123 1795 1347 4.000000 0.311000 0.109265
4gt4-v0_72
improve 0 258 447 268 189 4.000000 0.311000 0.020836
max46_240
improve 0 27126 48316 28332 21174 4.000000 0.311000 4.221622
dc2_222
original 0 9462 17193 10301 7731 4.000000 0.311000 2.227041
sym9_193
improve 0 34881 62624 37771 27738 4.000000 0.311000 3.330078
rd53_135
original 0 296 533 318 237 4.000000 0.311000 0.034687
mod10_171
original 0 244 442 268 198 4.000000 0.311000 0.028891
ising_model_13
original 0 633 633 143 0 4.000000 0.311000 0.005669
adr4_197
improve 0 3439 6580 3872 3141 4.000000 0.311000 0.397009
4gt11_84
original 0 18 27 17 9 4.000000 0.311000 0.003469
4gt11_82
original 0 27 39 30 12 4.000000 0.311000 0.002642
wim_266
improve 0 986 1694 965 708 4.000000 0.311000 0.062838
rd53_131
original 0 469 862 525 393 4.000000 0.311000 0.051145
mod8-10_177
original 0 440 770 481 330 4.000000 0.311000 0.032061
4gt10-v1_81
original 0 148 262 170 114 4.000000 0.311000 0.015058
alu-v1_28
original 0 37 61 39 24 4.000000 0.311000 0.003986
cnt3-5_179
original 0 175 352 131 177 4.000000 0.311000 0.037290
square_root_7
original 0 7630 14608 8024 6978 4.000000 0.311000 3.247036
one-two-three-v1_99
original 0 132 234 151 102 4.000000 0.311000 0.013071
mini_alu_305
improve 0 173 323 147 150 4.000000 0.311000 0.033242
rd53_311
original 0 275 524 259 249 4.000000 0.311000 0.026590
3_17_13
original 0 36 57 38 21 4.000000 0.311000 0.003337
rd73_252
improve 0 5321 9656 5625 4323 4.000000 0.311000 2.675124
4gt4-v0_80
original 0 179 311 199 132 4.000000 0.311000 0.010493
hwb7_59
improve 0 24379 42790 25334 18411 4.000000 0.311000 1.402521
ham3_102
original 0 20 35 26 15 4.000000 0.311000 0.010798
cnt3-5_180
original 0 485 893 446 408 4.000000 0.311000 0.057368
rd53_133
original 0 580 1090 687 510 4.000000 0.311000 0.046110
4mod7-v0_94
improve 0 162 336 225 174 4.000000 0.311000 0.022214
plus63mod4096_163
improve 0 128744 235133 141242 106266 4.000000 0.311000 39.121153
mini-alu_167
original 0 288 483 282 195 4.000000 0.311000 0.057517
root_255
improve 0 17159 31595 17798 14406 4.000000 0.311000 9.401053
z4_268
original 0 3073 5785 3387 2712 4.000000 0.311000 8.479833
majority_239
original 0 612 1179 750 567 4.000000 0.311000 192.906045
ex2_227
original 0 631 1237 784 606 4.000000 0.311000 0.110029
urf2_277
original 0 20112 37782 23161 17670 4.000000 0.311000 1.728458
one-two-three-v3_101
original 0 70 115 71 45 4.000000 0.311000 0.013503
4gt13_91
original 0 103 169 104 66 4.000000 0.311000 0.009789
4gt12-v1_89
original 0 228 411 253 183 4.000000 0.311000 0.021344
sqrt8_260
original 0 3009 5445 3197 2436 4.000000 0.311000 0.262069
rd32-v0_66
original 0 34 55 37 21 4.000000 0.311000 0.004315
sym9_148
improve 0 21504 39879 24824 18363 4.000000 0.311000 3.618474
4gt5_75
original 0 83 137 79 54 4.000000 0.311000 0.013728
0410184_169
original 0 211 382 186 171 4.000000 0.311000 0.025976
urf2_152
original 0 80480 140012 82387 59532 4.000000 0.311000 7.733700
urf1_278
original 0 54766 101209 61570 46443 4.000000 0.311000 5.307647
sym6_145
improve 0 3888 6756 4121 2868 4.000000 0.311000 0.222251
alu-v2_32
original 0 163 286 177 123 4.000000 0.311000 0.008788
4gt12-v0_88
original 0 194 326 193 132 4.000000 0.311000 0.015591
squar5_261
improve 0 1993 3569 2041 1572 4.000000 0.311000 0.568127
alu-v2_31
original 0 451 763 472 312 4.000000 0.311000 0.028868
hwb5_53
improve 0 1336 2329 1443 993 4.000000 0.311000 0.072011
one-two-three-v2_100
original 0 69 114 73 45 4.000000 0.311000 0.006505
cycle10_2_110
original 0 6050 11120 6723 5070 4.000000 0.311000 4.324838
urf6_160
improve 0 171840 313782 179227 141930 4.000000 0.311000 17.645681
ising_model_10
original 0 480 480 110 0 4.000000 0.311000 0.058784
sys6-v0_111
original 0 215 374 154 159 4.000000 0.311000 0.023303
plus63mod8192_164
improve 0 187112 342462 205619 155265 4.000000 0.311000 36.906678
mod5adder_127
original 0 555 996 603 441 4.000000 0.311000 0.112973
rd73_140
original 0 230 395 182 165 4.000000 0.311000 0.017425
4mod5-v1_23
original 0 69 123 78 54 4.000000 0.311000 0.007136
graycode6_47
original 0 5 5 5 0 4.000000 0.311000 0.000718
ising_model_16
original 0 786 786 176 0 4.000000 0.311000 0.010411
ham7_104
original 0 320 650 408 330 4.000000 0.311000 0.033101
ex-1_166
original 0 19 31 21 12 4.000000 0.311000 0.002217
decod24-v3_45
original 0 150 303 191 153 4.000000 0.311000 0.086142
urf4_187
improve 0 512064 914312 509649 402207 4.000000 0.311000 39.808404
life_238
original 0 22445 40820 24331 18375 4.000000 0.311000 10.296923
con1_216
improve 0 954 1755 1045 801 4.000000 0.311000 0.083370
hwb6_56
improve 0 6723 11859 7133 5136 4.000000 0.311000 0.389800
mod10_176
original 0 178 298 184 120 4.000000 0.311000 0.014860
ex1_226
original 0 7 10 5 3 4.000000 0.311000 0.001501
sf_276
improve 0 778 1520 936 738 4.000000 0.311000 0.788695
cm152a_212
original 0 1221 2274 1431 1053 4.000000 0.311000 0.103518
4gt12-v0_87
original 0 247 424 249 177 4.000000 0.311000 0.022765
decod24-enable_126
original 0 338 593 365 255 4.000000 0.311000 0.024992
radd_250
original 0 3213 5805 3433 2592 4.000000 0.311000 0.383078
pm1_249
improve 0 1776 3123 1795 1347 4.000000 0.311000 0.109819
sf_274
improve 0 781 1399 871 618 4.000000 0.311000 0.067107
miller_11
original 0 50 89 62 39 4.000000 0.311000 0.004881
rd53_251
original 0 1291 2224 1339 933 4.000000 0.311000 0.069282
mlp4_245
improve 0 18852 34929 20733 16068 4.000000 0.311000 2.619116
9symml_195
improve 0 34881 62624 37771 27738 4.000000 0.311000 3.348803
rd84_142
improve 0 343 646 254 303 4.000000 0.311000 0.095134
inc_237
improve 0 10619 19064 11508 8439 4.000000 0.311000 2.661016
sqn_258
improve 0 10223 18291 10659 8046 4.000000 0.311000 5.639754
alu-v2_33
original 0 37 61 39 24 4.000000 0.311000 0.007766
sao2_257
improve 0 38577 70543 39011 31938 4.000000 0.311000 9.712157
co14_215
improve 0 17936 34210 18317 16242 4.000000 0.311000 18.406804
decod24-v1_41
improve 0 85 181 122 96 4.000000 0.311000 0.020945
4mod5-v0_20
original 0 20 29 18 9 4.000000 0.311000 0.002359
alu-v4_37
original 0 37 58 37 21 4.000000 0.311000 0.003657
urf3_155
original 0 423488 752513 432732 329025 4.000000 0.311000 59.216715
misex1_241
original 0 4813 8590 5157 3777 4.000000 0.311000 0.426298
alu-v0_27
original 0 36 57 37 21 4.000000 0.311000 0.003258
4mod5-v1_24
original 0 36 72 39 36 4.000000 0.311000 0.009738
4mod7-v1_96
original 0 164 293 191 129 4.000000 0.311000 0.021812
cm82a_208
improve 0 650 1124 625 474 4.000000 0.311000 0.087477
ham15_107
improve 0 8763 16041 9739 7266 4.000000 0.311000 4.311371
0example
original 0 9 36 31 27 4.000000 0.311000 0.018497
dc1_220
improve 0 1914 3483 2078 1569 4.000000 0.311000 0.128331
4gt4-v1_74
original 0 273 486 293 213 4.000000 0.311000 0.022947
rd32-v1_68
original 0 36 57 37 21 4.000000 0.311000 0.003235
decod24-v0_38
original 0 51 84 52 33 4.000000 0.311000 0.004830
sym6_316
improve 0 270 525 287 255 4.000000 0.311000 0.039434
alu-v0_26
original 0 84 144 85 60 4.000000 0.311000 0.006663
clip_206
original 0 33827 62189 35948 28362 4.000000 0.311000 10.284409
4mod5-v0_18
original 0 69 111 72 42 4.000000 0.311000 0.016066
cm85a_209
improve 0 11414 21080 12938 9660 4.000000 0.311000 3.305079
alu-v4_36
original 0 115 193 117 78 4.000000 0.311000 0.013878
one-two-three-v0_97
improve 0 290 572 363 282 4.000000 0.311000 0.034217
4gt13_90
original 0 107 179 111 72 4.000000 0.311000 0.010604
mod5d2_64
original 0 53 92 58 39 4.000000 0.311000 0.005364
ground_state_estimation_10
original 0 390180 457794 206598 67614 4.000000 0.311000 11.889595
C17_204
original 0 467 818 489 351 4.000000 0.311000 0.144700
4gt13_92
original 0 66 156 105 90 4.000000 0.311000 0.014911
rd53_130
improve 0 1043 1796 1051 753 4.000000 0.311000 0.061182
alu-v3_34
original 0 52 85 53 33 4.000000 0.311000 0.005382
decod24-bdd_294
original 0 73 118 71 45 4.000000 0.311000 0.006924
4gt5_76
original 0 91 163 114 72 4.000000 0.311000 0.007998
sym9_146
improve 0 328 583 267 255 4.000000 0.311000 0.024348
4mod5-v1_22
original 0 21 33 21 12 4.000000 0.311000 0.002748
rd32_270
original 0 84 144 91 60 4.000000 0.311000 0.008436
hwb4_49
original 0 233 401 251 168 4.000000 0.311000 0.016298
urf5_280
improve 0 49829 90811 55056 40971 4.000000 0.311000 5.290873
4gt5_77
original 0 131 218 127 87 4.000000 0.311000 0.022943
rd84_253
improve 0 13658 25155 14291 11484 4.000000 0.311000 3.227924
4_49_16
improve 0 217 436 285 210 4.000000 0.311000 2.002440
qft_10
improve 0 200 314 129 114 4.000000 0.311000 0.097604
4mod5-bdd_287
original 0 70 121 70 51 4.000000 0.311000 0.007712
qft_16
improve 0 512 902 264 348 4.000000 0.311000 5.796045
urf1_149
improve 0 184864 322072 187005 137208 4.000000 0.311000 11.060205
urf5_158
improve 0 164416 293684 170287 129240 4.000000 0.311000 13.441549
urf3_279
improve 0 125362 236394 143752 110964 4.000000 0.311000 25.906739
4gt12-v0_86
original 0 251 434 259 183 4.000000 0.311000 0.052825
4gt4-v0_73
original 0 395 689 438 294 4.000000 0.311000 0.017987
alu-v1_29
original 0 37 58 37 21 4.000000 0.311000 0.003878
alu-bdd_288
improve 0 84 150 94 66 4.000000 0.311000 0.010185
decod24-v2_43
original 0 52 82 52 30 4.000000 0.311000 0.004596
mod8-10_178
improve 0 342 606 361 264 4.000000 0.311000 0.025393
one-two-three-v0_98
improve 0 146 323 196 177 4.000000 0.311000 0.081189
4gt4-v0_78
original 0 235 409 246 174 4.000000 0.311000 0.023155
4mod5-v0_19
original 0 35 59 39 24 4.000000 0.311000 0.003812
alu-v2_30
original 0 504 951 582 447 4.000000 0.311000 0.038781
alu-v3_35
original 0 37 58 37 21 4.000000 0.311000 0.003876
dist_223
improve 0 38046 69976 39756 31872 4.000000 0.311000 19.013563
4gt4-v0_79
original 0 231 399 235 168 4.000000 0.311000 0.031736
hwb8_113
original 0 69380 122069 72620 52689 4.000000 0.311000 4.098160
ex3_229
improve 0 403 793 486 390 4.000000 0.311000 0.070034
xor5_254
original 0 7 10 5 3 4.000000 0.311000 0.001592
f2_232
original 0 1206 2169 1323 963 4.000000 0.311000 0.176210
time:7631.176505