rd53_138
original 0 132 231 111 99 5.000000 0.150000 0.017010
4gt13-v1_93
original 0 68 143 102 75 5.000000 0.150000 0.014045
mod5mils_65
original 0 35 59 40 24 5.000000 0.150000 0.003603
mod5d1_63
original 0 22 40 26 18 5.000000 0.150000 0.005027
sym10_262
original 0 64283 116042 69334 51759 5.000000 0.150000 15.619742
aj-e11_165
original 0 151 262 169 111 5.000000 0.150000 0.031395
hwb9_119
improve 0 207775 368825 222675 160941 5.000000 0.150000 42.508555
4gt11_83
original 0 23 32 23 9 5.000000 0.150000 0.061436
cm42a_207
improve 0 1776 3090 1785 1314 5.000000 0.150000 0.105884
4gt4-v0_72
improve 0 258 435 246 177 5.000000 0.150000 0.019737
max46_240
improve 0 27126 48567 28706 21405 5.000000 0.150000 9.837844
dc2_222
improve 0 9462 17196 10548 7734 5.000000 0.150000 0.742955
sym9_193
original 0 34881 62457 37141 27576 5.000000 0.150000 21.977988
rd53_135
original 0 296 518 306 222 5.000000 0.150000 0.031919
mod10_171
original 0 244 415 259 171 5.000000 0.150000 0.018847
ising_model_13
original 0 633 633 143 0 5.000000 0.150000 0.010966
adr4_197
improve 0 3439 6343 3748 2904 5.000000 0.150000 0.386508
4gt11_84
original 0 18 27 17 9 5.000000 0.150000 0.003326
4gt11_82
original 0 27 42 33 15 5.000000 0.150000 0.003015
wim_266
original 0 986 1745 989 759 5.000000 0.150000 0.083169
rd53_131
original 0 469 868 529 399 5.000000 0.150000 0.035732
mod8-10_177
improve 0 440 767 492 327 5.000000 0.150000 0.029664
4gt10-v1_81
original 0 148 259 166 111 5.000000 0.150000 0.014826
alu-v1_28
original 0 37 61 36 24 5.000000 0.150000 0.003960
cnt3-5_179
improve 0 175 331 123 156 5.000000 0.150000 0.024846
square_root_7
improve 0 7630 13973 7559 6339 5.000000 0.150000 1.459493
one-two-three-v1_99
original 0 132 237 155 105 5.000000 0.150000 0.014338
mini_alu_305
original 0 173 314 141 141 5.000000 0.150000 0.025777
rd53_311
original 0 275 503 247 228 5.000000 0.150000 0.032533
3_17_13
original 0 36 54 35 18 5.000000 0.150000 0.002952
rd73_252
improve 0 5321 9431 5545 4086 5.000000 0.150000 4.243845
4gt4-v0_80
original 0 179 317 200 138 5.000000 0.150000 0.017553
hwb7_59
original 0 24379 42055 25065 17676 5.000000 0.150000 1.392820
ham3_102
original 0 20 35 26 15 5.000000 0.150000 0.010587
cnt3-5_180
improve 0 485 863 431 378 5.000000 0.150000 0.062981
rd53_133
original 0 580 1054 654 474 5.000000 0.150000 1.388449
4mod7-v0_94
improve 0 162 354 248 192 5.000000 0.150000 0.029146
plus63mod4096_163
improve 0 128744 235635 143536 106698 5.000000 0.150000 74.243855
mini-alu_167
original 0 288 501 312 213 5.000000 0.150000 0.055383
root_255
improve 0 17159 30761 17261 13602 5.000000 0.150000 1.484345
z4_268
original 0 3073 5647 3345 2574 5.000000 0.150000 0.892731
majority_239
improve 0 612 1179 748 555 5.000000 0.150000 5.893270
ex2_227
improve 0 631 1324 857 687 5.000000 0.150000 2.070847
urf2_277
improve 0 20112 37062 22969 16950 5.000000 0.150000 1.739810
one-two-three-v3_101
original 0 70 112 67 42 5.000000 0.150000 0.014559
4gt13_91
original 0 103 163 102 60 5.000000 0.150000 0.009821
4gt12-v1_89
original 0 228 396 235 168 5.000000 0.150000 0.017527
sqrt8_260
original 0 3009 5361 3167 2352 5.000000 0.150000 1.465763
rd32-v0_66
original 0 34 55 37 21 5.000000 0.150000 0.004576
sym9_148
improve 0 21504 37926 23048 16422 5.000000 0.150000 1.505856
4gt5_75
original 0 83 134 78 51 5.000000 0.150000 0.014480
0410184_169
original 0 211 385 198 174 5.000000 0.150000 0.022916
urf2_152
improve 0 80480 138845 83020 58365 5.000000 0.150000 4.718481
urf1_278
improve 0 54766 99901 61414 45117 5.000000 0.150000 10.275288
sym6_145
original 0 3888 6645 4116 2757 5.000000 0.150000 0.220845
alu-v2_32
original 0 163 283 174 120 5.000000 0.150000 0.009710
4gt12-v0_88
original 0 194 332 209 138 5.000000 0.150000 0.010338
squar5_261
original 0 1993 3538 2017 1545 5.000000 0.150000 0.186005
alu-v2_31
original 0 451 790 502 339 5.000000 0.150000 0.028093
hwb5_53
original 0 1336 2314 1445 978 5.000000 0.150000 0.073993
one-two-three-v2_100
original 0 69 114 73 45 5.000000 0.150000 0.006619
cycle10_2_110
original 0 6050 11213 6937 5163 5.000000 0.150000 1.437680
urf6_160
improve 0 171840 314108 182014 142206 5.000000 0.150000 33.916798
ising_model_10
original 0 480 480 110 0 5.000000 0.150000 0.087096
sys6-v0_111
original 0 215 383 157 168 5.000000 0.150000 0.027424
plus63mod8192_164
improve 0 187112 339564 206187 152322 5.000000 0.150000 58.658988
mod5adder_127
improve 0 555 996 615 441 5.000000 0.150000 0.102517
rd73_140
original 0 230 407 200 177 5.000000 0.150000 0.026854
4mod5-v1_23
original 0 69 120 80 51 5.000000 0.150000 0.004029
graycode6_47
original 0 5 5 5 0 5.000000 0.150000 0.000762
ising_model_16
original 0 786 786 176 0 5.000000 0.150000 0.010851
ham7_104
improve 0 320 644 417 324 5.000000 0.150000 0.080291
ex-1_166
original 0 19 31 21 12 5.000000 0.150000 0.002226
decod24-v3_45
original 0 150 321 209 171 5.000000 0.150000 0.083705
urf4_187
original 0 512064 903186 511361 391122 5.000000 0.150000 48.804771
life_238
improve 0 22445 40679 24952 18234 5.000000 0.150000 2.275521
con1_216
original 0 954 1758 1020 804 5.000000 0.150000 0.104285
hwb6_56
improve 0 6723 11604 6992 4881 5.000000 0.150000 0.370198
mod10_176
original 0 178 304 190 126 5.000000 0.150000 0.017064
ex1_226
original 0 7 10 6 3 5.000000 0.150000 0.001685
sf_276
original 0 778 1456 929 678 5.000000 0.150000 16.214387
cm152a_212
improve 0 1221 2448 1517 1200 5.000000 0.150000 31.462088
4gt12-v0_87
original 0 247 412 243 165 5.000000 0.150000 0.017546
decod24-enable_126
original 0 338 590 383 252 5.000000 0.150000 0.017261
radd_250
improve 0 3213 5691 3371 2478 5.000000 0.150000 0.221250
pm1_249
improve 0 1776 3090 1785 1314 5.000000 0.150000 0.113871
sf_274
original 0 781 1453 906 672 5.000000 0.150000 0.328412
miller_11
original 0 50 86 59 36 5.000000 0.150000 0.004915
rd53_251
improve 0 1291 2233 1368 942 5.000000 0.150000 0.071665
mlp4_245
improve 0 18852 34272 20411 15333 5.000000 0.150000 28.719800
9symml_195
original 0 34881 62457 37141 27576 5.000000 0.150000 21.962476
rd84_142
improve 0 343 625 261 282 5.000000 0.150000 0.069063
inc_237
improve 0 10619 19285 12067 8658 5.000000 0.150000 2.413475
sqn_258
improve 0 10223 18581 11214 8340 5.000000 0.150000 7.827505
alu-v2_33
original 0 37 61 33 24 5.000000 0.150000 0.006920
sao2_257
original 0 38577 69693 38709 31116 5.000000 0.150000 9.351838
co14_215
improve 0 17936 34213 18723 16209 5.000000 0.150000 13.108687
decod24-v1_41
original 0 85 178 119 93 5.000000 0.150000 0.024268
4mod5-v0_20
original 0 20 32 19 12 5.000000 0.150000 0.002575
alu-v4_37
original 0 37 58 33 21 5.000000 0.150000 0.003679
urf3_155
improve 0 423488 749378 441095 325827 5.000000 0.150000 30.383479
misex1_241
improve 0 4813 8626 5261 3813 5.000000 0.150000 0.446499
alu-v0_27
original 0 36 63 41 27 5.000000 0.150000 0.005740
4mod5-v1_24
original 0 36 75 41 39 5.000000 0.150000 0.010838
4mod7-v1_96
original 0 164 269 157 105 5.000000 0.150000 0.016490
cm82a_208
improve 0 650 1142 636 492 5.000000 0.150000 0.057413
ham15_107
original 0 8763 16155 9740 7392 5.000000 0.150000 0.910831
0example
original 0 9 36 31 27 5.000000 0.150000 0.021868
dc1_220
improve 0 1914 3498 2164 1581 5.000000 0.150000 1.437958
4gt4-v1_74
original 0 273 459 286 186 5.000000 0.150000 0.019194
rd32-v1_68
original 0 36 57 37 21 5.000000 0.150000 0.003305
decod24-v0_38
original 0 51 84 56 33 5.000000 0.150000 0.004778
sym6_316
original 0 270 498 265 228 5.000000 0.150000 0.031631
alu-v0_26
original 0 84 138 84 54 5.000000 0.150000 0.009464
clip_206
original 0 33827 61538 35674 27711 5.000000 0.150000 10.996478
4mod5-v0_18
original 0 69 111 69 42 5.000000 0.150000 0.014092
cm85a_209
improve 0 11414 20996 13252 9567 5.000000 0.150000 8.330118
alu-v4_36
original 0 115 196 126 81 5.000000 0.150000 0.014512
one-two-three-v0_97
original 0 290 554 349 264 5.000000 0.150000 0.029314
4gt13_90
original 0 107 170 109 63 5.000000 0.150000 0.010187
mod5d2_64
original 0 53 89 59 36 5.000000 0.150000 0.005526
ground_state_estimation_10
original 0 390180 458031 206409 67851 5.000000 0.150000 11.741968
C17_204
original 0 467 809 485 342 5.000000 0.150000 0.148528
4gt13_92
original 0 66 156 105 90 5.000000 0.150000 0.013234
rd53_130
original 0 1043 1748 1040 705 5.000000 0.150000 0.063563
alu-v3_34
original 0 52 85 55 33 5.000000 0.150000 0.004710
decod24-bdd_294
original 0 73 115 74 42 5.000000 0.150000 0.006453
4gt5_76
original 0 91 160 108 69 5.000000 0.150000 0.008720
sym9_146
improve 0 328 605 298 273 5.000000 0.150000 0.385461
4mod5-v1_22
original 0 21 33 22 12 5.000000 0.150000 0.002753
rd32_270
original 0 84 129 79 45 5.000000 0.150000 0.005965
hwb4_49
original 0 233 386 241 153 5.000000 0.150000 0.018705
urf5_280
original 0 49829 89858 54485 40029 5.000000 0.150000 5.877597
4gt5_77
original 0 131 215 137 84 5.000000 0.150000 0.023152
rd84_253
original 0 13658 25103 14701 11445 5.000000 0.150000 2.732187
4_49_16
improve 0 217 424 281 207 5.000000 0.150000 0.025901
qft_10
original 0 200 296 90 96 5.000000 0.150000 0.099279
4mod5-bdd_287
original 0 70 121 70 51 5.000000 0.150000 0.008902
qft_16
original 0 512 890 273 378 5.000000 0.150000 16.367933
urf1_149
improve 0 184864 320014 188950 135150 5.000000 0.150000 11.511578
urf5_158
improve 0 164416 292528 176362 128112 5.000000 0.150000 10.298531
urf3_279
improve 0 125362 232876 141802 107451 5.000000 0.150000 24.367066
4gt12-v0_86
improve 0 251 413 248 162 5.000000 0.150000 0.070098
4gt4-v0_73
original 0 395 689 444 294 5.000000 0.150000 0.025505
alu-v1_29
original 0 37 64 41 27 5.000000 0.150000 0.004368
alu-bdd_288
original 0 84 153 97 69 5.000000 0.150000 0.009567
decod24-v2_43
original 0 52 82 52 30 5.000000 0.150000 0.004530
mod8-10_178
improve 0 342 585 354 243 5.000000 0.150000 0.023784
one-two-three-v0_98
original 0 146 320 204 174 5.000000 0.150000 1.404225
4gt4-v0_78
improve 0 235 394 250 159 5.000000 0.150000 0.019535
4mod5-v0_19
original 0 35 59 40 24 5.000000 0.150000 0.003993
alu-v2_30
original 0 504 975 615 471 5.000000 0.150000 0.049920
alu-v3_35
original 0 37 58 33 21 5.000000 0.150000 0.003875
dist_223
improve 0 38046 69084 40148 30972 5.000000 0.150000 15.095941
4gt4-v0_79
improve 0 231 390 247 159 5.000000 0.150000 0.025422
hwb8_113
original 0 69380 121025 73051 51645 5.000000 0.150000 5.170967
ex3_229
original 0 403 805 537 402 5.000000 0.150000 0.079128
xor5_254
original 0 7 10 6 3 5.000000 0.150000 0.000970
f2_232
improve 0 1206 2217 1451 1011 5.000000 0.150000 0.331450
time:5278.944603