rd53_138
original 0 132 225 110 93 4.000000 0.451000 0.013968
4gt13-v1_93
original 0 68 143 102 75 4.000000 0.451000 0.014752
mod5mils_65
original 0 35 59 40 24 4.000000 0.451000 0.003594
mod5d1_63
original 0 22 40 26 18 4.000000 0.451000 0.005106
sym10_262
improve 0 64283 117041 69566 52755 4.000000 0.451000 5.250714
aj-e11_165
original 0 151 265 162 114 4.000000 0.451000 0.029769
hwb9_119
original 0 207775 371170 221740 163395 4.000000 0.451000 30.005601
4gt11_83
original 0 23 32 23 9 4.000000 0.451000 0.063844
cm42a_207
improve 0 1776 3123 1795 1347 4.000000 0.451000 0.102616
4gt4-v0_72
improve 0 258 447 268 189 4.000000 0.451000 0.021686
max46_240
improve 0 27126 48316 28332 21174 4.000000 0.451000 4.160168
dc2_222
original 0 9462 17193 10301 7731 4.000000 0.451000 2.352791
sym9_193
improve 0 34881 62624 37771 27738 4.000000 0.451000 3.367460
rd53_135
original 0 296 533 318 237 4.000000 0.451000 0.036148
mod10_171
original 0 244 442 268 198 4.000000 0.451000 0.022735
ising_model_13
original 0 633 633 143 0 4.000000 0.451000 0.011038
adr4_197
improve 0 3439 6580 3872 3141 4.000000 0.451000 0.397979
4gt11_84
original 0 18 27 17 9 4.000000 0.451000 0.003301
4gt11_82
original 0 27 39 30 12 4.000000 0.451000 0.002694
wim_266
improve 0 986 1694 965 708 4.000000 0.451000 0.062983
rd53_131
original 0 469 862 525 393 4.000000 0.451000 0.051256
mod8-10_177
original 0 440 770 481 330 4.000000 0.451000 0.026774
4gt10-v1_81
original 0 148 262 170 114 4.000000 0.451000 0.015058
alu-v1_28
original 0 37 61 39 24 4.000000 0.451000 0.003303
cnt3-5_179
original 0 175 352 131 177 4.000000 0.451000 0.050220
square_root_7
original 0 7630 14608 8024 6978 4.000000 0.451000 3.170559
one-two-three-v1_99
original 0 132 234 151 102 4.000000 0.451000 0.014585
mini_alu_305
improve 0 173 323 147 150 4.000000 0.451000 0.046348
rd53_311
original 0 275 524 259 249 4.000000 0.451000 0.029541
3_17_13
original 0 36 57 38 21 4.000000 0.451000 0.003337
rd73_252
improve 0 5321 9656 5625 4323 4.000000 0.451000 2.655149
4gt4-v0_80
original 0 179 311 199 132 4.000000 0.451000 0.014780
hwb7_59
improve 0 24379 42790 25334 18411 4.000000 0.451000 1.411007
ham3_102
original 0 20 35 26 15 4.000000 0.451000 0.011014
cnt3-5_180
original 0 485 893 446 408 4.000000 0.451000 0.059541
rd53_133
original 0 580 1090 687 510 4.000000 0.451000 0.047715
4mod7-v0_94
improve 0 162 336 225 174 4.000000 0.451000 0.022290
plus63mod4096_163
improve 0 128744 235133 141242 106266 4.000000 0.451000 39.062898
mini-alu_167
original 0 288 483 282 195 4.000000 0.451000 0.058839
root_255
improve 0 17159 31595 17798 14406 4.000000 0.451000 9.462023
z4_268
original 0 3073 5785 3387 2712 4.000000 0.451000 8.552450
majority_239
original 0 612 1179 750 567 4.000000 0.451000 193.030480
ex2_227
original 0 631 1237 784 606 4.000000 0.451000 0.121467
urf2_277
original 0 20112 37782 23161 17670 4.000000 0.451000 1.804490
one-two-three-v3_101
original 0 70 115 71 45 4.000000 0.451000 0.013723
4gt13_91
original 0 103 169 104 66 4.000000 0.451000 0.009814
4gt12-v1_89
original 0 228 411 253 183 4.000000 0.451000 0.019105
sqrt8_260
original 0 3009 5445 3197 2436 4.000000 0.451000 0.263364
rd32-v0_66
original 0 34 55 37 21 4.000000 0.451000 0.004326
sym9_148
improve 0 21504 39879 24824 18363 4.000000 0.451000 3.563783
4gt5_75
original 0 83 137 79 54 4.000000 0.451000 0.013800
0410184_169
original 0 211 382 186 171 4.000000 0.451000 0.025854
urf2_152
original 0 80480 140012 82387 59532 4.000000 0.451000 7.686978
urf1_278
original 0 54766 101209 61570 46443 4.000000 0.451000 5.278055
sym6_145
improve 0 3888 6756 4121 2868 4.000000 0.451000 0.230862
alu-v2_32
original 0 163 286 177 123 4.000000 0.451000 0.014827
4gt12-v0_88
original 0 194 326 193 132 4.000000 0.451000 0.016940
squar5_261
improve 0 1993 3569 2041 1572 4.000000 0.451000 0.579969
alu-v2_31
original 0 451 763 472 312 4.000000 0.451000 0.023872
hwb5_53
improve 0 1336 2329 1443 993 4.000000 0.451000 0.067684
one-two-three-v2_100
original 0 69 114 73 45 4.000000 0.451000 0.005533
cycle10_2_110
original 0 6050 11120 6723 5070 4.000000 0.451000 4.280704
urf6_160
improve 0 171840 313782 179227 141930 4.000000 0.451000 17.653065
ising_model_10
original 0 480 480 110 0 4.000000 0.451000 0.057224
sys6-v0_111
original 0 215 374 154 159 4.000000 0.451000 0.019788
plus63mod8192_164
improve 0 187112 342462 205619 155265 4.000000 0.451000 36.855503
mod5adder_127
original 0 555 996 603 441 4.000000 0.451000 0.105049
rd73_140
original 0 230 395 182 165 4.000000 0.451000 0.017674
4mod5-v1_23
original 0 69 123 78 54 4.000000 0.451000 0.007393
graycode6_47
original 0 5 5 5 0 4.000000 0.451000 0.001137
ising_model_16
original 0 786 786 176 0 4.000000 0.451000 0.011566
ham7_104
original 0 320 650 408 330 4.000000 0.451000 0.034771
ex-1_166
original 0 19 31 21 12 4.000000 0.451000 0.002759
decod24-v3_45
original 0 150 303 191 153 4.000000 0.451000 0.089386
urf4_187
improve 0 512064 914312 509649 402207 4.000000 0.451000 39.971422
life_238
original 0 22445 40820 24331 18375 4.000000 0.451000 10.263316
con1_216
improve 0 954 1755 1045 801 4.000000 0.451000 0.080877
hwb6_56
improve 0 6723 11859 7133 5136 4.000000 0.451000 0.369591
mod10_176
original 0 178 298 184 120 4.000000 0.451000 0.016213
ex1_226
original 0 7 10 5 3 4.000000 0.451000 0.001544
sf_276
improve 0 778 1520 936 738 4.000000 0.451000 0.772251
cm152a_212
original 0 1221 2274 1431 1053 4.000000 0.451000 0.103531
4gt12-v0_87
original 0 247 424 249 177 4.000000 0.451000 0.022495
decod24-enable_126
original 0 338 593 365 255 4.000000 0.451000 0.025546
radd_250
original 0 3213 5805 3433 2592 4.000000 0.451000 0.372015
pm1_249
improve 0 1776 3123 1795 1347 4.000000 0.451000 0.110788
sf_274
improve 0 781 1399 871 618 4.000000 0.451000 0.067019
miller_11
original 0 50 89 62 39 4.000000 0.451000 0.004866
rd53_251
original 0 1291 2224 1339 933 4.000000 0.451000 0.083872
mlp4_245
improve 0 18852 34929 20733 16068 4.000000 0.451000 2.712877
9symml_195
improve 0 34881 62624 37771 27738 4.000000 0.451000 3.380311
rd84_142
improve 0 343 646 254 303 4.000000 0.451000 0.094706
inc_237
improve 0 10619 19064 11508 8439 4.000000 0.451000 2.748479
sqn_258
improve 0 10223 18291 10659 8046 4.000000 0.451000 5.630958
alu-v2_33
original 0 37 61 39 24 4.000000 0.451000 0.008026
sao2_257
improve 0 38577 70543 39011 31938 4.000000 0.451000 9.813841
co14_215
improve 0 17936 34210 18317 16242 4.000000 0.451000 18.291217
decod24-v1_41
improve 0 85 181 122 96 4.000000 0.451000 0.018871
4mod5-v0_20
original 0 20 29 18 9 4.000000 0.451000 0.001862
alu-v4_37
original 0 37 58 37 21 4.000000 0.451000 0.003694
