rd53_138
original 0 132 219 106 87 5.000000 0.611000 0.014030
4gt13-v1_93
original 0 68 143 102 75 5.000000 0.611000 0.012814
mod5mils_65
original 0 35 59 39 24 5.000000 0.611000 0.003664
mod5d1_63
original 0 22 40 26 18 5.000000 0.611000 0.005246
sym10_262
original 0 64283 117194 70271 52911 5.000000 0.611000 16.953691
aj-e11_165
original 0 151 259 152 108 5.000000 0.611000 0.035756
hwb9_119
improve 0 207775 367989 222758 160167 5.000000 0.611000 24.339488
4gt11_83
original 0 23 32 23 9 5.000000 0.611000 0.064692
cm42a_207
original 0 1776 3087 1803 1311 5.000000 0.611000 0.106579
4gt4-v0_72
original 0 258 444 262 186 5.000000 0.611000 0.021254
max46_240
original 0 27126 48546 28169 21420 5.000000 0.611000 2.275782
dc2_222
improve 0 9462 17573 10645 8079 5.000000 0.611000 13.579194
sym9_193
improve 0 34881 62916 37969 28023 5.000000 0.611000 4.994363
rd53_135
improve 0 296 515 297 219 5.000000 0.611000 0.044070
mod10_171
original 0 244 415 261 171 5.000000 0.611000 0.017369
ising_model_13
original 0 633 633 143 0 5.000000 0.611000 0.008983
adr4_197
original 0 3439 6376 3754 2937 5.000000 0.611000 1.991404
4gt11_84
original 0 18 27 17 9 5.000000 0.611000 0.003629
4gt11_82
original 0 27 42 33 15 5.000000 0.611000 0.003168
wim_266
original 0 986 1724 992 738 5.000000 0.611000 0.077382
rd53_131
original 0 469 877 540 408 5.000000 0.611000 0.039769
mod8-10_177
original 0 440 770 475 330 5.000000 0.611000 0.028711
4gt10-v1_81
original 0 148 247 152 99 5.000000 0.611000 0.013384
alu-v1_28
original 0 37 58 38 21 5.000000 0.611000 0.003913
cnt3-5_179
original 0 175 343 143 168 5.000000 0.611000 0.049846
square_root_7
improve 0 7630 13864 7452 6210 5.000000 0.611000 5.969769
one-two-three-v1_99
original 0 132 228 140 96 5.000000 0.611000 0.013257
mini_alu_305
original 0 173 311 156 138 5.000000 0.611000 0.025854
rd53_311
original 0 275 482 231 207 5.000000 0.611000 0.028148
3_17_13
original 0 36 54 35 18 5.000000 0.611000 0.003221
rd73_252
improve 0 5321 9332 5477 4011 5.000000 0.611000 0.358213
4gt4-v0_80
original 0 179 314 192 135 5.000000 0.611000 0.019311
hwb7_59
original 0 24379 42283 25199 17904 5.000000 0.611000 1.518437
ham3_102
original 0 20 35 26 15 5.000000 0.611000 0.008102
cnt3-5_180
improve 0 485 857 417 372 5.000000 0.611000 0.048546
rd53_133
original 0 580 1069 663 489 5.000000 0.611000 0.458091
4mod7-v0_94
improve 0 162 357 258 195 5.000000 0.611000 0.023166
plus63mod4096_163
original 0 128744 234701 142337 105957 5.000000 0.611000 84.310498
mini-alu_167
original 0 288 480 307 192 5.000000 0.611000 0.056560
root_255
original 0 17159 30707 17356 13548 5.000000 0.611000 4.403998
z4_268
original 0 3073 5887 3479 2814 5.000000 0.611000 12.760295
majority_239
improve 0 612 1203 732 540 5.000000 0.611000 38.238208
ex2_227
improve 0 631 1234 789 603 5.000000 0.611000 0.081512
urf2_277
improve 0 20112 37086 22954 16956 5.000000 0.611000 5.907685
one-two-three-v3_101
original 0 70 115 73 45 5.000000 0.611000 0.013327
4gt13_91
original 0 103 169 108 66 5.000000 0.611000 0.010487
4gt12-v1_89
original 0 228 405 247 177 5.000000 0.611000 0.019708
sqrt8_260
original 0 3009 5415 3201 2406 5.000000 0.611000 0.605222
rd32-v0_66
original 0 34 55 37 21 5.000000 0.611000 0.004458
sym9_148
improve 0 21504 38763 23995 17247 5.000000 0.611000 3.732730
4gt5_75
original 0 83 137 84 54 5.000000 0.611000 0.015338
0410184_169
improve 0 211 379 190 168 5.000000 0.611000 0.025789
urf2_152
improve 0 80480 138965 83094 58485 5.000000 0.611000 4.689020
urf1_278
improve 0 54766 100093 61849 45297 5.000000 0.611000 14.624604
sym6_145
improve 0 3888 6750 4170 2862 5.000000 0.611000 0.213289
alu-v2_32
original 0 163 286 180 123 5.000000 0.611000 0.008770
4gt12-v0_88
original 0 194 317 202 123 5.000000 0.611000 0.016352
squar5_261
improve 0 1993 3595 2083 1602 5.000000 0.611000 0.146730
alu-v2_31
original 0 451 757 471 306 5.000000 0.611000 0.023527
hwb5_53
improve 0 1336 2281 1400 945 5.000000 0.611000 0.074307
one-two-three-v2_100
original 0 69 114 74 45 5.000000 0.611000 0.005631
cycle10_2_110
improve 0 6050 11348 7161 5289 5.000000 0.611000 3.758281
urf6_160
improve 0 171840 314605 182203 142704 5.000000 0.611000 38.521708
ising_model_10
original 0 480 480 110 0 5.000000 0.611000 0.057752
sys6-v0_111
original 0 215 380 160 165 5.000000 0.611000 0.016758
plus63mod8192_164
improve 0 187112 340469 206888 153207 5.000000 0.611000 59.219821
mod5adder_127
improve 0 555 1026 645 471 5.000000 0.611000 0.094823
rd73_140
improve 0 230 392 194 162 5.000000 0.611000 0.025007
4mod5-v1_23
original 0 69 120 80 51 5.000000 0.611000 0.007128
graycode6_47
original 0 5 5 5 0 5.000000 0.611000 0.001099
ising_model_16
original 0 786 786 176 0 5.000000 0.611000 0.011945
ham7_104
original 0 320 647 415 327 5.000000 0.611000 0.090895
ex-1_166
original 0 19 31 21 12 5.000000 0.611000 0.002275
decod24-v3_45
original 0 150 336 214 186 5.000000 0.611000 0.040454
urf4_187
original 0 512064 906615 512971 394551 5.000000 0.611000 125.372763
life_238
original 0 22445 41084 24939 18639 5.000000 0.611000 10.151637
con1_216
original 0 954 1785 1051 831 5.000000 0.611000 0.151963
hwb6_56
improve 0 6723 11631 7009 4908 5.000000 0.611000 0.400248
mod10_176
original 0 178 289 178 111 5.000000 0.611000 0.015044
ex1_226
original 0 7 10 5 3 5.000000 0.611000 0.001487
sf_276
original 0 778 1435 905 657 5.000000 0.611000 0.211528
cm152a_212
original 0 1221 2400 1535 1179 5.000000 0.611000 3.183686
4gt12-v0_87
original 0 247 430 260 183 5.000000 0.611000 0.017797
decod24-enable_126
original 0 338 584 356 246 5.000000 0.611000 0.024698
radd_250
original 0 3213 5790 3433 2577 5.000000 0.611000 1.187924
pm1_249
original 0 1776 3087 1803 1311 5.000000 0.611000 0.149079
sf_274
original 0 781 1531 989 750 5.000000 0.611000 0.160930
miller_11
original 0 50 86 59 36 5.000000 0.611000 0.004886
rd53_251
original 0 1291 2266 1359 975 5.000000 0.611000 0.078801
mlp4_245
original 0 18852 34524 20626 15672 5.000000 0.611000 18.737020
9symml_195
improve 0 34881 62916 37969 28023 5.000000 0.611000 4.995854
rd84_142
original 0 343 625 233 282 5.000000 0.611000 0.070806
inc_237
improve 0 10619 19703 12377 9084 5.000000 0.611000 1.175214
sqn_258
improve 0 10223 18837 11426 8577 5.000000 0.611000 7.206862
alu-v2_33
original 0 37 61 39 24 5.000000 0.611000 0.008276
sao2_257
improve 0 38577 69420 38785 30840 5.000000 0.611000 4.613464
co14_215
improve 0 17936 33584 18111 15624 5.000000 0.611000 10.409166
decod24-v1_41
original 0 85 178 119 93 5.000000 0.611000 0.019710
4mod5-v0_20
original 0 20 29 18 9 5.000000 0.611000 0.002411
alu-v4_37
original 0 37 58 37 21 5.000000 0.611000 0.003761
urf3_155
improve 0 423488 747324 438189 323790 5.000000 0.611000 41.950807
misex1_241
improve 0 4813 8473 5125 3660 5.000000 0.611000 0.417339
alu-v0_27
original 0 36 57 37 21 5.000000 0.611000 0.003434
4mod5-v1_24
original 0 36 78 40 42 5.000000 0.611000 0.011463
4mod7-v1_96
original 0 164 278 180 114 5.000000 0.611000 0.012250
cm82a_208
improve 0 650 1130 658 480 5.000000 0.611000 0.077268
ham15_107
improve 0 8763 15963 9827 7200 5.000000 0.611000 0.700773
0example
original 0 9 39 34 30 5.000000 0.611000 0.020754
dc1_220
improve 0 1914 3480 2200 1566 5.000000 0.611000 0.148037
4gt4-v1_74
original 0 273 468 286 195 5.000000 0.611000 0.020119
rd32-v1_68
original 0 36 57 37 21 5.000000 0.611000 0.003286
decod24-v0_38
original 0 51 84 54 33 5.000000 0.611000 0.005831
sym6_316
improve 0 270 516 277 246 5.000000 0.611000 0.033236
alu-v0_26
original 0 84 138 85 54 5.000000 0.611000 0.008182
clip_206
original 0 33827 62285 36231 28458 5.000000 0.611000 41.819828
4mod5-v0_18
original 0 69 111 72 42 5.000000 0.611000 0.018483
cm85a_209
improve 0 11414 20891 13103 9468 5.000000 0.611000 4.401266
alu-v4_36
original 0 115 193 117 78 5.000000 0.611000 0.009660
one-two-three-v0_97
original 0 290 569 355 279 5.000000 0.611000 0.033079
4gt13_90
original 0 107 179 116 72 5.000000 0.611000 0.010496
mod5d2_64
original 0 53 89 60 36 5.000000 0.611000 0.005985
ground_state_estimation_10
improve 0 390180 454209 202666 64029 5.000000 0.611000 11.717208
C17_204
original 0 467 815 480 348 5.000000 0.611000 0.146812
4gt13_92
original 0 66 156 105 90 5.000000 0.611000 0.019404
rd53_130
original 0 1043 1778 1065 735 5.000000 0.611000 0.067347
alu-v3_34
original 0 52 82 53 30 5.000000 0.611000 0.005213
decod24-bdd_294
original 0 73 118 72 45 5.000000 0.611000 0.008173
4gt5_76
original 0 91 163 114 72 5.000000 0.611000 0.009104
sym9_146
improve 0 328 574 262 246 5.000000 0.611000 0.031351
4mod5-v1_22
original 0 21 33 21 12 5.000000 0.611000 0.002786
rd32_270
original 0 84 141 86 57 5.000000 0.611000 0.007405
hwb4_49
original 0 233 398 250 165 5.000000 0.611000 0.019721
urf5_280
improve 0 49829 89549 54355 39708 5.000000 0.611000 7.118826
4gt5_77
original 0 131 218 128 87 5.000000 0.611000 0.025673
rd84_253
improve 0 13658 24831 14466 11157 5.000000 0.611000 3.275335
4_49_16
original 0 217 418 267 201 5.000000 0.611000 0.023483
qft_10
original 0 200 296 93 96 5.000000 0.611000 0.105662
4mod5-bdd_287
original 0 70 121 75 51 5.000000 0.611000 0.009485
qft_16
improve 0 512 953 275 405 5.000000 0.611000 6.007411
urf1_149
improve 0 184864 321091 188704 136227 5.000000 0.611000 11.700040
urf5_158
improve 0 164416 284722 172361 120306 5.000000 0.611000 10.190454
urf3_279
improve 0 125362 232888 143224 107406 5.000000 0.611000 36.737145
4gt12-v0_86
original 0 251 437 266 186 5.000000 0.611000 0.057637
4gt4-v0_73
original 0 395 689 438 294 5.000000 0.611000 0.023394
alu-v1_29
original 0 37 58 37 21 5.000000 0.611000 0.002225
alu-bdd_288
original 0 84 147 87 63 5.000000 0.611000 0.005209
decod24-v2_43
original 0 52 82 52 30 5.000000 0.611000 0.004643
mod8-10_178
original 0 342 573 345 231 5.000000 0.611000 0.022238
one-two-three-v0_98
original 0 146 302 184 156 5.000000 0.611000 0.032893
4gt4-v0_78
original 0 235 418 268 183 5.000000 0.611000 0.026271
4mod5-v0_19
original 0 35 56 37 21 5.000000 0.611000 0.003410
alu-v2_30
improve 0 504 921 602 417 5.000000 0.611000 0.034467
alu-v3_35
original 0 37 58 37 21 5.000000 0.611000 0.004099
dist_223
improve 0 38046 68588 40211 30507 5.000000 0.611000 10.438638
4gt4-v0_79
original 0 231 414 260 183 5.000000 0.611000 0.033997
hwb8_113
improve 0 69380 124209 75730 54774 5.000000 0.611000 12.712555
ex3_229
original 0 403 811 532 408 5.000000 0.611000 0.068485
xor5_254
original 0 7 10 5 3 5.000000 0.611000 0.001709
f2_232
improve 0 1206 2349 1542 1143 5.000000 0.611000 0.333359
time:19620.327949