rd53_138
original 0 132 219 106 87 7.000000 0.800000 0.018547
4gt13-v1_93
original 0 68 143 102 75 7.000000 0.800000 0.013253
mod5mils_65
original 0 35 59 39 24 7.000000 0.800000 0.003701
mod5d1_63
original 0 22 40 26 18 7.000000 0.800000 0.004829
sym10_262
improve 0 64283 114720 67297 50433 7.000000 0.800000 6.270690
aj-e11_165
original 0 151 271 159 120 7.000000 0.800000 0.031296
hwb9_119
improve 0 207775 363539 215347 155694 7.000000 0.800000 28.546111
4gt11_83
original 0 23 32 23 9 7.000000 0.800000 0.065660
cm42a_207
original 0 1776 3060 1792 1284 7.000000 0.800000 0.107279
4gt4-v0_72
original 0 258 429 242 171 7.000000 0.800000 0.019170
max46_240
improve 0 27126 47361 27660 20187 7.000000 0.800000 11.959926
dc2_222
improve 0 9462 16870 9845 7401 7.000000 0.800000 1.962559
sym9_193
improve 0 34881 61710 36410 26808 7.000000 0.800000 5.085742
rd53_135
original 0 296 515 309 219 7.000000 0.800000 0.028950
mod10_171
original 0 244 427 269 183 7.000000 0.800000 0.022033
ising_model_13
original 0 633 633 143 0 7.000000 0.800000 0.010852
adr4_197
improve 0 3439 6490 3791 3051 7.000000 0.800000 0.422095
4gt11_84
original 0 18 27 17 9 7.000000 0.800000 0.003268
4gt11_82
original 0 27 42 33 15 7.000000 0.800000 0.003057
wim_266
original 0 986 1718 966 732 7.000000 0.800000 0.068818
rd53_131
original 0 469 811 492 342 7.000000 0.800000 0.039671
mod8-10_177
improve 0 440 752 451 312 7.000000 0.800000 0.030209
4gt10-v1_81
original 0 148 247 153 99 7.000000 0.800000 0.012112
alu-v1_28
original 0 37 61 39 24 7.000000 0.800000 0.004065
cnt3-5_179
original 0 175 361 140 186 7.000000 0.800000 0.032999
square_root_7
improve 0 7630 14242 7795 6585 7.000000 0.800000 7.753123
one-two-three-v1_99
original 0 132 225 145 93 7.000000 0.800000 0.015085
mini_alu_305
original 0 173 317 138 144 7.000000 0.800000 0.026829
rd53_311
improve 0 275 494 251 219 7.000000 0.800000 0.028009
3_17_13
original 0 36 54 35 18 7.000000 0.800000 0.003238
rd73_252
improve 0 5321 9365 5379 4017 7.000000 0.800000 4.976218
4gt4-v0_80
improve 0 179 308 180 129 7.000000 0.800000 0.016352
hwb7_59
improve 0 24379 41695 24369 17316 7.000000 0.800000 1.410177
ham3_102
original 0 20 35 26 15 7.000000 0.800000 0.010468
cnt3-5_180
original 0 485 872 417 387 7.000000 0.800000 0.058460
rd53_133
original 0 580 1108 689 528 7.000000 0.800000 0.175602
4mod7-v0_94
improve 0 162 345 240 183 7.000000 0.800000 0.022769
plus63mod4096_163
improve 0 128744 229965 136419 101094 7.000000 0.800000 45.198695
mini-alu_167
original 0 288 498 315 210 7.000000 0.800000 0.058343
root_255
original 0 17159 30527 16876 13368 7.000000 0.800000 3.160875
z4_268
original 0 3073 5788 3407 2715 7.000000 0.800000 0.749687
majority_239
original 0 612 1158 744 546 7.000000 0.800000 191.673506
ex2_227
original 0 631 1225 757 594 7.000000 0.800000 0.203268
urf2_277
improve 0 20112 37269 22778 17157 7.000000 0.800000 1.800902
one-two-three-v3_101
original 0 70 115 69 45 7.000000 0.800000 0.014890
4gt13_91
original 0 103 163 102 60 7.000000 0.800000 0.010310
4gt12-v1_89
original 0 228 384 230 156 7.000000 0.800000 0.018653
sqrt8_260
original 0 3009 5256 3018 2247 7.000000 0.800000 0.228007
rd32-v0_66
original 0 34 55 37 21 7.000000 0.800000 0.004182
sym9_148
original 0 21504 38367 22860 16863 7.000000 0.800000 2.958611
4gt5_75
original 0 83 131 80 48 7.000000 0.800000 0.013615
0410184_169
original 0 211 373 190 162 7.000000 0.800000 0.022619
urf2_152
improve 0 80480 137372 80931 56892 7.000000 0.800000 4.839074
urf1_278
original 0 54766 99433 60208 44667 7.000000 0.800000 19.369977
sym6_145
improve 0 3888 6591 3914 2703 7.000000 0.800000 0.226766
alu-v2_32
original 0 163 274 163 111 7.000000 0.800000 0.015837
4gt12-v0_88
original 0 194 335 204 141 7.000000 0.800000 0.015576
squar5_261
improve 0 1993 3517 1975 1524 7.000000 0.800000 0.141359
alu-v2_31
original 0 451 754 463 303 7.000000 0.800000 0.028167
hwb5_53
improve 0 1336 2290 1416 954 7.000000 0.800000 0.080677
one-two-three-v2_100
original 0 69 114 74 45 7.000000 0.800000 0.005996
cycle10_2_110
original 0 6050 10820 6457 4770 7.000000 0.800000 0.975877
urf6_160
improve 0 171840 308793 176147 136905 7.000000 0.800000 37.064390
ising_model_10
original 0 480 480 110 0 7.000000 0.800000 0.057601
sys6-v0_111
improve 0 215 371 162 156 7.000000 0.800000 0.018326
plus63mod8192_164
improve 0 187112 335053 198341 147852 7.000000 0.800000 46.669536
mod5adder_127
improve 0 555 993 629 438 7.000000 0.800000 0.085137
rd73_140
original 0 230 398 193 168 7.000000 0.800000 0.019340
4mod5-v1_23
original 0 69 123 79 54 7.000000 0.800000 0.007358
graycode6_47
original 0 5 5 5 0 7.000000 0.800000 0.001008
ising_model_16
original 0 786 786 176 0 7.000000 0.800000 0.011595
ham7_104
original 0 320 653 413 333 7.000000 0.800000 0.088217
ex-1_166
original 0 19 31 21 12 7.000000 0.800000 0.002289
decod24-v3_45
original 0 150 303 191 153 7.000000 0.800000 0.080544
urf4_187
improve 0 512064 907942 501946 395844 7.000000 0.800000 41.467131
life_238
original 0 22445 40223 23982 17778 7.000000 0.800000 52.298022
con1_216
original 0 954 1770 1033 816 7.000000 0.800000 0.178884
hwb6_56
original 0 6723 11595 6929 4872 7.000000 0.800000 0.398479
mod10_176
original 0 178 289 177 111 7.000000 0.800000 0.016748
ex1_226
original 0 7 10 5 3 7.000000 0.800000 0.001434
sf_276
improve 0 778 1510 939 720 7.000000 0.800000 2.053440
cm152a_212
improve 0 1221 2379 1492 1158 7.000000 0.800000 0.228244
4gt12-v0_87
original 0 247 406 238 159 7.000000 0.800000 0.017917
decod24-enable_126
original 0 338 569 353 231 7.000000 0.800000 0.022186
radd_250
improve 0 3213 5667 3245 2454 7.000000 0.800000 0.247960
pm1_249
original 0 1776 3060 1792 1284 7.000000 0.800000 0.112660
sf_274
original 0 781 1489 918 708 7.000000 0.800000 0.088708
miller_11
original 0 50 86 59 36 7.000000 0.800000 0.004960
rd53_251
original 0 1291 2236 1349 945 7.000000 0.800000 0.075592
mlp4_245
improve 0 18852 33804 19609 14922 7.000000 0.800000 4.114643
9symml_195
improve 0 34881 61710 36410 26808 7.000000 0.800000 5.228211
rd84_142
original 0 343 628 236 285 7.000000 0.800000 0.111332
inc_237
original 0 10619 19091 11357 8472 7.000000 0.800000 3.589142
sqn_258
improve 0 10223 17987 10719 7764 7.000000 0.800000 0.695954
alu-v2_33
original 0 37 61 39 24 7.000000 0.800000 0.008067
sao2_257
original 0 38577 68517 37328 29940 7.000000 0.800000 6.944603
co14_215
original 0 17936 33284 17304 15348 7.000000 0.800000 12.450835
decod24-v1_41
original 0 85 178 119 93 7.000000 0.800000 0.016675
4mod5-v0_20
original 0 20 29 18 9 7.000000 0.800000 0.002376
alu-v4_37
original 0 37 58 37 21 7.000000 0.800000 0.003779
urf3_155
improve 0 423488 736835 425613 313293 7.000000 0.800000 37.840843
misex1_241
improve 0 4813 8467 4992 3645 7.000000 0.800000 4.093699
alu-v0_27
original 0 36 57 37 21 7.000000 0.800000 0.003279
4mod5-v1_24
original 0 36 75 39 39 7.000000 0.800000 0.013005
4mod7-v1_96
original 0 164 278 169 114 7.000000 0.800000 0.021557
cm82a_208
original 0 650 1118 626 468 7.000000 0.800000 0.065536
ham15_107
improve 0 8763 15766 9421 6987 7.000000 0.800000 4.293132
0example
original 0 9 36 31 27 7.000000 0.800000 0.017660
dc1_220
improve 0 1914 3378 2022 1464 7.000000 0.800000 0.133614
4gt4-v1_74
original 0 273 477 293 204 7.000000 0.800000 0.020540
rd32-v1_68
original 0 36 57 37 21 7.000000 0.800000 0.003373
decod24-v0_38
original 0 51 84 52 33 7.000000 0.800000 0.004523
sym6_316
improve 0 270 498 267 228 7.000000 0.800000 0.033518
alu-v0_26
original 0 84 141 85 57 7.000000 0.800000 0.009260
clip_206
improve 0 33827 61025 35287 27198 7.000000 0.800000 3.935546
4mod5-v0_18
original 0 69 114 75 45 7.000000 0.800000 0.015314
cm85a_209
improve 0 11414 21011 13014 9591 7.000000 0.800000 2.859327
alu-v4_36
original 0 115 187 117 72 7.000000 0.800000 0.012462
one-two-three-v0_97
improve 0 290 551 340 261 7.000000 0.800000 0.027823
4gt13_90
original 0 107 173 110 66 7.000000 0.800000 0.009315
mod5d2_64
original 0 53 92 58 39 7.000000 0.800000 0.005586
ground_state_estimation_10
improve 0 390180 452001 199059 61821 7.000000 0.800000 12.634943
C17_204
original 0 467 803 470 336 7.000000 0.800000 0.146864
4gt13_92
original 0 66 156 105 90 7.000000 0.800000 0.015265
rd53_130
improve 0 1043 1754 1028 711 7.000000 0.800000 0.062127
alu-v3_34
original 0 52 85 53 33 7.000000 0.800000 0.005553
decod24-bdd_294
original 0 73 118 73 45 7.000000 0.800000 0.007239
4gt5_76
original 0 91 151 102 60 7.000000 0.800000 0.008537
sym9_146
original 0 328 580 260 252 7.000000 0.800000 0.034088
4mod5-v1_22
original 0 21 33 21 12 7.000000 0.800000 0.002874
rd32_270
original 0 84 141 89 57 7.000000 0.800000 0.007559
hwb4_49
original 0 233 389 242 156 7.000000 0.800000 0.017681
urf5_280
improve 0 49829 89345 53762 39498 7.000000 0.800000 7.387184
4gt5_77
original 0 131 209 123 78 7.000000 0.800000 0.024580
rd84_253
original 0 13658 24449 13868 10791 7.000000 0.800000 5.943994
4_49_16
improve 0 217 424 278 207 7.000000 0.800000 0.042564
qft_10
improve 0 200 326 132 126 7.000000 0.800000 0.098043
4mod5-bdd_287
original 0 70 121 72 51 7.000000 0.800000 0.008063
qft_16
original 0 512 881 258 369 7.000000 0.800000 0.883486
urf1_149
improve 0 184864 316528 184108 131664 7.000000 0.800000 11.736663
urf5_158
improve 0 164416 287032 169566 122598 7.000000 0.800000 17.931579
urf3_279
original 0 125362 231862 140199 106500 7.000000 0.800000 28.049483
4gt12-v0_86
original 0 251 422 251 171 7.000000 0.800000 0.050159
4gt4-v0_73
original 0 395 680 419 285 7.000000 0.800000 0.020174
alu-v1_29
original 0 37 58 37 21 7.000000 0.800000 0.003981
alu-bdd_288
improve 0 84 150 93 66 7.000000 0.800000 0.011225
decod24-v2_43
original 0 52 82 51 30 7.000000 0.800000 0.004712
mod8-10_178
original 0 342 594 358 252 7.000000 0.800000 0.023079
one-two-three-v0_98
original 0 146 323 195 177 7.000000 0.800000 0.080488
4gt4-v0_78
improve 0 235 406 243 171 7.000000 0.800000 0.026302
4mod5-v0_19
original 0 35 59 38 24 7.000000 0.800000 0.003982
alu-v2_30
original 0 504 936 587 432 7.000000 0.800000 0.740806
alu-v3_35
original 0 37 58 37 21 7.000000 0.800000 0.004041
dist_223
original 0 38046 67884 37856 29838 7.000000 0.800000 6.511434
4gt4-v0_79
original 0 231 396 242 165 7.000000 0.800000 0.032812
hwb8_113
original 0 69380 119921 71254 50541 7.000000 0.800000 4.964277
ex3_229
improve 0 403 814 511 411 7.000000 0.800000 0.079847
xor5_254
original 0 7 10 5 3 7.000000 0.800000 0.000975
f2_232
improve 0 1206 2247 1414 1023 7.000000 0.800000 4.705294
time:20225.385018