rd53_138
original 0 132 234 115 102 2.000000 0.208110 0.016736
4gt13-v1_93
improve 0 68 143 82 75 2.000000 0.208110 0.021255
mod5mils_65
original 0 35 53 33 18 2.000000 0.208110 0.001721
mod5d1_63
original 0 22 40 26 18 2.000000 0.208110 0.004893
sym10_262
improve 0 64283 118308 70551 53910 2.000000 0.208110 43.114621
aj-e11_165
original 0 151 253 150 102 2.000000 0.208110 0.029122
hwb9_119
original 0 207775 376315 225212 168540 2.000000 0.208110 83.758773
4gt11_83
original 0 23 32 23 9 2.000000 0.208110 0.064450
cm42a_207
improve 0 1776 3126 1792 1350 2.000000 0.208110 0.111965
4gt4-v0_72
original 0 258 435 240 177 2.000000 0.208110 0.022307
max46_240
improve 0 27126 49585 28783 22386 2.000000 0.208110 22.059573
dc2_222
improve 0 9462 17371 10405 7905 2.000000 0.208110 1.414353
sym9_193
original 0 34881 64347 37788 29466 2.000000 0.208110 7.255573
rd53_135
improve 0 296 539 320 243 2.000000 0.208110 0.027488
mod10_171
original 0 244 439 286 195 2.000000 0.208110 0.014497
ising_model_13
original 0 633 633 143 0 2.000000 0.208110 0.007742
adr4_197
original 0 3439 6319 3577 2880 2.000000 0.208110 0.413860
4gt11_84
original 0 18 27 17 9 2.000000 0.208110 0.003298
4gt11_82
original 0 27 39 30 12 2.000000 0.208110 0.002562
wim_266
improve 0 986 1730 979 744 2.000000 0.208110 0.075532
rd53_131
original 0 469 904 556 435 2.000000 0.208110 0.050525
mod8-10_177
original 0 440 749 439 309 2.000000 0.208110 0.028685
4gt10-v1_81
original 0 148 250 154 102 2.000000 0.208110 0.013559
alu-v1_28
original 0 37 61 39 24 2.000000 0.208110 0.003784
cnt3-5_179
improve 0 175 349 155 174 2.000000 0.208110 0.093669
square_root_7
improve 0 7630 14514 8050 6873 2.000000 0.208110 6.357497
one-two-three-v1_99
original 0 132 213 133 81 2.000000 0.208110 0.013319
mini_alu_305
original 0 173 299 134 126 2.000000 0.208110 0.022660
rd53_311
improve 0 275 503 250 228 2.000000 0.208110 0.033061
3_17_13
original 0 36 54 35 18 2.000000 0.208110 0.002964
rd73_252
improve 0 5321 9688 5629 4359 2.000000 0.208110 1.799228
4gt4-v0_80
original 0 179 305 184 126 2.000000 0.208110 0.017140
hwb7_59
improve 0 24379 43066 25510 18675 2.000000 0.208110 5.715176
ham3_102
original 0 20 29 20 9 2.000000 0.208110 0.008460
cnt3-5_180
original 0 485 890 446 405 2.000000 0.208110 0.062698
rd53_133
original 0 580 1114 689 534 2.000000 0.208110 0.081026
4mod7-v0_94
improve 0 162 330 213 168 2.000000 0.208110 0.037535
plus63mod4096_163
original 0 128744 238841 143439 110097 2.000000 0.208110 54.997102
mini-alu_167
original 0 288 489 286 201 2.000000 0.208110 0.066601
root_255
improve 0 17159 32242 18232 15075 2.000000 0.208110 5.802977
z4_268
original 0 3073 5926 3415 2853 2.000000 0.208110 15.874766
majority_239
improve 0 612 1143 693 531 2.000000 0.208110 1.112022
ex2_227
original 0 631 1210 743 579 2.000000 0.208110 0.070068
urf2_277
improve 0 20112 37518 23030 17406 2.000000 0.208110 1.861524
one-two-three-v3_101
original 0 70 124 74 54 2.000000 0.208110 0.012600
4gt13_91
improve 0 103 184 122 81 2.000000 0.208110 0.014658
4gt12-v1_89
improve 0 228 387 226 159 2.000000 0.208110 0.019418
sqrt8_260
improve 0 3009 5544 3264 2535 2.000000 0.208110 0.545171
rd32-v0_66
original 0 34 55 36 21 2.000000 0.208110 0.004172
sym9_148
original 0 21504 39465 23675 17961 2.000000 0.208110 10.973651
4gt5_75
original 0 83 128 75 45 2.000000 0.208110 0.014825
0410184_169
original 0 211 379 190 168 2.000000 0.208110 0.024915
urf2_152
improve 0 80480 139712 81879 59232 2.000000 0.208110 5.070314
urf1_278
original 0 54766 101869 61651 47103 2.000000 0.208110 6.979277
sym6_145
original 0 3888 6858 4137 2970 2.000000 0.208110 0.300637
alu-v2_32
original 0 163 271 167 108 2.000000 0.208110 0.015214
4gt12-v0_88
original 0 194 326 192 132 2.000000 0.208110 0.014283
squar5_261
original 0 1993 3601 2045 1608 2.000000 0.208110 0.190146
alu-v2_31
improve 0 451 760 458 309 2.000000 0.208110 0.027417
hwb5_53
original 0 1336 2365 1444 1029 2.000000 0.208110 0.081830
one-two-three-v2_100
original 0 69 117 71 48 2.000000 0.208110 0.006749
cycle10_2_110
original 0 6050 11348 6845 5298 2.000000 0.208110 1.463973
urf6_160
improve 0 171840 315949 180629 144036 2.000000 0.208110 38.048569
ising_model_10
original 0 480 480 110 0 2.000000 0.208110 0.059618
sys6-v0_111
improve 0 215 380 170 165 2.000000 0.208110 0.018100
plus63mod8192_164
improve 0 187112 348090 211292 160611 2.000000 0.208110 152.976047
mod5adder_127
improve 0 555 1023 605 468 2.000000 0.208110 0.120375
rd73_140
original 0 230 407 200 177 2.000000 0.208110 0.027376
4mod5-v1_23
original 0 69 114 75 45 2.000000 0.208110 0.006438
graycode6_47
original 0 5 5 5 0 2.000000 0.208110 0.001269
ising_model_16
original 0 786 786 176 0 2.000000 0.208110 0.011492
ham7_104
original 0 320 656 391 336 2.000000 0.208110 0.081696
ex-1_166
original 0 19 28 18 9 2.000000 0.208110 0.002129
decod24-v3_45
original 0 150 306 191 156 2.000000 0.208110 0.027909
urf4_187
improve 0 512064 924685 514188 412371 2.000000 0.208110 78.640825
life_238
improve 0 22445 41769 25278 19302 2.000000 0.208110 10.842161
con1_216
improve 0 954 1782 1075 825 2.000000 0.208110 0.561297
hwb6_56
original 0 6723 11889 7083 5166 2.000000 0.208110 0.603320
mod10_176
improve 0 178 295 174 117 2.000000 0.208110 0.017741
ex1_226
original 0 7 10 5 3 2.000000 0.208110 0.000891
sf_276
improve 0 778 1411 862 633 2.000000 0.208110 0.064381
cm152a_212
improve 0 1221 2379 1517 1158 2.000000 0.208110 0.272686
4gt12-v0_87
improve 0 247 418 240 171 2.000000 0.208110 0.021250
decod24-enable_126
improve 0 338 581 351 243 2.000000 0.208110 0.031402
radd_250
original 0 3213 5862 3499 2649 2.000000 0.208110 0.365477
pm1_249
improve 0 1776 3126 1792 1350 2.000000 0.208110 0.118534
sf_274
improve 0 781 1408 873 615 2.000000 0.208110 4.967740
miller_11
original 0 50 77 50 27 2.000000 0.208110 0.004136
rd53_251
original 0 1291 2275 1374 984 2.000000 0.208110 0.107864
mlp4_245
improve 0 18852 35792 21357 16872 2.000000 0.208110 13.780965
9symml_195
original 0 34881 64347 37788 29466 2.000000 0.208110 7.236169
rd84_142
improve 0 343 631 256 288 2.000000 0.208110 0.083138
inc_237
original 0 10619 19991 11856 9372 2.000000 0.208110 4.302117
sqn_258
improve 0 10223 18743 11021 8502 2.000000 0.208110 4.384115
alu-v2_33
original 0 37 61 39 24 2.000000 0.208110 0.007553
sao2_257
improve 0 38577 72023 40188 33360 2.000000 0.208110 35.146379
co14_215
original 0 17936 34457 18028 16521 2.000000 0.208110 40.308795
decod24-v1_41
original 0 85 187 127 102 2.000000 0.208110 0.021796
4mod5-v0_20
original 0 20 29 18 9 2.000000 0.208110 0.002265
alu-v4_37
original 0 37 58 37 21 2.000000 0.208110 0.003501
urf3_155
improve 0 423488 751168 432490 327612 2.000000 0.208110 39.615127
misex1_241
original 0 4813 8629 5167 3816 2.000000 0.208110 0.454636
alu-v0_27
original 0 36 57 37 21 2.000000 0.208110 0.003209
4mod5-v1_24
original 0 36 72 35 36 2.000000 0.208110 0.010494
4mod7-v1_96
original 0 164 281 180 117 2.000000 0.208110 0.017455
cm82a_208
original 0 650 1139 631 489 2.000000 0.208110 0.057055
ham15_107
original 0 8763 16092 9563 7329 2.000000 0.208110 3.124771
0example
original 0 9 39 34 30 2.000000 0.208110 0.020633
dc1_220
original 0 1914 3549 2074 1635 2.000000 0.208110 0.172603
4gt4-v1_74
original 0 273 471 287 198 2.000000 0.208110 0.021445
rd32-v1_68
original 0 36 57 36 21 2.000000 0.208110 0.004468
decod24-v0_38
original 0 51 78 49 27 2.000000 0.208110 0.004282
sym6_316
original 0 270 510 264 240 2.000000 0.208110 0.026677
alu-v0_26
original 0 84 138 81 54 2.000000 0.208110 0.007529
clip_206
original 0 33827 63200 36400 29373 2.000000 0.208110 46.322471
4mod5-v0_18
original 0 69 111 71 42 2.000000 0.208110 0.016389
cm85a_209
improve 0 11414 21569 13079 10089 2.000000 0.208110 62.515690
alu-v4_36
original 0 115 196 121 81 2.000000 0.208110 0.016015
one-two-three-v0_97
improve 0 290 581 367 291 2.000000 0.208110 0.041309
4gt13_90
improve 0 107 188 126 81 2.000000 0.208110 0.015513
mod5d2_64
original 0 53 92 62 39 2.000000 0.208110 0.006644
ground_state_estimation_10
improve 0 390180 468198 214725 78018 2.000000 0.208110 11.440745
C17_204
improve 0 467 836 492 369 2.000000 0.208110 0.152761
4gt13_92
original 0 66 156 106 90 2.000000 0.208110 0.016825
rd53_130
original 0 1043 1817 1059 774 2.000000 0.208110 0.099307
alu-v3_34
original 0 52 85 53 33 2.000000 0.208110 0.005225
decod24-bdd_294
original 0 73 118 71 45 2.000000 0.208110 0.006268
4gt5_76
original 0 91 157 108 66 2.000000 0.208110 0.009090
sym9_146
improve 0 328 598 262 270 2.000000 0.208110 0.550852
4mod5-v1_22
original 0 21 33 21 12 2.000000 0.208110 0.002784
rd32_270
original 0 84 147 91 63 2.000000 0.208110 0.009099
hwb4_49
improve 0 233 398 250 165 2.000000 0.208110 0.019440
urf5_280
improve 0 49829 91460 54937 41607 2.000000 0.208110 9.144132
4gt5_77
original 0 131 218 132 87 2.000000 0.208110 0.022635
rd84_253
improve 0 13658 25342 14628 11673 2.000000 0.208110 4.202198
4_49_16
improve 0 217 427 273 210 2.000000 0.208110 0.032212
qft_10
improve 0 200 291 94 87 2.000000 0.208110 0.770730
4mod5-bdd_287
original 0 70 121 71 51 2.000000 0.208110 0.004103
qft_16
improve 0 512 934 292 369 2.000000 0.208110 29.605050
urf1_149
original 0 184864 321196 184684 136332 2.000000 0.208110 16.026894
urf5_158
improve 0 164416 285988 169867 121569 2.000000 0.208110 11.204754
urf3_279
original 0 125362 238438 144079 113076 2.000000 0.208110 39.420821
4gt12-v0_86
improve 0 251 425 245 174 2.000000 0.208110 0.052798
4gt4-v0_73
original 0 395 689 432 294 2.000000 0.208110 0.043202
alu-v1_29
original 0 37 58 37 21 2.000000 0.208110 0.003721
alu-bdd_288
original 0 84 150 93 66 2.000000 0.208110 0.009984
decod24-v2_43
original 0 52 79 48 27 2.000000 0.208110 0.004156
mod8-10_178
improve 0 342 606 350 264 2.000000 0.208110 0.029841
one-two-three-v0_98
original 0 146 305 180 159 2.000000 0.208110 0.043113
4gt4-v0_78
improve 0 235 397 242 162 2.000000 0.208110 0.015928
4mod5-v0_19
original 0 35 56 35 21 2.000000 0.208110 0.003534
alu-v2_30
improve 0 504 939 592 435 2.000000 0.208110 0.053152
alu-v3_35
original 0 37 58 37 21 2.000000 0.208110 0.003710
dist_223
original 0 38046 71094 39972 33048 2.000000 0.208110 15.487327
4gt4-v0_79
improve 0 231 387 235 156 2.000000 0.208110 0.026151
hwb8_113
improve 0 69380 123762 73768 54366 2.000000 0.208110 9.394734
ex3_229
original 0 403 805 503 402 2.000000 0.208110 0.092252
xor5_254
original 0 7 10 5 3 2.000000 0.208110 0.000972
f2_232
improve 0 1206 2259 1424 1053 2.000000 0.208110 0.170487
time:4995.678495