sym10_262
original 0 64283 114731 67237 50448 7.000000 0.160800 30.129129
hwb9_119
improve 0 207775 363539 215347 155694 7.000000 0.160800 27.517559
max46_240
original 0 27126 47742 27451 20616 7.000000 0.160800 2.116105
dc2_222
improve 0 9462 16986 10026 7485 7.000000 0.160800 19.441119
sym9_193
improve 0 34881 61562 36034 26667 7.000000 0.160800 5.167197
adr4_197
original 0 3439 6550 3790 3111 7.000000 0.160800 2.316466
square_root_7
improve 0 7630 14024 7625 6390 7.000000 0.160800 2.163947
rd73_252
improve 0 5321 9365 5379 4017 7.000000 0.160800 5.254449
hwb7_59
improve 0 24379 41695 24369 17316 7.000000 0.160800 1.495689
plus63mod4096_163
improve 0 128744 229919 136857 101133 7.000000 0.160800 19.827515
root_255
improve 0 17159 30647 17011 13476 7.000000 0.160800 3.152356
z4_268
original 0 3073 5782 3407 2709 7.000000 0.160800 0.872475
urf2_277
improve 0 20112 37317 22833 17205 7.000000 0.160800 1.814071
sqrt8_260
original 0 3009 5256 3018 2247 7.000000 0.160800 0.233778
sym9_148
improve 0 21504 38171 23145 16623 7.000000 0.160800 7.549069
urf2_152
improve 0 80480 137372 80931 56892 7.000000 0.160800 4.893991
urf1_278
original 0 54766 99433 60208 44667 7.000000 0.160800 19.827919
sym6_145
improve 0 3888 6591 3914 2703 7.000000 0.160800 0.227618
cycle10_2_110
original 0 6050 11168 6834 5118 7.000000 0.160800 1.022701
urf6_160
improve 0 171840 308227 175325 136368 7.000000 0.160800 17.163082
plus63mod8192_164
improve 0 187112 335859 199727 148620 7.000000 0.160800 45.034146
urf4_187
improve 0 512064 907939 501946 395844 7.000000 0.160800 40.351180
life_238
improve 0 22445 39624 23823 17160 7.000000 0.160800 3.214468
hwb6_56
original 0 6723 11595 6929 4872 7.000000 0.160800 0.390405
radd_250
improve 0 3213 5766 3343 2553 7.000000 0.160800 0.227288
mlp4_245
original 0 18852 33717 19518 14865 7.000000 0.160800 2.484863
9symml_195
improve 0 34881 61562 36034 26667 7.000000 0.160800 5.132737
inc_237
improve 0 10619 19088 11578 8466 7.000000 0.160800 3.533632
sqn_258
improve 0 10223 18279 10613 8052 7.000000 0.160800 2.080344
sao2_257
original 0 38577 68409 37082 29832 7.000000 0.160800 14.443220
co14_215
original 0 17936 33284 17304 15348 7.000000 0.160800 7.728919
urf3_155
improve 0 423488 736835 425613 313293 7.000000 0.160800 37.299351
misex1_241
improve 0 4813 8479 5067 3666 7.000000 0.160800 0.435082
ham15_107
original 0 8763 15921 9539 7158 7.000000 0.160800 2.272664
clip_206
improve 0 33827 60766 34795 26931 7.000000 0.160800 5.000909
cm85a_209
improve 0 11414 20996 13115 9570 7.000000 0.160800 4.774906
ground_state_estimation_10
improve 0 390180 447597 195125 57417 7.000000 0.160800 12.246079
urf5_280
improve 0 49829 89345 53762 39498 7.000000 0.160800 7.547051
rd84_253
original 0 13658 24611 13871 10953 7.000000 0.160800 5.698236
urf1_149
improve 0 184864 316528 184108 131664 7.000000 0.160800 11.515309
urf5_158
improve 0 164416 286357 173113 121914 7.000000 0.160800 19.014031
urf3_279
original 0 125362 231862 140199 106500 7.000000 0.160800 22.242939
dist_223
improve 0 38046 68005 38789 29931 7.000000 0.160800 17.106946
hwb8_113
original 0 69380 119921 71254 50541 7.000000 0.160800 4.935189
time:115159.868090