sym10_262
improve 0 64283 115915 69884 51603 5.000000 0.115800 15.549454
hwb9_119
improve 0 207775 367989 222758 160167 5.000000 0.115800 26.639828
max46_240
original 0 27126 48084 27857 20958 5.000000 0.115800 10.287516
dc2_222
original 0 9462 17391 10567 7929 5.000000 0.115800 4.649678
sym9_193
improve 0 34881 62952 38345 28047 5.000000 0.115800 9.021971
adr4_197
original 0 3439 6307 3667 2868 5.000000 0.115800 1.071209
square_root_7
improve 0 7630 14350 8134 6684 5.000000 0.115800 9.895028
rd73_252
original 0 5321 9458 5530 4137 5.000000 0.115800 4.928260
hwb7_59
original 0 24379 42283 25199 17904 5.000000 0.115800 1.496713
plus63mod4096_163
original 0 128744 235238 143371 106494 5.000000 0.115800 33.118792
root_255
improve 0 17159 31092 17757 13926 5.000000 0.115800 3.778954
z4_268
original 0 3073 6001 3583 2928 5.000000 0.115800 4.400693
urf2_277
improve 0 20112 37086 22954 16956 5.000000 0.115800 7.860757
sqrt8_260
original 0 3009 5439 3234 2430 5.000000 0.115800 0.761833
sym9_148
improve 0 21504 38316 23343 16812 5.000000 0.115800 2.162118
urf2_152
improve 0 80480 138965 83094 58485 5.000000 0.115800 5.196210
urf1_278
improve 0 54766 99957 61842 45153 5.000000 0.115800 16.993382
sym6_145
improve 0 3888 6750 4170 2862 5.000000 0.115800 0.285081
cycle10_2_110
original 0 6050 11057 6757 5007 5.000000 0.115800 5.612553
urf6_160
improve 0 171840 314005 181875 142113 5.000000 0.115800 38.719948
plus63mod8192_164
improve 0 187112 340569 207377 153297 5.000000 0.115800 76.430788
urf4_187
improve 0 512064 906445 518334 394326 5.000000 0.115800 56.927526
life_238
original 0 22445 41222 25285 18777 5.000000 0.115800 16.730614
hwb6_56
improve 0 6723 11805 7125 5082 5.000000 0.115800 0.477314
radd_250
original 0 3213 5793 3471 2580 5.000000 0.115800 0.380915
mlp4_245
improve 0 18852 34563 20792 15654 5.000000 0.115800 21.196629
9symml_195
improve 0 34881 62952 38345 28047 5.000000 0.115800 9.863561
inc_237
improve 0 10619 19892 12559 9273 5.000000 0.115800 1.802916
sqn_258
improve 0 10223 18479 11167 8250 5.000000 0.115800 1.680583
sao2_257
original 0 38577 69651 38809 31074 5.000000 0.115800 26.189662
co14_215
original 0 17936 33506 17656 15570 5.000000 0.115800 10.644062
urf3_155
improve 0 423488 747324 438189 323790 5.000000 0.115800 47.651930
misex1_241
improve 0 4813 8503 5200 3690 5.000000 0.115800 0.439095
ham15_107
original 0 8763 16374 9906 7611 5.000000 0.115800 2.580436
clip_206
improve 0 33827 62094 36480 28215 5.000000 0.115800 26.246329
cm85a_209
original 0 11414 21068 13083 9654 5.000000 0.115800 39.540889
ground_state_estimation_10
improve 0 390180 459102 207260 68922 5.000000 0.115800 13.375837
urf5_280
improve 0 49829 89549 54355 39708 5.000000 0.115800 8.905031
rd84_253
original 0 13658 24791 14415 11133 5.000000 0.115800 4.520806
urf1_149
original 0 184864 320896 188602 136032 5.000000 0.115800 13.766657
urf5_158
original 0 164416 293044 173668 128628 5.000000 0.115800 13.789105
urf3_279
original 0 125362 233881 142327 108519 5.000000 0.115800 41.087159
dist_223
improve 0 38046 69557 40627 31473 5.000000 0.115800 18.499119
hwb8_113
improve 0 69380 120809 73296 51423 5.000000 0.115800 11.113075
time:6857.241662