sym10_262
original 0 64283 114731 67237 50448 7.000000 0.375800 102.897843
hwb9_119
improve 0 207775 363539 215347 155694 7.000000 0.375800 99.188931
max46_240
original 0 27126 47742 27451 20616 7.000000 0.375800 7.301826
dc2_222
improve 0 9462 16986 10026 7485 7.000000 0.375800 70.972928
sym9_193
improve 0 34881 61562 36034 26667 7.000000 0.375800 17.724896
adr4_197
original 0 3439 6550 3790 3111 7.000000 0.375800 7.865626
square_root_7
improve 0 7630 14024 7625 6390 7.000000 0.375800 8.032172
rd73_252
improve 0 5321 9365 5379 4017 7.000000 0.375800 17.831016
hwb7_59
improve 0 24379 41695 24369 17316 7.000000 0.375800 5.332940
plus63mod4096_163
improve 0 128744 229919 136857 101133 7.000000 0.375800 68.548527
root_255
improve 0 17159 30647 17011 13476 7.000000 0.375800 10.796938
z4_268
original 0 3073 5782 3407 2709 7.000000 0.375800 2.699837
urf2_277
improve 0 20112 37317 22833 17205 7.000000 0.375800 6.032966
sqrt8_260
original 0 3009 5256 3018 2247 7.000000 0.375800 0.800189
sym9_148
improve 0 21504 38171 23145 16623 7.000000 0.375800 25.353007
urf2_152
improve 0 80480 137372 80931 56892 7.000000 0.375800 17.095751
urf1_278
original 0 54766 99433 60208 44667 7.000000 0.375800 68.653182
sym6_145
improve 0 3888 6591 3914 2703 7.000000 0.375800 0.803394
cycle10_2_110
original 0 6050 11168 6834 5118 7.000000 0.375800 3.269626
urf6_160
improve 0 171840 308227 175325 136368 7.000000 0.375800 61.258328
plus63mod8192_164
improve 0 187112 335859 199727 148620 7.000000 0.375800 161.735258
urf4_187
improve 0 512064 907942 501946 395844 7.000000 0.375800 142.532756
life_238
improve 0 22445 39624 23823 17160 7.000000 0.375800 10.132061
hwb6_56
original 0 6723 11595 6929 4872 7.000000 0.375800 1.327069
radd_250
improve 0 3213 5766 3343 2553 7.000000 0.375800 0.768216
mlp4_245
original 0 18852 33717 19518 14865 7.000000 0.375800 8.533362
9symml_195
improve 0 34881 61562 36034 26667 7.000000 0.375800 16.909771
inc_237
improve 0 10619 19088 11578 8466 7.000000 0.375800 12.189420
sqn_258
improve 0 10223 18279 10613 8052 7.000000 0.375800 7.102907
sao2_257
original 0 38577 68409 37082 29832 7.000000 0.375800 49.990016
co14_215
original 0 17936 33284 17304 15348 7.000000 0.375800 27.444420
