sym10_262
original 0 64283 121976 74183 57693 1.000000 0.195800 42.473949
hwb9_119
improve 0 207775 389235 238676 181239 1.000000 0.195800 82.032480
max46_240
improve 0 27126 50331 30540 23178 1.000000 0.195800 12.521845
dc2_222
original 0 9462 17913 10861 8451 1.000000 0.195800 14.374710
sym9_193
improve 0 34881 65698 40278 30753 1.000000 0.195800 25.893043
adr4_197
original 0 3439 6700 3949 3261 1.000000 0.195800 2.593880
square_root_7
improve 0 7630 14405 8087 6747 1.000000 0.195800 16.824447
rd73_252
improve 0 5321 9887 5865 4566 1.000000 0.195800 0.596345
hwb7_59
improve 0 24379 44310 26923 19923 1.000000 0.195800 3.060915
plus63mod4096_163
improve 0 128744 247108 151898 118185 1.000000 0.195800 56.220404
root_255
improve 0 17159 32790 18919 15576 1.000000 0.195800 20.013197
z4_268
improve 0 3073 5992 3635 2886 1.000000 0.195800 11.371983
urf2_277
original 0 20112 39258 24395 19146 1.000000 0.195800 3.186114
sqrt8_260
original 0 3009 5679 3390 2670 1.000000 0.195800 0.632560
sym9_148
improve 0 21504 39747 24824 18225 1.000000 0.195800 9.729283
urf2_152
improve 0 80480 144044 86853 63564 1.000000 0.195800 5.435338
urf1_278
improve 0 54766 105278 65372 50481 1.000000 0.195800 12.029731
sym6_145
improve 0 3888 6987 4344 3099 1.000000 0.195800 0.290108
cycle10_2_110
improve 0 6050 11327 7018 5250 1.000000 0.195800 15.095661
urf6_160
original 0 171840 324438 189195 152598 1.000000 0.195800 48.086975
plus63mod8192_164
improve 0 187112 358544 220241 171027 1.000000 0.195800 150.022861
urf4_187
improve 0 512064 947939 551191 435660 1.000000 0.195800 94.243838
life_238
improve 0 22445 42410 26288 19920 1.000000 0.195800 13.547988
hwb6_56
original 0 6723 12198 7443 5475 1.000000 0.195800 0.512038
radd_250
original 0 3213 6006 3619 2793 1.000000 0.195800 4.429056
mlp4_245
improve 0 18852 35854 21571 16947 1.000000 0.195800 15.588817
9symml_195
improve 0 34881 65698 40278 30753 1.000000 0.195800 25.839492
inc_237
original 0 10619 19985 12082 9366 1.000000 0.195800 4.100021
sqn_258
improve 0 10223 19354 11624 9087 1.000000 0.195800 22.806320
sao2_257
improve 0 38577 74076 42153 35391 1.000000 0.195800 66.516026
co14_215
improve 0 17936 35124 19207 17100 1.000000 0.195800 31.486062
urf3_155
original 0 423488 773546 459353 350058 1.000000 0.195800 87.358413
misex1_241
improve 0 4813 8950 5538 4137 1.000000 0.195800 0.507190
ham15_107
original 0 8763 16527 10026 7764 1.000000 0.195800 4.459287
clip_206
original 0 33827 64880 37982 31053 1.000000 0.195800 13.958232
cm85a_209
improve 0 11414 22097 13909 10644 1.000000 0.195800 40.379125
ground_state_estimation_10
original 0 390180 507645 250768 117465 1.000000 0.195800 16.001116
urf5_280
improve 0 49829 94178 58159 44346 1.000000 0.195800 5.687041
rd84_253
original 0 13658 25883 15248 12225 1.000000 0.195800 11.739782
urf1_149
improve 0 184864 330046 196407 145179 1.000000 0.195800 12.712587
urf5_158
original 0 164416 302836 182175 138420 1.000000 0.195800 17.635113
urf3_279
improve 0 125362 245735 152370 120273 1.000000 0.195800 36.914019
dist_223
improve 0 38046 72078 42011 33945 1.000000 0.195800 40.994339
hwb8_113
improve 0 69380 131860 81782 62418 1.000000 0.195800 17.530392
time:24765.259282