sym10_262
improve 0 64283 118725 71230 54369 2.000000 0.070800 135.200637
hwb9_119
improve 0 207775 379116 227024 171138 2.000000 0.070800 249.245056
max46_240
improve 0 27126 48732 28571 21600 2.000000 0.070800 15.153769
dc2_222
improve 0 9462 17478 10499 7971 2.000000 0.070800 68.163592
sym9_193
original 0 34881 63654 37895 28773 2.000000 0.070800 20.018268
adr4_197
improve 0 3439 6451 3751 3006 2.000000 0.070800 4.676485
square_root_7
improve 0 7630 14704 8233 7047 2.000000 0.070800 28.963849
rd73_252
original 0 5321 9596 5545 4275 2.000000 0.070800 6.719474
hwb7_59
improve 0 24379 43336 25531 18957 2.000000 0.070800 6.616394
plus63mod4096_163
original 0 128744 241283 144238 112539 2.000000 0.070800 298.915808
root_255
improve 0 17159 31917 18078 14721 2.000000 0.070800 39.111083
z4_268
original 0 3073 5698 3332 2625 2.000000 0.070800 1.140847
urf2_277
original 0 20112 37527 22958 17415 2.000000 0.070800 5.903250
sqrt8_260
improve 0 3009 5490 3284 2478 2.000000 0.070800 3.043112
sym9_148
improve 0 21504 38961 23874 17430 2.000000 0.070800 40.086661
urf2_152
improve 0 80480 139682 81809 59202 2.000000 0.070800 18.058012
urf1_278
improve 0 54766 101509 61592 46740 2.000000 0.070800 20.007747
sym6_145
original 0 3888 6798 4152 2910 2.000000 0.070800 1.043348
cycle10_2_110
improve 0 6050 11321 6922 5214 2.000000 0.070800 87.303877
urf6_160
original 0 171840 315885 179009 144045 2.000000 0.070800 262.474677
