sym10_262
improve 0 64283 117353 70462 53034 6.000000 0.610800 15.409476
hwb9_119
improve 0 207775 369888 222278 162066 6.000000 0.610800 19.656706
max46_240
original 0 27126 48516 28316 21390 6.000000 0.610800 3.933785
dc2_222
improve 0 9462 17362 10411 7884 6.000000 0.610800 4.541732
sym9_193
improve 0 34881 62436 37872 27555 6.000000 0.610800 2.364677
adr4_197
improve 0 3439 6502 3793 3063 6.000000 0.610800 0.464823
square_root_7
improve 0 7630 14135 7598 6501 6.000000 0.610800 1.374438
rd73_252
original 0 5321 9572 5572 4251 6.000000 0.610800 0.382192
hwb7_59
original 0 24379 42475 25345 18096 6.000000 0.610800 1.486622
plus63mod4096_163
original 0 128744 235313 142571 106569 6.000000 0.610800 63.397461
root_255
improve 0 17159 30956 17333 13797 6.000000 0.610800 1.686119
z4_268
original 0 3073 5749 3409 2676 6.000000 0.610800 0.614128
urf2_277
improve 0 20112 37497 22967 17385 6.000000 0.610800 1.996927
sqrt8_260
improve 0 3009 5478 3201 2469 6.000000 0.610800 0.231731
sym9_148
original 0 21504 39126 24074 17622 6.000000 0.610800 3.014242
urf2_152
improve 0 80480 138983 82973 58503 6.000000 0.610800 4.686335
urf1_278
original 0 54766 100792 61563 46026 6.000000 0.610800 13.323947
sym6_145
improve 0 3888 6678 4065 2790 6.000000 0.610800 0.224563
cycle10_2_110
original 0 6050 11135 6731 5085 6.000000 0.610800 2.981580
urf6_160
improve 0 171840 312063 180940 140163 6.000000 0.610800 31.012557
plus63mod8192_164
improve 0 187112 342764 206521 155607 6.000000 0.610800 25.349285
urf4_187
improve 0 512064 908614 514487 396507 6.000000 0.610800 45.096150
life_238
improve 0 22445 40994 24851 18528 6.000000 0.610800 7.868545
hwb6_56
improve 0 6723 11910 7208 5187 6.000000 0.610800 0.424503
radd_250
original 0 3213 5793 3503 2580 6.000000 0.610800 0.221038
mlp4_245
original 0 18852 34593 20363 15741 6.000000 0.610800 6.670098
9symml_195
improve 0 34881 62436 37872 27555 6.000000 0.610800 2.371561
inc_237
improve 0 10619 19004 11613 8382 6.000000 0.610800 5.528471
sqn_258
improve 0 10223 18450 10868 8217 6.000000 0.610800 2.859381
sao2_257
improve 0 38577 70223 39063 31638 6.000000 0.610800 4.524205
co14_215
improve 0 17936 33572 17887 15561 6.000000 0.610800 16.602098
urf3_155
original 0 423488 746345 435682 322857 6.000000 0.610800 41.073600
misex1_241
improve 0 4813 8632 5203 3816 6.000000 0.610800 0.806898
ham15_107
original 0 8763 16140 9725 7377 6.000000 0.610800 4.578677
clip_206
original 0 33827 62258 36070 28431 6.000000 0.610800 41.021984
cm85a_209
improve 0 11414 21295 13396 9852 6.000000 0.610800 5.121376
ground_state_estimation_10
original 0 390180 452001 206409 61821 6.000000 0.610800 12.170113
urf5_280
original 0 49829 90431 54689 40602 6.000000 0.610800 7.215899
rd84_253
improve 0 13658 25270 14703 11592 6.000000 0.610800 5.303231
urf1_149
improve 0 184864 320656 188067 135792 6.000000 0.610800 11.693310
urf5_158
improve 0 164416 290536 173010 126087 6.000000 0.610800 16.747554
urf3_279
improve 0 125362 240693 146678 115257 6.000000 0.610800 21.846510
dist_223
original 0 38046 69042 38959 30996 6.000000 0.610800 13.597765
hwb8_113
original 0 69380 121805 73061 52425 6.000000 0.610800 4.265780
time:88332.237202