sym10_262
improve 0 64283 122546 75755 58194 1.000000 0.620800 23.969959
hwb9_119
improve 0 207775 388832 238498 180873 1.000000 0.620800 70.341656
max46_240
original 0 27126 50883 30102 23757 1.000000 0.620800 17.117284
dc2_222
improve 0 9462 18132 11169 8655 1.000000 0.620800 11.701189
sym9_193
improve 0 34881 65982 40429 31062 1.000000 0.620800 12.873298
adr4_197
improve 0 3439 6709 4029 3225 1.000000 0.620800 10.812864
square_root_7
improve 0 7630 14468 8285 6828 1.000000 0.620800 3.924741
rd73_252
original 0 5321 9872 5880 4551 1.000000 0.620800 1.200878
hwb7_59
improve 0 24379 44029 26690 19638 1.000000 0.620800 3.654349
plus63mod4096_163
improve 0 128744 247270 152071 118116 1.000000 0.620800 195.166979
root_255
improve 0 17159 32718 18639 15543 1.000000 0.620800 5.977108
z4_268
improve 0 3073 6095 3697 3003 1.000000 0.620800 3.292260
urf2_277
improve 0 20112 39495 24603 19377 1.000000 0.620800 3.036242
sqrt8_260
original 0 3009 5691 3421 2682 1.000000 0.620800 0.332765
sym9_148
improve 0 21504 41459 26676 19914 1.000000 0.620800 13.546846
urf2_152
improve 0 80480 144155 86836 63645 1.000000 0.620800 9.458783
urf1_278
original 0 54766 104632 65504 49866 1.000000 0.620800 53.474718
sym6_145
original 0 3888 7020 4316 3132 1.000000 0.620800 1.572193
cycle10_2_110
original 0 6050 11597 7248 5547 1.000000 0.620800 0.806842
urf6_160
original 0 171840 323961 190778 152121 1.000000 0.620800 73.130365
plus63mod8192_164
improve 0 187112 361739 223177 174198 1.000000 0.620800 232.129089
urf4_187
improve 0 512064 949733 541967 437412 1.000000 0.620800 96.866154
life_238
improve 0 22445 43115 26833 20646 1.000000 0.620800 7.262560
hwb6_56
improve 0 6723 12222 7485 5499 1.000000 0.620800 0.497421
radd_250
improve 0 3213 6079 3755 2862 1.000000 0.620800 1.143466
mlp4_245
improve 0 18852 36319 21831 17394 1.000000 0.620800 18.700827
9symml_195
improve 0 34881 65982 40429 31062 1.000000 0.620800 13.120407
inc_237
improve 0 10619 19898 12022 9276 1.000000 0.620800 1.407754
sqn_258
improve 0 10223 19700 11810 9465 1.000000 0.620800 5.055473
sao2_257
improve 0 38577 73756 41915 35076 1.000000 0.620800 40.919118
co14_215
improve 0 17936 35271 19506 17256 1.000000 0.620800 16.201026
urf3_155
improve 0 423488 773401 457071 349680 1.000000 0.620800 88.523777
misex1_241
original 0 4813 9007 5562 4194 1.000000 0.620800 0.455384
ham15_107
original 0 8763 16731 10323 7968 1.000000 0.620800 3.813944
clip_206
improve 0 33827 65553 39534 31596 1.000000 0.620800 41.543150
cm85a_209
improve 0 11414 22178 13993 10743 1.000000 0.620800 11.513107
ground_state_estimation_10
improve 0 390180 498951 245401 108750 1.000000 0.620800 19.722817
urf5_280
original 0 49829 94106 57870 44277 1.000000 0.620800 4.860767
rd84_253
improve 0 13658 25623 14994 11940 1.000000 0.620800 11.535248
urf1_149
improve 0 184864 329818 196109 144954 1.000000 0.620800 11.987349
urf5_158
improve 0 164416 295209 182530 130782 1.000000 0.620800 10.015647
urf3_279
improve 0 125362 245257 151772 119814 1.000000 0.620800 29.391506
dist_223
original 0 38046 72039 41844 33993 1.000000 0.620800 27.308734
hwb8_113
improve 0 69380 132028 82079 62574 1.000000 0.620800 23.281841
time:75333.169505