sym10_262
improve 0 64283 122546 75755 58194 1.000000 0.630800 23.728576
hwb9_119
improve 0 207775 388832 238498 180873 1.000000 0.630800 70.694921
max46_240
original 0 27126 50883 30102 23757 1.000000 0.630800 16.965521
dc2_222
improve 0 9462 18132 11169 8655 1.000000 0.630800 11.222306
sym9_193
improve 0 34881 65982 40429 31062 1.000000 0.630800 12.994181
adr4_197
improve 0 3439 6709 4029 3225 1.000000 0.630800 10.797459
square_root_7
improve 0 7630 14468 8285 6828 1.000000 0.630800 3.876536
rd73_252
original 0 5321 9872 5880 4551 1.000000 0.630800 1.235516
hwb7_59
improve 0 24379 44029 26690 19638 1.000000 0.630800 3.617308
plus63mod4096_163
improve 0 128744 247270 152071 118116 1.000000 0.630800 197.091453
root_255
improve 0 17159 32718 18639 15543 1.000000 0.630800 6.077636
z4_268
improve 0 3073 6095 3697 3003 1.000000 0.630800 3.139742
urf2_277
improve 0 20112 39495 24603 19377 1.000000 0.630800 3.038532
sqrt8_260
original 0 3009 5691 3421 2682 1.000000 0.630800 0.332214
sym9_148
improve 0 21504 41459 26676 19914 1.000000 0.630800 13.784717
urf2_152
improve 0 80480 144155 86836 63645 1.000000 0.630800 9.466836
urf1_278
original 0 54766 104632 65504 49866 1.000000 0.630800 52.536249
sym6_145
original 0 3888 7020 4316 3132 1.000000 0.630800 1.629836
cycle10_2_110
original 0 6050 11597 7248 5547 1.000000 0.630800 0.733619
urf6_160
original 0 171840 323961 190778 152121 1.000000 0.630800 73.206300
plus63mod8192_164
improve 0 187112 361739 223177 174198 1.000000 0.630800 234.925448
urf4_187
improve 0 512064 949733 541967 437412 1.000000 0.630800 97.792457
life_238
improve 0 22445 43115 26833 20646 1.000000 0.630800 7.331941
hwb6_56
improve 0 6723 12222 7485 5499 1.000000 0.630800 0.501455
radd_250
improve 0 3213 6079 3755 2862 1.000000 0.630800 1.119925
mlp4_245
improve 0 18852 36319 21831 17394 1.000000 0.630800 18.873969
9symml_195
improve 0 34881 65982 40429 31062 1.000000 0.630800 13.101513
inc_237
improve 0 10619 19898 12022 9276 1.000000 0.630800 1.391932
sqn_258
improve 0 10223 19700 11810 9465 1.000000 0.630800 4.784626
sao2_257
improve 0 38577 73756 41915 35076 1.000000 0.630800 41.747056
co14_215
improve 0 17936 35271 19506 17256 1.000000 0.630800 15.977716
urf3_155
improve 0 423488 773401 457071 349680 1.000000 0.630800 90.413959
misex1_241
original 0 4813 9007 5562 4194 1.000000 0.630800 0.453179
ham15_107
original 0 8763 16731 10323 7968 1.000000 0.630800 3.679275
clip_206
improve 0 33827 65553 39534 31596 1.000000 0.630800 41.470016
cm85a_209
improve 0 11414 22178 13993 10743 1.000000 0.630800 11.916925
ground_state_estimation_10
improve 0 390180 498951 245401 108750 1.000000 0.630800 19.624643
urf5_280
original 0 49829 94106 57870 44277 1.000000 0.630800 4.834428
rd84_253
improve 0 13658 25623 14994 11940 1.000000 0.630800 11.648020
urf1_149
improve 0 184864 329818 196109 144954 1.000000 0.630800 11.987448
urf5_158
improve 0 164416 295209 182530 130782 1.000000 0.630800 9.967395
urf3_279
improve 0 125362 245257 151772 119814 1.000000 0.630800 28.676712
dist_223
original 0 38046 72039 41844 33993 1.000000 0.630800 27.571159
hwb8_113
improve 0 69380 132028 82079 62574 1.000000 0.630800 23.808008
time:76596.434333