sym10_262
original 0 64283 120053 72896 55770 5.000000 0.995800 13.644579
hwb9_119
improve 0 207775 367989 222758 160167 5.000000 0.995800 23.939850
max46_240
original 0 27126 48132 27747 21006 5.000000 0.995800 4.002857
dc2_222
original 0 9462 17391 10567 7929 5.000000 0.995800 4.264065
sym9_193
original 0 34881 62595 37254 27714 5.000000 0.995800 4.510518
adr4_197
original 0 3439 6307 3667 2868 5.000000 0.995800 0.951217
square_root_7
improve 0 7630 14350 8134 6684 5.000000 0.995800 9.355688
rd73_252
original 0 5321 9458 5530 4137 5.000000 0.995800 4.172688
hwb7_59
original 0 24379 42283 25199 17904 5.000000 0.995800 1.464586
plus63mod4096_163
original 0 128744 235238 143371 106494 5.000000 0.995800 30.407706
root_255
improve 0 17159 31092 17757 13926 5.000000 0.995800 3.278003
z4_268
original 0 3073 6001 3583 2928 5.000000 0.995800 4.182878
urf2_277
improve 0 20112 37086 22954 16956 5.000000 0.995800 5.836174
sqrt8_260
original 0 3009 5439 3234 2430 5.000000 0.995800 0.638914
sym9_148
improve 0 21504 38316 23343 16812 5.000000 0.995800 1.568143
urf2_152
improve 0 80480 138965 83094 58485 5.000000 0.995800 4.773528
urf1_278
improve 0 54766 99957 61842 45153 5.000000 0.995800 14.540473
sym6_145
improve 0 3888 6750 4170 2862 5.000000 0.995800 0.214119
cycle10_2_110
improve 0 6050 11018 6865 4968 5.000000 0.995800 0.485209
urf6_160
improve 0 171840 314005 181875 142113 5.000000 0.995800 31.195081
plus63mod8192_164
improve 0 187112 340569 207377 153297 5.000000 0.995800 68.448344
urf4_187
improve 0 512064 906445 518334 394326 5.000000 0.995800 50.632815
life_238
improve 0 22445 40541 24930 18090 5.000000 0.995800 3.694290
hwb6_56
improve 0 6723 11805 7125 5082 5.000000 0.995800 0.440050
radd_250
original 0 3213 5793 3471 2580 5.000000 0.995800 0.267407
mlp4_245
improve 0 18852 34563 20792 15654 5.000000 0.995800 19.396936
9symml_195
original 0 34881 62595 37254 27714 5.000000 0.995800 4.436878
inc_237
original 0 10619 19229 11673 8610 5.000000 0.995800 1.243804
sqn_258
improve 0 10223 18479 11167 8250 5.000000 0.995800 1.256839
sao2_257
original 0 38577 69651 38809 31074 5.000000 0.995800 22.528179
co14_215
improve 0 17936 34031 18361 16077 5.000000 0.995800 10.681957
urf3_155
improve 0 423488 747324 438189 323790 5.000000 0.995800 41.360013
misex1_241
improve 0 4813 8503 5200 3690 5.000000 0.995800 0.413736
ham15_107
improve 0 8763 16086 9911 7320 5.000000 0.995800 1.386656
clip_206
improve 0 33827 61613 36150 27771 5.000000 0.995800 7.555180
cm85a_209
improve 0 11414 21002 13189 9585 5.000000 0.995800 1.356451
ground_state_estimation_10
improve 0 390180 459102 207260 68922 5.000000 0.995800 12.174483
urf5_280
improve 0 49829 89549 54355 39708 5.000000 0.995800 7.161609
rd84_253
original 0 13658 24791 14415 11133 5.000000 0.995800 4.166328
urf1_149
original 0 184864 320896 188602 136032 5.000000 0.995800 11.761820
urf5_158
original 0 164416 293044 173668 128628 5.000000 0.995800 11.868796
urf3_279
original 0 125362 233881 142327 108519 5.000000 0.995800 35.769250
dist_223
original 0 38046 68697 38953 30651 5.000000 0.995800 12.098286
hwb8_113
improve 0 69380 120809 73296 51423 5.000000 0.995800 10.374167
time:56925.325761