sym10_262
original 0 64283 120053 72896 55770 5.000000 0.810800 13.829367
hwb9_119
improve 0 207775 367989 222758 160167 5.000000 0.810800 24.518688
max46_240
original 0 27126 48132 27747 21006 5.000000 0.810800 4.113265
dc2_222
original 0 9462 17391 10567 7929 5.000000 0.810800 4.490148
sym9_193
original 0 34881 62595 37254 27714 5.000000 0.810800 4.543160
adr4_197
original 0 3439 6307 3667 2868 5.000000 0.810800 0.962065
square_root_7
improve 0 7630 14350 8134 6684 5.000000 0.810800 9.268445
rd73_252
original 0 5321 9458 5530 4137 5.000000 0.810800 4.178335
hwb7_59
original 0 24379 42283 25199 17904 5.000000 0.810800 1.456018
plus63mod4096_163
original 0 128744 235238 143371 106494 5.000000 0.810800 30.239223
root_255
improve 0 17159 31092 17757 13926 5.000000 0.810800 3.098327
z4_268
original 0 3073 6001 3583 2928 5.000000 0.810800 4.226148
urf2_277
improve 0 20112 37086 22954 16956 5.000000 0.810800 5.811928
sqrt8_260
original 0 3009 5439 3234 2430 5.000000 0.810800 0.567409
sym9_148
improve 0 21504 38316 23343 16812 5.000000 0.810800 1.663684
urf2_152
improve 0 80480 138965 83094 58485 5.000000 0.810800 4.788225
urf1_278
improve 0 54766 99957 61842 45153 5.000000 0.810800 15.283360
sym6_145
improve 0 3888 6750 4170 2862 5.000000 0.810800 0.216100
cycle10_2_110
improve 0 6050 11018 6865 4968 5.000000 0.810800 0.483650
urf6_160
improve 0 171840 314005 181875 142113 5.000000 0.810800 31.858925
plus63mod8192_164
improve 0 187112 340569 207377 153297 5.000000 0.810800 68.194016
urf4_187
improve 0 512064 906445 518334 394326 5.000000 0.810800 50.911246
life_238
improve 0 22445 40541 24930 18090 5.000000 0.810800 3.736204
hwb6_56
improve 0 6723 11805 7125 5082 5.000000 0.810800 0.437572
radd_250
original 0 3213 5793 3471 2580 5.000000 0.810800 0.266995
mlp4_245
improve 0 18852 34563 20792 15654 5.000000 0.810800 19.670285
9symml_195
original 0 34881 62595 37254 27714 5.000000 0.810800 4.503437
inc_237
original 0 10619 19229 11673 8610 5.000000 0.810800 1.336341
sqn_258
improve 0 10223 18479 11167 8250 5.000000 0.810800 1.170644
sao2_257
original 0 38577 69651 38809 31074 5.000000 0.810800 22.703540
co14_215
improve 0 17936 34031 18361 16077 5.000000 0.810800 10.447302
urf3_155
improve 0 423488 747324 438189 323790 5.000000 0.810800 42.145436
misex1_241
improve 0 4813 8503 5200 3690 5.000000 0.810800 0.414228
ham15_107
improve 0 8763 16086 9911 7320 5.000000 0.810800 1.391779
clip_206
improve 0 33827 61613 36150 27771 5.000000 0.810800 7.602211
cm85a_209
improve 0 11414 21002 13189 9585 5.000000 0.810800 1.342597
ground_state_estimation_10
improve 0 390180 459102 207260 68922 5.000000 0.810800 12.459976
urf5_280
improve 0 49829 89549 54355 39708 5.000000 0.810800 7.210407
rd84_253
original 0 13658 24791 14415 11133 5.000000 0.810800 3.965178
urf1_149
original 0 184864 320896 188602 136032 5.000000 0.810800 11.945808
urf5_158
original 0 164416 293044 173668 128628 5.000000 0.810800 11.972370
urf3_279
original 0 125362 233881 142327 108519 5.000000 0.810800 35.873772
dist_223
original 0 38046 68697 38953 30651 5.000000 0.810800 12.224956
hwb8_113
improve 0 69380 120809 73296 51423 5.000000 0.810800 10.449744
time:46314.382140