sym10_262
original 0 64283 120053 72896 55770 5.000000 0.275800 13.970210
hwb9_119
improve 0 207775 367989 222758 160167 5.000000 0.275800 24.771549
max46_240
original 0 27126 48132 27747 21006 5.000000 0.275800 4.085753
dc2_222
original 0 9462 17391 10567 7929 5.000000 0.275800 4.309804
sym9_193
original 0 34881 62595 37254 27714 5.000000 0.275800 4.606269
adr4_197
original 0 3439 6307 3667 2868 5.000000 0.275800 0.961192
square_root_7
improve 0 7630 14350 8134 6684 5.000000 0.275800 9.507795
rd73_252
original 0 5321 9458 5530 4137 5.000000 0.275800 4.139893
hwb7_59
original 0 24379 42283 25199 17904 5.000000 0.275800 1.564722
plus63mod4096_163
original 0 128744 235238 143371 106494 5.000000 0.275800 31.107860
root_255
improve 0 17159 31092 17757 13926 5.000000 0.275800 3.086632
z4_268
original 0 3073 6001 3583 2928 5.000000 0.275800 4.191473
urf2_277
improve 0 20112 37086 22954 16956 5.000000 0.275800 5.706073
sqrt8_260
original 0 3009 5439 3234 2430 5.000000 0.275800 0.655892
sym9_148
improve 0 21504 38316 23343 16812 5.000000 0.275800 1.584367
urf2_152
improve 0 80480 138965 83094 58485 5.000000 0.275800 4.798643
urf1_278
improve 0 54766 99957 61842 45153 5.000000 0.275800 15.155190
sym6_145
improve 0 3888 6750 4170 2862 5.000000 0.275800 0.216994
cycle10_2_110
improve 0 6050 11018 6865 4968 5.000000 0.275800 0.485882
urf6_160
improve 0 171840 314005 181875 142113 5.000000 0.275800 32.023391
plus63mod8192_164
improve 0 187112 340569 207377 153297 5.000000 0.275800 68.621930
urf4_187
improve 0 512064 906445 518334 394326 5.000000 0.275800 51.984793
life_238
improve 0 22445 40541 24930 18090 5.000000 0.275800 3.767876
hwb6_56
improve 0 6723 11805 7125 5082 5.000000 0.275800 0.440757
radd_250
original 0 3213 5793 3471 2580 5.000000 0.275800 0.277070
mlp4_245
improve 0 18852 34563 20792 15654 5.000000 0.275800 19.747395
9symml_195
original 0 34881 62595 37254 27714 5.000000 0.275800 4.494763
inc_237
original 0 10619 19229 11673 8610 5.000000 0.275800 1.246692
sqn_258
improve 0 10223 18479 11167 8250 5.000000 0.275800 1.281480
sao2_257
original 0 38577 69651 38809 31074 5.000000 0.275800 23.657902
co14_215
improve 0 17936 34031 18361 16077 5.000000 0.275800 10.835449
urf3_155
improve 0 423488 747324 438189 323790 5.000000 0.275800 42.354669
misex1_241
improve 0 4813 8503 5200 3690 5.000000 0.275800 0.419439
ham15_107
improve 0 8763 16086 9911 7320 5.000000 0.275800 1.382800
clip_206
improve 0 33827 61613 36150 27771 5.000000 0.275800 7.637201
cm85a_209
improve 0 11414 21002 13189 9585 5.000000 0.275800 1.364380
ground_state_estimation_10
improve 0 390180 459102 207260 68922 5.000000 0.275800 12.512453
urf5_280
improve 0 49829 89549 54355 39708 5.000000 0.275800 7.531104
rd84_253
original 0 13658 24791 14415 11133 5.000000 0.275800 4.115643
urf1_149
original 0 184864 320896 188602 136032 5.000000 0.275800 11.890390
urf5_158
original 0 164416 293044 173668 128628 5.000000 0.275800 12.077241
urf3_279
original 0 125362 233881 142327 108519 5.000000 0.275800 35.826046
dist_223
original 0 38046 68697 38953 30651 5.000000 0.275800 12.473927
hwb8_113
improve 0 69380 120809 73296 51423 5.000000 0.275800 10.480623
time:16444.587893