sym10_262
improve 0 64283 117353 70462 53034 6.000000 0.400800 15.593067
hwb9_119
improve 0 207775 369888 222278 162066 6.000000 0.400800 20.216006
max46_240
original 0 27126 48516 28316 21390 6.000000 0.400800 3.986822
dc2_222
improve 0 9462 17362 10411 7884 6.000000 0.400800 4.698058
sym9_193
improve 0 34881 62436 37872 27555 6.000000 0.400800 2.357303
adr4_197
improve 0 3439 6502 3793 3063 6.000000 0.400800 0.459912
square_root_7
improve 0 7630 14135 7598 6501 6.000000 0.400800 1.458679
rd73_252
original 0 5321 9572 5572 4251 6.000000 0.400800 0.378286
hwb7_59
original 0 24379 42475 25345 18096 6.000000 0.400800 1.541550
plus63mod4096_163
original 0 128744 235313 142571 106569 6.000000 0.400800 62.449137
root_255
improve 0 17159 30956 17333 13797 6.000000 0.400800 1.507718
z4_268
original 0 3073 5749 3409 2676 6.000000 0.400800 0.611846
urf2_277
improve 0 20112 37497 22967 17385 6.000000 0.400800 1.915079
sqrt8_260
improve 0 3009 5478 3201 2469 6.000000 0.400800 0.227962
sym9_148
original 0 21504 39126 24074 17622 6.000000 0.400800 2.954772
urf2_152
improve 0 80480 138983 82973 58503 6.000000 0.400800 4.684466
urf1_278
original 0 54766 100792 61563 46026 6.000000 0.400800 13.326080
sym6_145
improve 0 3888 6678 4065 2790 6.000000 0.400800 0.225267
cycle10_2_110
original 0 6050 11135 6731 5085 6.000000 0.400800 2.990888
urf6_160
improve 0 171840 312063 180940 140163 6.000000 0.400800 31.016567
plus63mod8192_164
improve 0 187112 342764 206521 155607 6.000000 0.400800 25.449344
urf4_187
improve 0 512064 908614 514487 396507 6.000000 0.400800 45.595980
life_238
improve 0 22445 40994 24851 18528 6.000000 0.400800 7.819218
hwb6_56
improve 0 6723 11910 7208 5187 6.000000 0.400800 0.433969
radd_250
original 0 3213 5793 3503 2580 6.000000 0.400800 0.220298
mlp4_245
original 0 18852 34593 20363 15741 6.000000 0.400800 6.705478
9symml_195
improve 0 34881 62436 37872 27555 6.000000 0.400800 2.373325
inc_237
improve 0 10619 19004 11613 8382 6.000000 0.400800 5.489276
sqn_258
improve 0 10223 18450 10868 8217 6.000000 0.400800 2.884075
sao2_257
improve 0 38577 70223 39063 31638 6.000000 0.400800 4.522779
co14_215
improve 0 17936 33572 17887 15561 6.000000 0.400800 16.781795
urf3_155
original 0 423488 746345 435682 322857 6.000000 0.400800 41.362244
misex1_241
improve 0 4813 8632 5203 3816 6.000000 0.400800 0.804657
ham15_107
original 0 8763 16140 9725 7377 6.000000 0.400800 4.551785
clip_206
original 0 33827 62258 36070 28431 6.000000 0.400800 38.913146
cm85a_209
improve 0 11414 21295 13396 9852 6.000000 0.400800 5.108672
ground_state_estimation_10
original 0 390180 452001 206409 61821 6.000000 0.400800 12.095365
urf5_280
original 0 49829 90431 54689 40602 6.000000 0.400800 7.053690
rd84_253
improve 0 13658 25270 14703 11592 6.000000 0.400800 5.218283
urf1_149
improve 0 184864 320656 188067 135792 6.000000 0.400800 11.652754
urf5_158
improve 0 164416 290536 173010 126087 6.000000 0.400800 16.677431
urf3_279
improve 0 125362 240693 146678 115257 6.000000 0.400800 22.064835
dist_223
original 0 38046 69042 38959 30996 6.000000 0.400800 13.746780
hwb8_113
original 0 69380 121805 73061 52425 6.000000 0.400800 4.362432
time:77414.514634