sym10_262
original 0 64283 113996 66906 49713 7.000000 0.310800 88.043231
hwb9_119
improve 0 207775 363539 215347 155694 7.000000 0.310800 99.490431
max46_240
improve 0 27126 48561 28384 21411 7.000000 0.310800 14.394131
dc2_222
improve 0 9462 16986 10026 7485 7.000000 0.310800 57.178046
sym9_193
original 0 34881 62415 36621 27534 7.000000 0.310800 40.809367
adr4_197
original 0 3439 6550 3790 3111 7.000000 0.310800 7.932156
square_root_7
improve 0 7630 14024 7625 6390 7.000000 0.310800 7.512898
rd73_252
improve 0 5321 9365 5379 4017 7.000000 0.310800 17.891324
hwb7_59
improve 0 24379 41695 24369 17316 7.000000 0.310800 5.243946
plus63mod4096_163
improve 0 128744 229919 136857 101133 7.000000 0.310800 70.092677
root_255
improve 0 17159 30647 17011 13476 7.000000 0.310800 10.854343
z4_268
original 0 3073 5782 3407 2709 7.000000 0.310800 2.728911
urf2_277
improve 0 20112 37317 22833 17205 7.000000 0.310800 6.620291
sqrt8_260
original 0 3009 5256 3018 2247 7.000000 0.310800 1.462137
sym9_148
original 0 21504 37851 22734 16347 7.000000 0.310800 25.404196
urf2_152
improve 0 80480 137372 80931 56892 7.000000 0.310800 17.130851
urf1_278
original 0 54766 99433 60208 44667 7.000000 0.310800 68.850788
sym6_145
improve 0 3888 6591 3914 2703 7.000000 0.310800 1.653540
cycle10_2_110
improve 0 6050 11319 7004 5265 7.000000 0.310800 4.531973
urf6_160
improve 0 171840 308227 175325 136368 7.000000 0.310800 61.454853
plus63mod8192_164
improve 0 187112 335859 199727 148620 7.000000 0.310800 162.206732
urf4_187
improve 0 512064 907762 516198 395637 7.000000 0.310800 155.691187
life_238
original 0 22445 39986 23762 17541 7.000000 0.310800 6.487711
hwb6_56
original 0 6723 11595 6929 4872 7.000000 0.310800 1.325622
radd_250
improve 0 3213 5766 3343 2553 7.000000 0.310800 0.776519
mlp4_245
original 0 18852 33717 19518 14865 7.000000 0.310800 8.503799
9symml_195
original 0 34881 62415 36621 27534 7.000000 0.310800 39.834464
inc_237
original 0 10619 19118 11346 8499 7.000000 0.310800 12.470341
sqn_258
improve 0 10223 18137 10582 7911 7.000000 0.310800 6.998720
sao2_257
original 0 38577 68409 37082 29832 7.000000 0.310800 50.435334
co14_215
improve 0 17936 33048 17306 15099 7.000000 0.310800 22.083946
urf3_155
improve 0 423488 736835 425613 313293 7.000000 0.310800 131.224205
misex1_241
improve 0 4813 8479 5067 3666 7.000000 0.310800 1.878843
ham15_107
original 0 8763 15837 9426 7074 7.000000 0.310800 8.991963
clip_206
improve 0 33827 61540 35391 27657 7.000000 0.310800 71.196896
cm85a_209
original 0 11414 21104 12983 9690 7.000000 0.310800 7.648400
ground_state_estimation_10
improve 0 390180 447597 195125 57417 7.000000 0.310800 44.278615
urf5_280
improve 0 49829 89345 53762 39498 7.000000 0.310800 26.130070
rd84_253
original 0 13658 24611 13871 10953 7.000000 0.310800 20.795011
urf1_149
improve 0 184864 316528 184108 131664 7.000000 0.310800 40.455889
urf5_158
improve 0 164416 286357 173113 121914 7.000000 0.310800 65.846457
urf3_279
original 0 125362 232408 139932 107046 7.000000 0.310800 78.120150
dist_223
improve 0 38046 67909 38923 29847 7.000000 0.310800 24.905196
hwb8_113
original 0 69380 119921 71254 50541 7.000000 0.310800 16.191762
time:125281.014922