sym10_262
original 0 64283 117458 70101 53175 6.000000 0.725800 74.084893
hwb9_119
improve 0 207775 369888 222278 162066 6.000000 0.725800 20.086759
max46_240
original 0 27126 48465 27893 21339 6.000000 0.725800 3.473531
dc2_222
improve 0 9462 17362 10411 7884 6.000000 0.725800 4.774025
sym9_193
improve 0 34881 62492 37837 27594 6.000000 0.725800 3.970454
adr4_197
improve 0 3439 6502 3793 3063 6.000000 0.725800 0.472220
square_root_7
improve 0 7630 14135 7598 6501 6.000000 0.725800 1.481127
rd73_252
original 0 5321 9572 5572 4251 6.000000 0.725800 0.385369
hwb7_59
original 0 24379 42475 25345 18096 6.000000 0.725800 1.569399
plus63mod4096_163
original 0 128744 235313 142571 106569 6.000000 0.725800 63.543433
root_255
improve 0 17159 30956 17333 13797 6.000000 0.725800 1.529713
z4_268
original 0 3073 5749 3409 2676 6.000000 0.725800 0.611496
urf2_277
improve 0 20112 37497 22967 17385 6.000000 0.725800 2.015837
sqrt8_260
improve 0 3009 5478 3201 2469 6.000000 0.725800 0.231968
sym9_148
original 0 21504 39126 24074 17622 6.000000 0.725800 2.944185
urf2_152
improve 0 80480 138983 82973 58503 6.000000 0.725800 4.822129
urf1_278
original 0 54766 100792 61563 46026 6.000000 0.725800 13.077107
sym6_145
improve 0 3888 6678 4065 2790 6.000000 0.725800 0.225047
cycle10_2_110
original 0 6050 11066 6723 5016 6.000000 0.725800 4.095553
urf6_160
improve 0 171840 312063 180940 140163 6.000000 0.725800 30.952713
plus63mod8192_164
improve 0 187112 342764 206521 155607 6.000000 0.725800 25.534528
urf4_187
improve 0 512064 908614 514487 396507 6.000000 0.725800 46.071660
life_238
improve 0 22445 40895 24895 18432 6.000000 0.725800 6.351577
hwb6_56
improve 0 6723 11910 7208 5187 6.000000 0.725800 0.430646
radd_250
original 0 3213 5793 3503 2580 6.000000 0.725800 0.225184
mlp4_245
original 0 18852 34593 20363 15741 6.000000 0.725800 6.697609
9symml_195
improve 0 34881 62492 37837 27594 6.000000 0.725800 3.847621
inc_237
improve 0 10619 19370 11682 8748 6.000000 0.725800 5.582639
sqn_258
original 0 10223 18521 10945 8298 6.000000 0.725800 2.222761
sao2_257
improve 0 38577 70223 39063 31638 6.000000 0.725800 4.527932
co14_215
original 0 17936 33569 17623 15633 6.000000 0.725800 19.184524
urf3_155
original 0 423488 746345 435682 322857 6.000000 0.725800 41.152963
misex1_241
improve 0 4813 8632 5203 3816 6.000000 0.725800 0.789198
ham15_107
improve 0 8763 15894 9659 7131 6.000000 0.725800 0.829514
clip_206
improve 0 33827 62657 37089 28824 6.000000 0.725800 6.232074
cm85a_209
improve 0 11414 21320 13102 9891 6.000000 0.725800 6.213381
ground_state_estimation_10
original 0 390180 452001 206409 61821 6.000000 0.725800 12.161623
urf5_280
original 0 49829 90431 54689 40602 6.000000 0.725800 7.134999
rd84_253
improve 0 13658 25270 14703 11592 6.000000 0.725800 5.144037
urf1_149
improve 0 184864 320656 188067 135792 6.000000 0.725800 11.826636
urf5_158
improve 0 164416 290536 173010 126087 6.000000 0.725800 17.229422
urf3_279
original 0 125362 234529 142400 109167 6.000000 0.725800 24.015360
dist_223
original 0 38046 69150 39094 31104 6.000000 0.725800 16.870977
hwb8_113
original 0 69380 121805 73061 52425 6.000000 0.725800 4.444694
time:93720.228789