sym10_262
improve 0 64283 115915 69884 51603 5.000000 0.945800 11.712461
hwb9_119
improve 0 207775 367989 222758 160167 5.000000 0.945800 23.612182
max46_240
original 0 27126 48084 27857 20958 5.000000 0.945800 9.859291
dc2_222
original 0 9462 17391 10567 7929 5.000000 0.945800 4.567157
sym9_193
improve 0 34881 62952 38345 28047 5.000000 0.945800 7.053379
adr4_197
original 0 3439 6307 3667 2868 5.000000 0.945800 1.050875
square_root_7
improve 0 7630 14350 8134 6684 5.000000 0.945800 9.377244
rd73_252
original 0 5321 9458 5530 4137 5.000000 0.945800 4.277843
hwb7_59
original 0 24379 42283 25199 17904 5.000000 0.945800 1.507546
plus63mod4096_163
original 0 128744 235238 143371 106494 5.000000 0.945800 30.847035
root_255
improve 0 17159 31092 17757 13926 5.000000 0.945800 3.111593
z4_268
original 0 3073 6001 3583 2928 5.000000 0.945800 4.247183
urf2_277
improve 0 20112 37086 22954 16956 5.000000 0.945800 5.970479
sqrt8_260
original 0 3009 5439 3234 2430 5.000000 0.945800 0.554626
sym9_148
improve 0 21504 38316 23343 16812 5.000000 0.945800 1.636180
urf2_152
improve 0 80480 138965 83094 58485 5.000000 0.945800 4.818523
urf1_278
improve 0 54766 99957 61842 45153 5.000000 0.945800 14.808195
sym6_145
improve 0 3888 6750 4170 2862 5.000000 0.945800 0.213117
cycle10_2_110
original 0 6050 11057 6757 5007 5.000000 0.945800 4.341235
urf6_160
improve 0 171840 314005 181875 142113 5.000000 0.945800 30.945262
plus63mod8192_164
improve 0 187112 340569 207377 153297 5.000000 0.945800 66.502137
urf4_187
improve 0 512064 906445 518334 394326 5.000000 0.945800 50.281402
life_238
original 0 22445 41222 25285 18777 5.000000 0.945800 14.311452
hwb6_56
improve 0 6723 11805 7125 5082 5.000000 0.945800 0.437952
radd_250
original 0 3213 5793 3471 2580 5.000000 0.945800 0.267121
mlp4_245
improve 0 18852 34563 20792 15654 5.000000 0.945800 19.575037
9symml_195
improve 0 34881 62952 38345 28047 5.000000 0.945800 7.075380
inc_237
improve 0 10619 19892 12559 9273 5.000000 0.945800 1.702124
sqn_258
improve 0 10223 18479 11167 8250 5.000000 0.945800 1.180373
sao2_257
original 0 38577 69651 38809 31074 5.000000 0.945800 23.545967
co14_215
original 0 17936 33506 17656 15570 5.000000 0.945800 9.448920
urf3_155
improve 0 423488 747324 438189 323790 5.000000 0.945800 42.026784
misex1_241
improve 0 4813 8503 5200 3690 5.000000 0.945800 0.413940
ham15_107
original 0 8763 16374 9906 7611 5.000000 0.945800 2.236521
clip_206
improve 0 33827 62094 36480 28215 5.000000 0.945800 21.368296
cm85a_209
original 0 11414 21068 13083 9654 5.000000 0.945800 30.167902
ground_state_estimation_10
improve 0 390180 459102 207260 68922 5.000000 0.945800 12.335934
urf5_280
improve 0 49829 89549 54355 39708 5.000000 0.945800 7.410179
rd84_253
original 0 13658 24791 14415 11133 5.000000 0.945800 4.174776
urf1_149
original 0 184864 320896 188602 136032 5.000000 0.945800 11.714994
urf5_158
original 0 164416 293044 173668 128628 5.000000 0.945800 11.909891
urf3_279
original 0 125362 233881 142327 108519 5.000000 0.945800 36.482927
dist_223
improve 0 38046 69557 40627 31473 5.000000 0.945800 16.067699
hwb8_113
improve 0 69380 120809 73296 51423 5.000000 0.945800 10.531902
time:54652.961181