sym10_262
improve 0 64283 123303 74739 58878 2.000000 0.045800 131.132465
hwb9_119
original 0 207775 376315 225212 168540 2.000000 0.045800 301.531189
max46_240
improve 0 27126 49435 28482 22287 2.000000 0.045800 28.055118
dc2_222
original 0 9462 17352 10404 7890 2.000000 0.045800 4.677235
sym9_193
improve 0 34881 64098 38401 29154 2.000000 0.045800 57.074756
adr4_197
improve 0 3439 6606 3820 3141 2.000000 0.045800 14.492054
square_root_7
improve 0 7630 14560 8135 6900 2.000000 0.045800 46.571231
rd73_252
improve 0 5321 9695 5740 4374 2.000000 0.045800 1.783660
hwb7_59
improve 0 24379 43066 25510 18675 2.000000 0.045800 19.266896
plus63mod4096_163
original 0 128744 238841 143439 110097 2.000000 0.045800 195.290425
root_255
original 0 17159 32066 18076 14907 2.000000 0.045800 75.124812
z4_268
improve 0 3073 5825 3418 2727 2.000000 0.045800 20.397039
urf2_277
improve 0 20112 37518 23030 17406 2.000000 0.045800 6.100558
sqrt8_260
improve 0 3009 5601 3352 2592 2.000000 0.045800 1.833335
sym9_148
improve 0 21504 40571 24742 18951 2.000000 0.045800 80.352118
urf2_152
improve 0 80480 139712 81879 59232 2.000000 0.045800 17.297377
urf1_278
original 0 54766 102229 61946 47463 2.000000 0.045800 26.748558
sym6_145
original 0 3888 6858 4137 2970 2.000000 0.045800 0.981457
cycle10_2_110
improve 0 6050 11606 7182 5550 2.000000 0.045800 11.579950
urf6_160
improve 0 171840 315949 180629 144036 2.000000 0.045800 136.973735
plus63mod8192_164
improve 0 187112 348090 211292 160611 2.000000 0.045800 536.811184
urf4_187
improve 0 512064 923877 521552 411681 2.000000 0.045800 245.243820
life_238
improve 0 22445 41048 24804 18588 2.000000 0.045800 25.652711
hwb6_56
original 0 6723 11889 7083 5166 2.000000 0.045800 1.814839
radd_250
original 0 3213 5862 3499 2649 2.000000 0.045800 1.216285
mlp4_245
improve 0 18852 35095 20757 16170 2.000000 0.045800 65.131786
9symml_195
improve 0 34881 64098 38401 29154 2.000000 0.045800 56.211626
inc_237
original 0 10619 19724 11774 9105 2.000000 0.045800 7.404994
sqn_258
improve 0 10223 18602 10991 8370 2.000000 0.045800 6.577918
sao2_257
improve 0 38577 72023 40188 33360 2.000000 0.045800 127.431554
co14_215
original 0 17936 34739 18392 16803 2.000000 0.045800 143.229278
urf3_155
improve 0 423488 751168 432490 327612 2.000000 0.045800 138.462355
misex1_241
original 0 4813 8629 5167 3816 2.000000 0.045800 1.896139
ham15_107
improve 0 8763 15987 9654 7224 2.000000 0.045800 3.956696
clip_206
improve 0 33827 62629 36387 28695 2.000000 0.045800 113.631159
cm85a_209
improve 0 11414 21488 13335 10035 2.000000 0.045800 52.503193
ground_state_estimation_10
original 0 390180 469944 218623 79764 2.000000 0.045800 42.561091
urf5_280
improve 0 49829 91460 54937 41607 2.000000 0.045800 33.409084
rd84_253
improve 0 13658 25387 14725 11685 2.000000 0.045800 66.491324
urf1_149
original 0 184864 321160 184587 136296 2.000000 0.045800 55.264578
urf5_158
improve 0 164416 293056 170286 128598 2.000000 0.045800 58.698869
urf3_279
improve 0 125362 237713 144262 112305 2.000000 0.045800 79.640974
dist_223
improve 0 38046 69804 40280 31647 2.000000 0.045800 118.767447
hwb8_113
improve 0 69380 127707 76776 58197 2.000000 0.045800 102.369410
time:130664.522699