sym10_262
improve 0 64283 118725 71230 54369 2.000000 0.050800 135.116961
hwb9_119
improve 0 207775 379116 227024 171138 2.000000 0.050800 249.437683
max46_240
improve 0 27126 48732 28571 21600 2.000000 0.050800 15.178666
dc2_222
improve 0 9462 17478 10499 7971 2.000000 0.050800 68.426552
sym9_193
original 0 34881 63654 37895 28773 2.000000 0.050800 20.727927
adr4_197
improve 0 3439 6451 3751 3006 2.000000 0.050800 5.458707
square_root_7
improve 0 7630 14704 8233 7047 2.000000 0.050800 28.241575
rd73_252
original 0 5321 9596 5545 4275 2.000000 0.050800 6.779208
hwb7_59
improve 0 24379 43336 25531 18957 2.000000 0.050800 6.561177
plus63mod4096_163
original 0 128744 241283 144238 112539 2.000000 0.050800 299.035918
root_255
improve 0 17159 31917 18078 14721 2.000000 0.050800 39.510965
z4_268
original 0 3073 5698 3332 2625 2.000000 0.050800 1.126426
urf2_277
original 0 20112 37527 22958 17415 2.000000 0.050800 5.882684
sqrt8_260
improve 0 3009 5490 3284 2478 2.000000 0.050800 3.024682
sym9_148
improve 0 21504 38961 23874 17430 2.000000 0.050800 40.414811
urf2_152
improve 0 80480 139682 81809 59202 2.000000 0.050800 17.923720
urf1_278
improve 0 54766 101509 61592 46740 2.000000 0.050800 19.835028
sym6_145
original 0 3888 6798 4152 2910 2.000000 0.050800 1.023017
cycle10_2_110
improve 0 6050 11321 6922 5214 2.000000 0.050800 71.408095
urf6_160
original 0 171840 315885 179009 144045 2.000000 0.050800 261.660943
plus63mod8192_164
original 0 187112 349748 209952 162636 2.000000 0.050800 554.263502
urf4_187
improve 0 512064 924824 515627 412527 2.000000 0.050800 288.734409
life_238
improve 0 22445 41457 25167 18981 2.000000 0.050800 33.270871
hwb6_56
improve 0 6723 11865 7097 5142 2.000000 0.050800 1.481627
radd_250
original 0 3213 5865 3487 2652 2.000000 0.050800 14.137439
mlp4_245
original 0 18852 34923 20614 16071 2.000000 0.050800 91.704907
9symml_195
original 0 34881 63654 37895 28773 2.000000 0.050800 20.841083
inc_237
original 0 10619 19583 11622 8964 2.000000 0.050800 5.467306
sqn_258
improve 0 10223 18653 10944 8418 2.000000 0.050800 17.361629
sao2_257
improve 0 38577 72097 40203 33441 2.000000 0.050800 79.129738
co14_215
improve 0 17936 34391 18594 16398 2.000000 0.050800 53.670326
urf3_155
improve 0 423488 748773 433423 325218 2.000000 0.050800 138.992013
misex1_241
improve 0 4813 8632 5097 3819 2.000000 0.050800 2.024124
ham15_107
improve 0 8763 16226 9826 7413 2.000000 0.050800 102.391196
clip_206
original 0 33827 63182 36192 29355 2.000000 0.050800 212.632614
cm85a_209
improve 0 11414 21174 13127 9726 2.000000 0.050800 33.973114
ground_state_estimation_10
improve 0 390180 470818 217883 80634 2.000000 0.050800 45.391906
urf5_280
original 0 49829 91328 54824 41499 2.000000 0.050800 20.799075
rd84_253
original 0 13658 25280 14358 11622 2.000000 0.050800 44.347202
urf1_149
original 0 184864 321097 184588 136233 2.000000 0.050800 54.210562
urf5_158
improve 0 164416 290459 170915 125994 2.000000 0.050800 66.782467
urf3_279
improve 0 125362 237269 144172 111867 2.000000 0.050800 71.446628
dist_223
improve 0 38046 70170 40020 32100 2.000000 0.050800 40.788827
hwb8_113
improve 0 69380 126931 77247 57438 2.000000 0.050800 80.768372
time:131841.085509