sym10_262
original 0 64283 114731 67237 50448 7.000000 0.060800 30.236076
hwb9_119
improve 0 207775 363539 215347 155694 7.000000 0.060800 28.643062
max46_240
original 0 27126 47742 27451 20616 7.000000 0.060800 2.134884
dc2_222
improve 0 9462 16986 10026 7485 7.000000 0.060800 20.513442
sym9_193
improve 0 34881 61562 36034 26667 7.000000 0.060800 5.205678
adr4_197
original 0 3439 6550 3790 3111 7.000000 0.060800 2.331303
square_root_7
improve 0 7630 14024 7625 6390 7.000000 0.060800 2.134954
rd73_252
improve 0 5321 9365 5379 4017 7.000000 0.060800 5.002507
hwb7_59
improve 0 24379 41695 24369 17316 7.000000 0.060800 1.499219
plus63mod4096_163
improve 0 128744 229919 136857 101133 7.000000 0.060800 19.212816
root_255
improve 0 17159 30647 17011 13476 7.000000 0.060800 3.051291
z4_268
original 0 3073 5782 3407 2709 7.000000 0.060800 0.853879
urf2_277
improve 0 20112 37317 22833 17205 7.000000 0.060800 1.797707
sqrt8_260
original 0 3009 5256 3018 2247 7.000000 0.060800 0.231961
sym9_148
improve 0 21504 38171 23145 16623 7.000000 0.060800 7.520142
urf2_152
improve 0 80480 137372 80931 56892 7.000000 0.060800 4.884393
urf1_278
original 0 54766 99433 60208 44667 7.000000 0.060800 20.021007
sym6_145
improve 0 3888 6591 3914 2703 7.000000 0.060800 0.231703
cycle10_2_110
original 0 6050 11168 6834 5118 7.000000 0.060800 1.028691
urf6_160
improve 0 171840 308227 175325 136368 7.000000 0.060800 17.298980
plus63mod8192_164
improve 0 187112 335859 199727 148620 7.000000 0.060800 44.616710
urf4_187
improve 0 512064 907939 501946 395844 7.000000 0.060800 40.696748
life_238
improve 0 22445 39624 23823 17160 7.000000 0.060800 3.231478
hwb6_56
original 0 6723 11595 6929 4872 7.000000 0.060800 0.393480
radd_250
improve 0 3213 5766 3343 2553 7.000000 0.060800 0.231490
mlp4_245
original 0 18852 33717 19518 14865 7.000000 0.060800 2.495897
9symml_195
improve 0 34881 61562 36034 26667 7.000000 0.060800 5.160448
inc_237
improve 0 10619 19088 11578 8466 7.000000 0.060800 3.576872
sqn_258
improve 0 10223 18279 10613 8052 7.000000 0.060800 2.091352
sao2_257
original 0 38577 68409 37082 29832 7.000000 0.060800 14.356679
co14_215
original 0 17936 33284 17304 15348 7.000000 0.060800 7.736939
urf3_155
improve 0 423488 736835 425613 313293 7.000000 0.060800 37.590058
misex1_241
improve 0 4813 8479 5067 3666 7.000000 0.060800 0.437264
ham15_107
original 0 8763 15921 9539 7158 7.000000 0.060800 2.200547
clip_206
improve 0 33827 60766 34795 26931 7.000000 0.060800 4.911594
cm85a_209
improve 0 11414 20996 13115 9570 7.000000 0.060800 4.642262
ground_state_estimation_10
improve 0 390180 447597 195125 57417 7.000000 0.060800 12.201780
urf5_280
improve 0 49829 89345 53762 39498 7.000000 0.060800 7.375629
rd84_253
original 0 13658 24611 13871 10953 7.000000 0.060800 5.485479
urf1_149
improve 0 184864 316528 184108 131664 7.000000 0.060800 11.440610
urf5_158
improve 0 164416 286357 173113 121914 7.000000 0.060800 18.715816
urf3_279
original 0 125362 231862 140199 106500 7.000000 0.060800 22.802410
dist_223
improve 0 38046 68005 38789 29931 7.000000 0.060800 16.710767
hwb8_113
original 0 69380 119921 71254 50541 7.000000 0.060800 4.901731
time:110490.551464