sym10_262
improve 0 64283 117353 70462 53034 6.000000 0.050800 15.052545
hwb9_119
improve 0 207775 369888 222278 162066 6.000000 0.050800 20.378385
max46_240
original 0 27126 48516 28316 21390 6.000000 0.050800 4.007094
dc2_222
improve 0 9462 17362 10411 7884 6.000000 0.050800 4.612510
sym9_193
improve 0 34881 62436 37872 27555 6.000000 0.050800 2.365982
adr4_197
improve 0 3439 6502 3793 3063 6.000000 0.050800 0.458687
square_root_7
improve 0 7630 14135 7598 6501 6.000000 0.050800 1.488206
rd73_252
original 0 5321 9572 5572 4251 6.000000 0.050800 0.382689
hwb7_59
original 0 24379 42475 25345 18096 6.000000 0.050800 1.562268
plus63mod4096_163
original 0 128744 235313 142571 106569 6.000000 0.050800 63.404230
root_255
improve 0 17159 30956 17333 13797 6.000000 0.050800 1.518849
z4_268
original 0 3073 5749 3409 2676 6.000000 0.050800 0.611825
urf2_277
improve 0 20112 37497 22967 17385 6.000000 0.050800 1.933610
sqrt8_260
improve 0 3009 5478 3201 2469 6.000000 0.050800 0.231472
sym9_148
original 0 21504 39126 24074 17622 6.000000 0.050800 2.974145
urf2_152
improve 0 80480 138983 82973 58503 6.000000 0.050800 4.724656
urf1_278
original 0 54766 100792 61563 46026 6.000000 0.050800 13.451575
sym6_145
improve 0 3888 6678 4065 2790 6.000000 0.050800 0.228149
cycle10_2_110
original 0 6050 11135 6731 5085 6.000000 0.050800 2.877178
urf6_160
improve 0 171840 312063 180940 140163 6.000000 0.050800 31.145419
plus63mod8192_164
improve 0 187112 342764 206521 155607 6.000000 0.050800 25.585600
urf4_187
improve 0 512064 908614 514487 396507 6.000000 0.050800 45.817689
life_238
improve 0 22445 40994 24851 18528 6.000000 0.050800 8.240642
hwb6_56
improve 0 6723 11910 7208 5187 6.000000 0.050800 0.425914
radd_250
original 0 3213 5793 3503 2580 6.000000 0.050800 0.221946
mlp4_245
original 0 18852 34593 20363 15741 6.000000 0.050800 6.764892
9symml_195
improve 0 34881 62436 37872 27555 6.000000 0.050800 2.381499
inc_237
improve 0 10619 19004 11613 8382 6.000000 0.050800 5.493628
sqn_258
improve 0 10223 18450 10868 8217 6.000000 0.050800 2.878509
sao2_257
improve 0 38577 70223 39063 31638 6.000000 0.050800 4.542994
co14_215
improve 0 17936 33572 17887 15561 6.000000 0.050800 16.762987
urf3_155
original 0 423488 746345 435682 322857 6.000000 0.050800 41.125237
misex1_241
improve 0 4813 8632 5203 3816 6.000000 0.050800 0.816583
ham15_107
original 0 8763 16140 9725 7377 6.000000 0.050800 4.606358
clip_206
original 0 33827 62258 36070 28431 6.000000 0.050800 41.070645
cm85a_209
improve 0 11414 21295 13396 9852 6.000000 0.050800 5.154911
ground_state_estimation_10
original 0 390180 452001 206409 61821 6.000000 0.050800 12.201174
urf5_280
original 0 49829 90431 54689 40602 6.000000 0.050800 7.100693
rd84_253
improve 0 13658 25270 14703 11592 6.000000 0.050800 5.241531
urf1_149
improve 0 184864 320656 188067 135792 6.000000 0.050800 11.695396
urf5_158
improve 0 164416 290536 173010 126087 6.000000 0.050800 17.098359
urf3_279
improve 0 125362 240693 146678 115257 6.000000 0.050800 22.111376
dist_223
original 0 38046 69042 38959 30996 6.000000 0.050800 13.789834
hwb8_113
original 0 69380 121805 73061 52425 6.000000 0.050800 4.396841
time:59526.379930