sym10_262
improve 0 64283 123303 74739 58878 2.000000 0.035800 131.557830
hwb9_119
original 0 207775 376315 225212 168540 2.000000 0.035800 301.632625
max46_240
improve 0 27126 49435 28482 22287 2.000000 0.035800 28.293741
dc2_222
original 0 9462 17352 10404 7890 2.000000 0.035800 4.648739
sym9_193
improve 0 34881 64098 38401 29154 2.000000 0.035800 57.121512
adr4_197
improve 0 3439 6606 3820 3141 2.000000 0.035800 13.580105
square_root_7
improve 0 7630 14560 8135 6900 2.000000 0.035800 47.152135
rd73_252
improve 0 5321 9695 5740 4374 2.000000 0.035800 1.752684
hwb7_59
improve 0 24379 43066 25510 18675 2.000000 0.035800 19.852346
plus63mod4096_163
original 0 128744 238841 143439 110097 2.000000 0.035800 195.782873
root_255
original 0 17159 32066 18076 14907 2.000000 0.035800 76.268041
z4_268
improve 0 3073 5825 3418 2727 2.000000 0.035800 19.588829
urf2_277
improve 0 20112 37518 23030 17406 2.000000 0.035800 6.121308
sqrt8_260
improve 0 3009 5601 3352 2592 2.000000 0.035800 1.846457
sym9_148
improve 0 21504 40571 24742 18951 2.000000 0.035800 80.322476
urf2_152
improve 0 80480 139712 81879 59232 2.000000 0.035800 16.601992
urf1_278
original 0 54766 102229 61946 47463 2.000000 0.035800 26.869723
sym6_145
original 0 3888 6858 4137 2970 2.000000 0.035800 0.977286
cycle10_2_110
improve 0 6050 11606 7182 5550 2.000000 0.035800 11.634561
urf6_160
improve 0 171840 315949 180629 144036 2.000000 0.035800 137.876861
plus63mod8192_164
improve 0 187112 348090 211292 160611 2.000000 0.035800 554.177403
urf4_187
improve 0 512064 923877 521552 411681 2.000000 0.035800 245.318146
life_238
improve 0 22445 41048 24804 18588 2.000000 0.035800 20.889542
hwb6_56
original 0 6723 11889 7083 5166 2.000000 0.035800 1.812818
radd_250
original 0 3213 5862 3499 2649 2.000000 0.035800 1.208467
mlp4_245
improve 0 18852 35095 20757 16170 2.000000 0.035800 65.328789
9symml_195
improve 0 34881 64098 38401 29154 2.000000 0.035800 57.268834
inc_237
original 0 10619 19724 11774 9105 2.000000 0.035800 7.417062
sqn_258
improve 0 10223 18602 10991 8370 2.000000 0.035800 6.538845
sao2_257
improve 0 38577 72023 40188 33360 2.000000 0.035800 127.890095
co14_215
original 0 17936 34739 18392 16803 2.000000 0.035800 143.897149
urf3_155
improve 0 423488 751168 432490 327612 2.000000 0.035800 139.685238
misex1_241
original 0 4813 8629 5167 3816 2.000000 0.035800 1.909880
ham15_107
improve 0 8763 15987 9654 7224 2.000000 0.035800 3.284063
clip_206
improve 0 33827 62629 36387 28695 2.000000 0.035800 112.939311
cm85a_209
improve 0 11414 21488 13335 10035 2.000000 0.035800 52.600589
ground_state_estimation_10
original 0 390180 469944 218623 79764 2.000000 0.035800 42.772411
urf5_280
improve 0 49829 91460 54937 41607 2.000000 0.035800 33.097910
rd84_253
improve 0 13658 25387 14725 11685 2.000000 0.035800 65.372894
urf1_149
original 0 184864 321160 184587 136296 2.000000 0.035800 53.858471
urf5_158
improve 0 164416 293056 170286 128598 2.000000 0.035800 60.945245
urf3_279
improve 0 125362 237713 144262 112305 2.000000 0.035800 80.021587
dist_223
improve 0 38046 69804 40280 31647 2.000000 0.035800 118.752287
hwb8_113
improve 0 69380 127707 76776 58197 2.000000 0.035800 101.445901
time:127292.868650