sym10_262
improve 0 64283 123303 74739 58878 2.000000 0.065800 131.027722
hwb9_119
original 0 207775 376315 225212 168540 2.000000 0.065800 301.460758
max46_240
improve 0 27126 49435 28482 22287 2.000000 0.065800 28.272956
dc2_222
original 0 9462 17352 10404 7890 2.000000 0.065800 4.664686
sym9_193
improve 0 34881 64098 38401 29154 2.000000 0.065800 56.969361
adr4_197
improve 0 3439 6606 3820 3141 2.000000 0.065800 13.673111
square_root_7
improve 0 7630 14560 8135 6900 2.000000 0.065800 46.507010
rd73_252
improve 0 5321 9695 5740 4374 2.000000 0.065800 1.767769
hwb7_59
improve 0 24379 43066 25510 18675 2.000000 0.065800 19.899180
plus63mod4096_163
original 0 128744 238841 143439 110097 2.000000 0.065800 196.141047
root_255
original 0 17159 32066 18076 14907 2.000000 0.065800 75.379874
z4_268
improve 0 3073 5825 3418 2727 2.000000 0.065800 19.574093
urf2_277
improve 0 20112 37518 23030 17406 2.000000 0.065800 6.742858
sqrt8_260
improve 0 3009 5601 3352 2592 2.000000 0.065800 1.861312
sym9_148
improve 0 21504 40571 24742 18951 2.000000 0.065800 80.493493
urf2_152
improve 0 80480 139712 81879 59232 2.000000 0.065800 16.401958
urf1_278
original 0 54766 102229 61946 47463 2.000000 0.065800 26.881097
sym6_145
original 0 3888 6858 4137 2970 2.000000 0.065800 0.994378
cycle10_2_110
improve 0 6050 11606 7182 5550 2.000000 0.065800 11.567891
urf6_160
improve 0 171840 315949 180629 144036 2.000000 0.065800 136.877221
plus63mod8192_164
improve 0 187112 348090 211292 160611 2.000000 0.065800 552.948832
urf4_187
improve 0 512064 923877 521552 411681 2.000000 0.065800 246.281132
life_238
improve 0 22445 41048 24804 18588 2.000000 0.065800 20.894883
hwb6_56
original 0 6723 11889 7083 5166 2.000000 0.065800 1.849072
radd_250
original 0 3213 5862 3499 2649 2.000000 0.065800 1.204386
mlp4_245
improve 0 18852 35095 20757 16170 2.000000 0.065800 65.424179
9symml_195
improve 0 34881 64098 38401 29154 2.000000 0.065800 57.073098
inc_237
original 0 10619 19724 11774 9105 2.000000 0.065800 6.576978
sqn_258
improve 0 10223 18602 10991 8370 2.000000 0.065800 6.533647
