sym10_262
original 0 64283 113996 66906 49713 7.000000 0.380800 88.431762
hwb9_119
improve 0 207775 363539 215347 155694 7.000000 0.380800 99.953860
max46_240
improve 0 27126 48561 28384 21411 7.000000 0.380800 16.649348
dc2_222
improve 0 9462 16986 10026 7485 7.000000 0.380800 71.572797
sym9_193
original 0 34881 62415 36621 27534 7.000000 0.380800 40.711331
adr4_197
original 0 3439 6550 3790 3111 7.000000 0.380800 7.920685
square_root_7
improve 0 7630 14024 7625 6390 7.000000 0.380800 7.486104
rd73_252
improve 0 5321 9365 5379 4017 7.000000 0.380800 17.939110
hwb7_59
improve 0 24379 41695 24369 17316 7.000000 0.380800 5.286627
plus63mod4096_163
improve 0 128744 229919 136857 101133 7.000000 0.380800 69.913407
root_255
improve 0 17159 30647 17011 13476 7.000000 0.380800 10.786448
z4_268
original 0 3073 5782 3407 2709 7.000000 0.380800 2.736789
urf2_277
improve 0 20112 37317 22833 17205 7.000000 0.380800 6.603875
sqrt8_260
original 0 3009 5256 3018 2247 7.000000 0.380800 1.475003
sym9_148
original 0 21504 37851 22734 16347 7.000000 0.380800 25.384786
urf2_152
improve 0 80480 137372 80931 56892 7.000000 0.380800 17.100825
urf1_278
original 0 54766 99433 60208 44667 7.000000 0.380800 68.892304
sym6_145
improve 0 3888 6591 3914 2703 7.000000 0.380800 1.642553
cycle10_2_110
improve 0 6050 11319 7004 5265 7.000000 0.380800 4.582798
