sym10_262
improve 0 64283 115915 69884 51603 5.000000 0.615800 11.991226
hwb9_119
improve 0 207775 367989 222758 160167 5.000000 0.615800 24.271129
max46_240
original 0 27126 48084 27857 20958 5.000000 0.615800 9.731731
dc2_222
original 0 9462 17391 10567 7929 5.000000 0.615800 4.422671
sym9_193
improve 0 34881 62952 38345 28047 5.000000 0.615800 7.043576
adr4_197
original 0 3439 6307 3667 2868 5.000000 0.615800 1.014589
square_root_7
improve 0 7630 14350 8134 6684 5.000000 0.615800 9.435873
rd73_252
original 0 5321 9458 5530 4137 5.000000 0.615800 4.154968
hwb7_59
original 0 24379 42283 25199 17904 5.000000 0.615800 1.441399
plus63mod4096_163
original 0 128744 235238 143371 106494 5.000000 0.615800 29.832252
root_255
improve 0 17159 31092 17757 13926 5.000000 0.615800 3.205354
z4_268
original 0 3073 6001 3583 2928 5.000000 0.615800 4.089483
urf2_277
improve 0 20112 37086 22954 16956 5.000000 0.615800 5.668164
sqrt8_260
original 0 3009 5439 3234 2430 5.000000 0.615800 0.646211
sym9_148
improve 0 21504 38316 23343 16812 5.000000 0.615800 1.556320
urf2_152
improve 0 80480 138965 83094 58485 5.000000 0.615800 4.826933
urf1_278
improve 0 54766 99957 61842 45153 5.000000 0.615800 14.578807
sym6_145
improve 0 3888 6750 4170 2862 5.000000 0.615800 0.211121
cycle10_2_110
original 0 6050 11057 6757 5007 5.000000 0.615800 4.210858
urf6_160
improve 0 171840 314005 181875 142113 5.000000 0.615800 31.038034
plus63mod8192_164
improve 0 187112 340569 207377 153297 5.000000 0.615800 66.414554
urf4_187
improve 0 512064 906445 518334 394326 5.000000 0.615800 50.237049
life_238
original 0 22445 41222 25285 18777 5.000000 0.615800 14.340037
hwb6_56
improve 0 6723 11805 7125 5082 5.000000 0.615800 0.438954
radd_250
original 0 3213 5793 3471 2580 5.000000 0.615800 0.271253
mlp4_245
improve 0 18852 34563 20792 15654 5.000000 0.615800 18.850314
9symml_195
improve 0 34881 62952 38345 28047 5.000000 0.615800 6.892498
inc_237
improve 0 10619 19892 12559 9273 5.000000 0.615800 1.663081
sqn_258
improve 0 10223 18479 11167 8250 5.000000 0.615800 1.167121
sao2_257
original 0 38577 69651 38809 31074 5.000000 0.615800 22.960249
co14_215
original 0 17936 33506 17656 15570 5.000000 0.615800 9.187857
urf3_155
improve 0 423488 747324 438189 323790 5.000000 0.615800 41.611857
misex1_241
improve 0 4813 8503 5200 3690 5.000000 0.615800 0.416604
ham15_107
original 0 8763 16374 9906 7611 5.000000 0.615800 2.220942
clip_206
improve 0 33827 62094 36480 28215 5.000000 0.615800 20.716020
cm85a_209
original 0 11414 21068 13083 9654 5.000000 0.615800 28.931392
ground_state_estimation_10
improve 0 390180 459102 207260 68922 5.000000 0.615800 12.285481
urf5_280
improve 0 49829 89549 54355 39708 5.000000 0.615800 7.308445
rd84_253
original 0 13658 24791 14415 11133 5.000000 0.615800 4.073382
urf1_149
original 0 184864 320896 188602 136032 5.000000 0.615800 11.691512
urf5_158
original 0 164416 293044 173668 128628 5.000000 0.615800 11.860636
urf3_279
original 0 125362 233881 142327 108519 5.000000 0.615800 34.860128
dist_223
improve 0 38046 69557 40627 31473 5.000000 0.615800 15.753519
hwb8_113
improve 0 69380 120809 73296 51423 5.000000 0.615800 10.312942
time:36159.544706