sym10_262
original 0 64283 114731 67237 50448 7.000000 0.015800 28.705723
hwb9_119
improve 0 207775 363539 215347 155694 7.000000 0.015800 27.503655
max46_240
original 0 27126 47742 27451 20616 7.000000 0.015800 2.392907
dc2_222
improve 0 9462 16986 10026 7485 7.000000 0.015800 20.193535
sym9_193
improve 0 34881 61562 36034 26667 7.000000 0.015800 4.959679
adr4_197
original 0 3439 6550 3790 3111 7.000000 0.015800 2.250799
square_root_7
improve 0 7630 14024 7625 6390 7.000000 0.015800 2.144231
rd73_252
improve 0 5321 9365 5379 4017 7.000000 0.015800 5.227652
hwb7_59
improve 0 24379 41695 24369 17316 7.000000 0.015800 1.468409
plus63mod4096_163
improve 0 128744 229919 136857 101133 7.000000 0.015800 19.270401
root_255
improve 0 17159 30647 17011 13476 7.000000 0.015800 3.058788
z4_268
original 0 3073 5782 3407 2709 7.000000 0.015800 0.790403
urf2_277
improve 0 20112 37317 22833 17205 7.000000 0.015800 1.870015
sqrt8_260
original 0 3009 5256 3018 2247 7.000000 0.015800 0.310214
sym9_148
improve 0 21504 38171 23145 16623 7.000000 0.015800 7.152348
urf2_152
improve 0 80480 137372 80931 56892 7.000000 0.015800 4.839810
urf1_278
original 0 54766 99433 60208 44667 7.000000 0.015800 19.870706
sym6_145
improve 0 3888 6591 3914 2703 7.000000 0.015800 0.325425
cycle10_2_110
original 0 6050 11168 6834 5118 7.000000 0.015800 0.955322
urf6_160
improve 0 171840 308227 175325 136368 7.000000 0.015800 17.278169
plus63mod8192_164
improve 0 187112 335859 199727 148620 7.000000 0.015800 43.891965
urf4_187
improve 0 512064 907939 501946 395844 7.000000 0.015800 40.094843
life_238
improve 0 22445 39624 23823 17160 7.000000 0.015800 2.813311
hwb6_56
original 0 6723 11595 6929 4872 7.000000 0.015800 0.390322
radd_250
improve 0 3213 5766 3343 2553 7.000000 0.015800 0.260620
mlp4_245
original 0 18852 33717 19518 14865 7.000000 0.015800 2.463153
9symml_195
improve 0 34881 61562 36034 26667 7.000000 0.015800 4.892349
inc_237
improve 0 10619 19088 11578 8466 7.000000 0.015800 3.500634
sqn_258
improve 0 10223 18279 10613 8052 7.000000 0.015800 2.100991
sao2_257
original 0 38577 68409 37082 29832 7.000000 0.015800 13.990067
co14_215
original 0 17936 33284 17304 15348 7.000000 0.015800 7.515329
urf3_155
improve 0 423488 736835 425613 313293 7.000000 0.015800 37.188712
misex1_241
improve 0 4813 8479 5067 3666 7.000000 0.015800 0.434575
ham15_107
original 0 8763 15921 9539 7158 7.000000 0.015800 2.211754
clip_206
improve 0 33827 60766 34795 26931 7.000000 0.015800 5.146368
cm85a_209
improve 0 11414 20996 13115 9570 7.000000 0.015800 4.649053
ground_state_estimation_10
improve 0 390180 447597 195125 57417 7.000000 0.015800 11.976151
urf5_280
improve 0 49829 89345 53762 39498 7.000000 0.015800 7.383792
rd84_253
original 0 13658 24611 13871 10953 7.000000 0.015800 5.583941
urf1_149
improve 0 184864 316528 184108 131664 7.000000 0.015800 11.650344
urf5_158
improve 0 164416 286357 173113 121914 7.000000 0.015800 18.602038
urf3_279
original 0 125362 231862 140199 106500 7.000000 0.015800 22.221313
dist_223
improve 0 38046 68005 38789 29931 7.000000 0.015800 17.110296
hwb8_113
original 0 69380 119921 71254 50541 7.000000 0.015800 4.964920
time:108149.485289