sym10_262
improve 0 64283 117353 70462 53034 6.000000 0.180800 15.718520
hwb9_119
improve 0 207775 369888 222278 162066 6.000000 0.180800 20.485900
max46_240
original 0 27126 48516 28316 21390 6.000000 0.180800 4.259184
dc2_222
improve 0 9462 17362 10411 7884 6.000000 0.180800 4.804166
sym9_193
improve 0 34881 62436 37872 27555 6.000000 0.180800 2.453633
adr4_197
improve 0 3439 6502 3793 3063 6.000000 0.180800 0.550824
square_root_7
improve 0 7630 14135 7598 6501 6.000000 0.180800 1.405164
rd73_252
original 0 5321 9572 5572 4251 6.000000 0.180800 0.387615
hwb7_59
original 0 24379 42475 25345 18096 6.000000 0.180800 1.575985
plus63mod4096_163
original 0 128744 235313 142571 106569 6.000000 0.180800 63.620880
root_255
improve 0 17159 30956 17333 13797 6.000000 0.180800 1.548905
z4_268
original 0 3073 5749 3409 2676 6.000000 0.180800 0.623862
urf2_277
improve 0 20112 37497 22967 17385 6.000000 0.180800 2.017373
sqrt8_260
improve 0 3009 5478 3201 2469 6.000000 0.180800 0.231637
sym9_148
original 0 21504 39126 24074 17622 6.000000 0.180800 3.001762
urf2_152
improve 0 80480 138983 82973 58503 6.000000 0.180800 4.724799
urf1_278
original 0 54766 100792 61563 46026 6.000000 0.180800 13.373064
sym6_145
improve 0 3888 6678 4065 2790 6.000000 0.180800 0.226742
cycle10_2_110
original 0 6050 11135 6731 5085 6.000000 0.180800 2.948583
urf6_160
improve 0 171840 312063 180940 140163 6.000000 0.180800 30.166483
plus63mod8192_164
improve 0 187112 342764 206521 155607 6.000000 0.180800 24.942653
urf4_187
improve 0 512064 908614 514487 396507 6.000000 0.180800 44.832327
life_238
improve 0 22445 40994 24851 18528 6.000000 0.180800 7.902669
hwb6_56
improve 0 6723 11910 7208 5187 6.000000 0.180800 0.420667
radd_250
original 0 3213 5793 3503 2580 6.000000 0.180800 0.218801
mlp4_245
original 0 18852 34593 20363 15741 6.000000 0.180800 6.657445
9symml_195
improve 0 34881 62436 37872 27555 6.000000 0.180800 2.474698
inc_237
improve 0 10619 19004 11613 8382 6.000000 0.180800 5.321395
sqn_258
improve 0 10223 18450 10868 8217 6.000000 0.180800 2.691285
sao2_257
improve 0 38577 70223 39063 31638 6.000000 0.180800 4.436515
co14_215
improve 0 17936 33572 17887 15561 6.000000 0.180800 16.541013
urf3_155
original 0 423488 746345 435682 322857 6.000000 0.180800 40.405150
misex1_241
improve 0 4813 8632 5203 3816 6.000000 0.180800 0.779080
ham15_107
original 0 8763 16140 9725 7377 6.000000 0.180800 4.405230
clip_206
original 0 33827 62258 36070 28431 6.000000 0.180800 39.274302
cm85a_209
improve 0 11414 21295 13396 9852 6.000000 0.180800 5.165077
ground_state_estimation_10
original 0 390180 452001 206409 61821 6.000000 0.180800 12.115097
urf5_280
original 0 49829 90431 54689 40602 6.000000 0.180800 6.923236
rd84_253
improve 0 13658 25270 14703 11592 6.000000 0.180800 5.156039
urf1_149
improve 0 184864 320656 188067 135792 6.000000 0.180800 11.618728
urf5_158
improve 0 164416 290536 173010 126087 6.000000 0.180800 16.805190
urf3_279
improve 0 125362 240693 146678 115257 6.000000 0.180800 21.674263
dist_223
original 0 38046 69042 38959 30996 6.000000 0.180800 13.739666
hwb8_113
original 0 69380 121805 73061 52425 6.000000 0.180800 4.388876
time:66004.720388