sym10_262
improve 0 64283 122546 75755 58194 1.000000 0.435800 23.639600
hwb9_119
improve 0 207775 388832 238498 180873 1.000000 0.435800 70.745795
max46_240
original 0 27126 50883 30102 23757 1.000000 0.435800 17.827031
dc2_222
improve 0 9462 18132 11169 8655 1.000000 0.435800 11.342480
sym9_193
improve 0 34881 65982 40429 31062 1.000000 0.435800 12.834643
adr4_197
improve 0 3439 6709 4029 3225 1.000000 0.435800 11.635181
square_root_7
improve 0 7630 14468 8285 6828 1.000000 0.435800 4.071510
rd73_252
original 0 5321 9872 5880 4551 1.000000 0.435800 1.303130
hwb7_59
improve 0 24379 44029 26690 19638 1.000000 0.435800 3.704141
plus63mod4096_163
improve 0 128744 247270 152071 118116 1.000000 0.435800 199.288483
root_255
improve 0 17159 32718 18639 15543 1.000000 0.435800 6.178783
z4_268
improve 0 3073 6095 3697 3003 1.000000 0.435800 3.178207
urf2_277
improve 0 20112 39495 24603 19377 1.000000 0.435800 3.108624
sqrt8_260
original 0 3009 5691 3421 2682 1.000000 0.435800 0.334678
sym9_148
improve 0 21504 41459 26676 19914 1.000000 0.435800 13.978472
urf2_152
improve 0 80480 144155 86836 63645 1.000000 0.435800 9.515242
urf1_278
original 0 54766 104632 65504 49866 1.000000 0.435800 53.533096
sym6_145
original 0 3888 7020 4316 3132 1.000000 0.435800 1.650635
cycle10_2_110
original 0 6050 11597 7248 5547 1.000000 0.435800 0.738648
urf6_160
original 0 171840 323961 190778 152121 1.000000 0.435800 73.558471
plus63mod8192_164
improve 0 187112 361739 223177 174198 1.000000 0.435800 235.067180
urf4_187
improve 0 512064 949733 541967 437412 1.000000 0.435800 98.428293
life_238
improve 0 22445 43115 26833 20646 1.000000 0.435800 7.520401
hwb6_56
improve 0 6723 12222 7485 5499 1.000000 0.435800 0.502786
radd_250
improve 0 3213 6079 3755 2862 1.000000 0.435800 1.116587
mlp4_245
improve 0 18852 36319 21831 17394 1.000000 0.435800 18.760674
9symml_195
improve 0 34881 65982 40429 31062 1.000000 0.435800 12.729462
inc_237
improve 0 10619 19898 12022 9276 1.000000 0.435800 1.406788
sqn_258
improve 0 10223 19700 11810 9465 1.000000 0.435800 4.841820
sao2_257
improve 0 38577 73756 41915 35076 1.000000 0.435800 41.692404
co14_215
improve 0 17936 35271 19506 17256 1.000000 0.435800 16.075574
urf3_155
improve 0 423488 773401 457071 349680 1.000000 0.435800 89.546091
misex1_241
original 0 4813 9007 5562 4194 1.000000 0.435800 0.460353
ham15_107
original 0 8763 16731 10323 7968 1.000000 0.435800 3.844414
clip_206
improve 0 33827 65553 39534 31596 1.000000 0.435800 41.531469
cm85a_209
improve 0 11414 22178 13993 10743 1.000000 0.435800 11.753878
ground_state_estimation_10
improve 0 390180 498951 245401 108750 1.000000 0.435800 19.863609
urf5_280
original 0 49829 94106 57870 44277 1.000000 0.435800 4.897117
rd84_253
improve 0 13658 25623 14994 11940 1.000000 0.435800 11.747272
urf1_149
improve 0 184864 329818 196109 144954 1.000000 0.435800 12.258499
urf5_158
improve 0 164416 295209 182530 130782 1.000000 0.435800 10.101847
urf3_279
improve 0 125362 245257 151772 119814 1.000000 0.435800 28.791251
dist_223
original 0 38046 72039 41844 33993 1.000000 0.435800 28.343683
hwb8_113
improve 0 69380 132028 82079 62574 1.000000 0.435800 23.466031
time:53818.737254