sym10_262
original 0 64283 117458 70101 53175 6.000000 0.145800 74.538587
hwb9_119
improve 0 207775 369888 222278 162066 6.000000 0.145800 20.434353
max46_240
original 0 27126 48465 27893 21339 6.000000 0.145800 3.492557
dc2_222
improve 0 9462 17362 10411 7884 6.000000 0.145800 4.744304
sym9_193
improve 0 34881 62492 37837 27594 6.000000 0.145800 3.993440
adr4_197
improve 0 3439 6502 3793 3063 6.000000 0.145800 0.485703
square_root_7
improve 0 7630 14135 7598 6501 6.000000 0.145800 1.416766
rd73_252
original 0 5321 9572 5572 4251 6.000000 0.145800 0.390302
hwb7_59
original 0 24379 42475 25345 18096 6.000000 0.145800 1.592590
plus63mod4096_163
original 0 128744 235313 142571 106569 6.000000 0.145800 64.405359
root_255
improve 0 17159 30956 17333 13797 6.000000 0.145800 1.558498
z4_268
original 0 3073 5749 3409 2676 6.000000 0.145800 0.629729
urf2_277
improve 0 20112 37497 22967 17385 6.000000 0.145800 2.023256
sqrt8_260
improve 0 3009 5478 3201 2469 6.000000 0.145800 0.233789
sym9_148
original 0 21504 39126 24074 17622 6.000000 0.145800 3.036105
urf2_152
improve 0 80480 138983 82973 58503 6.000000 0.145800 4.843007
urf1_278
original 0 54766 100792 61563 46026 6.000000 0.145800 13.347280
sym6_145
improve 0 3888 6678 4065 2790 6.000000 0.145800 0.232496
cycle10_2_110
original 0 6050 11066 6723 5016 6.000000 0.145800 4.311592
urf6_160
improve 0 171840 312063 180940 140163 6.000000 0.145800 30.920855
plus63mod8192_164
improve 0 187112 342764 206521 155607 6.000000 0.145800 25.529637
urf4_187
improve 0 512064 908614 514487 396507 6.000000 0.145800 45.295255
life_238
improve 0 22445 40895 24895 18432 6.000000 0.145800 6.263090
hwb6_56
improve 0 6723 11910 7208 5187 6.000000 0.145800 0.432710
radd_250
original 0 3213 5793 3503 2580 6.000000 0.145800 0.223707
mlp4_245
original 0 18852 34593 20363 15741 6.000000 0.145800 6.752071
9symml_195
improve 0 34881 62492 37837 27594 6.000000 0.145800 3.989146
inc_237
improve 0 10619 19370 11682 8748 6.000000 0.145800 5.610799
sqn_258
original 0 10223 18521 10945 8298 6.000000 0.145800 2.163822
sao2_257
improve 0 38577 70223 39063 31638 6.000000 0.145800 4.651642
co14_215
original 0 17936 33569 17623 15633 6.000000 0.145800 19.846687
urf3_155
original 0 423488 746345 435682 322857 6.000000 0.145800 41.695111
misex1_241
improve 0 4813 8632 5203 3816 6.000000 0.145800 0.803482
ham15_107
improve 0 8763 15894 9659 7131 6.000000 0.145800 0.828502
clip_206
improve 0 33827 62657 37089 28824 6.000000 0.145800 6.125939
cm85a_209
improve 0 11414 21320 13102 9891 6.000000 0.145800 6.470868
ground_state_estimation_10
original 0 390180 452001 206409 61821 6.000000 0.145800 12.244677
urf5_280
original 0 49829 90431 54689 40602 6.000000 0.145800 7.138462
rd84_253
improve 0 13658 25270 14703 11592 6.000000 0.145800 5.213096
urf1_149
improve 0 184864 320656 188067 135792 6.000000 0.145800 11.955959
urf5_158
improve 0 164416 290536 173010 126087 6.000000 0.145800 17.294755
urf3_279
original 0 125362 234529 142400 109167 6.000000 0.145800 23.990741
dist_223
original 0 38046 69150 39094 31104 6.000000 0.145800 16.760476
hwb8_113
original 0 69380 121805 73061 52425 6.000000 0.145800 4.458506
time:63887.255621