sym10_262
original 0 64283 113996 66906 49713 7.000000 0.340800 85.020188
hwb9_119
improve 0 207775 363539 215347 155694 7.000000 0.340800 88.390136
max46_240
improve 0 27126 48561 28384 21411 7.000000 0.340800 16.602826
dc2_222
improve 0 9462 16986 10026 7485 7.000000 0.340800 71.584466
sym9_193
original 0 34881 62415 36621 27534 7.000000 0.340800 40.611868
adr4_197
original 0 3439 6550 3790 3111 7.000000 0.340800 7.934734
square_root_7
improve 0 7630 14024 7625 6390 7.000000 0.340800 7.540344
rd73_252
improve 0 5321 9365 5379 4017 7.000000 0.340800 17.934488
hwb7_59
improve 0 24379 41695 24369 17316 7.000000 0.340800 5.286828
plus63mod4096_163
improve 0 128744 229919 136857 101133 7.000000 0.340800 69.943449
root_255
improve 0 17159 30647 17011 13476 7.000000 0.340800 10.868058
z4_268
original 0 3073 5782 3407 2709 7.000000 0.340800 2.708751
urf2_277
improve 0 20112 37317 22833 17205 7.000000 0.340800 6.625840
sqrt8_260
original 0 3009 5256 3018 2247 7.000000 0.340800 1.459368
sym9_148
original 0 21504 37851 22734 16347 7.000000 0.340800 25.350590
urf2_152
improve 0 80480 137372 80931 56892 7.000000 0.340800 17.076828
urf1_278
original 0 54766 99433 60208 44667 7.000000 0.340800 68.878471
sym6_145
improve 0 3888 6591 3914 2703 7.000000 0.340800 1.675479
cycle10_2_110
improve 0 6050 11319 7004 5265 7.000000 0.340800 4.516315
urf6_160
improve 0 171840 308227 175325 136368 7.000000 0.340800 61.634465
plus63mod8192_164
improve 0 187112 335859 199727 148620 7.000000 0.340800 162.687636
urf4_187
improve 0 512064 907762 516198 395637 7.000000 0.340800 155.653123
life_238
original 0 22445 39986 23762 17541 7.000000 0.340800 6.401163
hwb6_56
original 0 6723 11595 6929 4872 7.000000 0.340800 1.320063
radd_250
improve 0 3213 5766 3343 2553 7.000000 0.340800 0.765583
mlp4_245
original 0 18852 33717 19518 14865 7.000000 0.340800 8.510892
9symml_195
original 0 34881 62415 36621 27534 7.000000 0.340800 39.892531
inc_237
original 0 10619 19118 11346 8499 7.000000 0.340800 12.533921
sqn_258
improve 0 10223 18137 10582 7911 7.000000 0.340800 7.003641
sao2_257
original 0 38577 68409 37082 29832 7.000000 0.340800 50.229631
co14_215
improve 0 17936 33048 17306 15099 7.000000 0.340800 22.084656
urf3_155
improve 0 423488 736835 425613 313293 7.000000 0.340800 131.192248
misex1_241
improve 0 4813 8479 5067 3666 7.000000 0.340800 1.867397
ham15_107
original 0 8763 15837 9426 7074 7.000000 0.340800 9.038905
clip_206
improve 0 33827 61540 35391 27657 7.000000 0.340800 71.056032
cm85a_209
original 0 11414 21104 12983 9690 7.000000 0.340800 7.605240
ground_state_estimation_10
improve 0 390180 447597 195125 57417 7.000000 0.340800 44.337481
urf5_280
improve 0 49829 89345 53762 39498 7.000000 0.340800 26.103851
rd84_253
original 0 13658 24611 13871 10953 7.000000 0.340800 20.905452
urf1_149
improve 0 184864 316528 184108 131664 7.000000 0.340800 40.705962
urf5_158
improve 0 164416 286357 173113 121914 7.000000 0.340800 65.880696
urf3_279
original 0 125362 232408 139932 107046 7.000000 0.340800 77.958994
dist_223
improve 0 38046 67909 38923 29847 7.000000 0.340800 24.848751
hwb8_113
original 0 69380 119921 71254 50541 7.000000 0.340800 16.177936
time:130500.652510