sym10_262
improve 0 64283 115915 69884 51603 5.000000 0.690800 11.695625
hwb9_119
improve 0 207775 367989 222758 160167 5.000000 0.690800 23.952534
max46_240
original 0 27126 48084 27857 20958 5.000000 0.690800 9.490957
dc2_222
original 0 9462 17391 10567 7929 5.000000 0.690800 4.283096
sym9_193
improve 0 34881 62952 38345 28047 5.000000 0.690800 6.801551
adr4_197
original 0 3439 6307 3667 2868 5.000000 0.690800 1.008381
square_root_7
improve 0 7630 14350 8134 6684 5.000000 0.690800 9.383961
rd73_252
original 0 5321 9458 5530 4137 5.000000 0.690800 4.307703
hwb7_59
original 0 24379 42283 25199 17904 5.000000 0.690800 1.434544
plus63mod4096_163
original 0 128744 235238 143371 106494 5.000000 0.690800 29.901904
root_255
improve 0 17159 31092 17757 13926 5.000000 0.690800 3.245438
z4_268
original 0 3073 6001 3583 2928 5.000000 0.690800 4.181388
urf2_277
improve 0 20112 37086 22954 16956 5.000000 0.690800 5.850983
sqrt8_260
original 0 3009 5439 3234 2430 5.000000 0.690800 0.649487
sym9_148
improve 0 21504 38316 23343 16812 5.000000 0.690800 1.539723
urf2_152
improve 0 80480 138965 83094 58485 5.000000 0.690800 4.799547
urf1_278
improve 0 54766 99957 61842 45153 5.000000 0.690800 14.546082
sym6_145
improve 0 3888 6750 4170 2862 5.000000 0.690800 0.212080
cycle10_2_110
original 0 6050 11057 6757 5007 5.000000 0.690800 4.380239
urf6_160
improve 0 171840 314005 181875 142113 5.000000 0.690800 31.286417
plus63mod8192_164
improve 0 187112 340569 207377 153297 5.000000 0.690800 68.626277
urf4_187
improve 0 512064 906445 518334 394326 5.000000 0.690800 50.333985
life_238
original 0 22445 41222 25285 18777 5.000000 0.690800 14.099131
hwb6_56
improve 0 6723 11805 7125 5082 5.000000 0.690800 0.439781
radd_250
original 0 3213 5793 3471 2580 5.000000 0.690800 0.265914
mlp4_245
improve 0 18852 34563 20792 15654 5.000000 0.690800 19.619120
9symml_195
improve 0 34881 62952 38345 28047 5.000000 0.690800 7.020723
inc_237
improve 0 10619 19892 12559 9273 5.000000 0.690800 1.692026
sqn_258
improve 0 10223 18479 11167 8250 5.000000 0.690800 1.173524
sao2_257
original 0 38577 69651 38809 31074 5.000000 0.690800 23.533657
co14_215
original 0 17936 33506 17656 15570 5.000000 0.690800 9.420636
urf3_155
improve 0 423488 747324 438189 323790 5.000000 0.690800 41.603612
misex1_241
improve 0 4813 8503 5200 3690 5.000000 0.690800 0.407302
ham15_107
original 0 8763 16374 9906 7611 5.000000 0.690800 2.210577
clip_206
improve 0 33827 62094 36480 28215 5.000000 0.690800 20.458527
cm85a_209
original 0 11414 21068 13083 9654 5.000000 0.690800 29.148916
ground_state_estimation_10
improve 0 390180 459102 207260 68922 5.000000 0.690800 12.241190
urf5_280
improve 0 49829 89549 54355 39708 5.000000 0.690800 7.284759
rd84_253
original 0 13658 24791 14415 11133 5.000000 0.690800 4.056685
urf1_149
original 0 184864 320896 188602 136032 5.000000 0.690800 11.569340
urf5_158
original 0 164416 293044 173668 128628 5.000000 0.690800 11.834835
urf3_279
original 0 125362 233881 142327 108519 5.000000 0.690800 34.095884
dist_223
improve 0 38046 69557 40627 31473 5.000000 0.690800 15.988830
hwb8_113
improve 0 69380 120809 73296 51423 5.000000 0.690800 10.600359
time:40313.857358