sym10_262
original 0 64283 114731 67237 50448 7.000000 0.250800 28.817499
hwb9_119
improve 0 207775 363539 215347 155694 7.000000 0.250800 27.613159
max46_240
original 0 27126 47742 27451 20616 7.000000 0.250800 2.128227
dc2_222
improve 0 9462 16986 10026 7485 7.000000 0.250800 20.436384
sym9_193
improve 0 34881 61562 36034 26667 7.000000 0.250800 5.107674
adr4_197
original 0 3439 6550 3790 3111 7.000000 0.250800 2.282401
square_root_7
improve 0 7630 14024 7625 6390 7.000000 0.250800 2.157139
rd73_252
improve 0 5321 9365 5379 4017 7.000000 0.250800 4.989214
hwb7_59
improve 0 24379 41695 24369 17316 7.000000 0.250800 1.481115
plus63mod4096_163
improve 0 128744 229919 136857 101133 7.000000 0.250800 19.283860
root_255
improve 0 17159 30647 17011 13476 7.000000 0.250800 3.096807
z4_268
original 0 3073 5782 3407 2709 7.000000 0.250800 0.858953
urf2_277
improve 0 20112 37317 22833 17205 7.000000 0.250800 1.806837
sqrt8_260
original 0 3009 5256 3018 2247 7.000000 0.250800 0.232296
sym9_148
improve 0 21504 38171 23145 16623 7.000000 0.250800 7.517051
urf2_152
improve 0 80480 137372 80931 56892 7.000000 0.250800 4.907489
urf1_278
original 0 54766 99433 60208 44667 7.000000 0.250800 20.155438
sym6_145
improve 0 3888 6591 3914 2703 7.000000 0.250800 0.228594
cycle10_2_110
original 0 6050 11168 6834 5118 7.000000 0.250800 1.034597
urf6_160
improve 0 171840 308227 175325 136368 7.000000 0.250800 17.519035
plus63mod8192_164
improve 0 187112 335859 199727 148620 7.000000 0.250800 45.996370
urf4_187
improve 0 512064 907939 501946 395844 7.000000 0.250800 40.798743
life_238
improve 0 22445 39624 23823 17160 7.000000 0.250800 3.281944
hwb6_56
original 0 6723 11595 6929 4872 7.000000 0.250800 0.391482
radd_250
improve 0 3213 5766 3343 2553 7.000000 0.250800 0.228957
mlp4_245
original 0 18852 33717 19518 14865 7.000000 0.250800 2.475535
9symml_195
improve 0 34881 61562 36034 26667 7.000000 0.250800 5.115588
inc_237
improve 0 10619 19088 11578 8466 7.000000 0.250800 3.549592
sqn_258
improve 0 10223 18279 10613 8052 7.000000 0.250800 2.094654
sao2_257
original 0 38577 68409 37082 29832 7.000000 0.250800 14.489379
co14_215
original 0 17936 33284 17304 15348 7.000000 0.250800 7.550594
urf3_155
improve 0 423488 736835 425613 313293 7.000000 0.250800 37.646446
misex1_241
improve 0 4813 8479 5067 3666 7.000000 0.250800 0.440443
ham15_107
original 0 8763 15921 9539 7158 7.000000 0.250800 2.295215
clip_206
improve 0 33827 60766 34795 26931 7.000000 0.250800 4.945755
cm85a_209
improve 0 11414 20996 13115 9570 7.000000 0.250800 4.678299
ground_state_estimation_10
improve 0 390180 447597 195125 57417 7.000000 0.250800 12.308269
urf5_280
improve 0 49829 89345 53762 39498 7.000000 0.250800 7.568180
rd84_253
original 0 13658 24611 13871 10953 7.000000 0.250800 5.715478
urf1_149
improve 0 184864 316528 184108 131664 7.000000 0.250800 11.581260
urf5_158
improve 0 164416 286357 173113 121914 7.000000 0.250800 18.890616
urf3_279
original 0 125362 231862 140199 106500 7.000000 0.250800 22.262699
dist_223
improve 0 38046 68005 38789 29931 7.000000 0.250800 17.037286
hwb8_113
original 0 69380 119921 71254 50541 7.000000 0.250800 4.966077
time:119366.387869