sym10_262
improve 0 64283 122546 75755 58194 1.000000 0.535800 23.521819
hwb9_119
improve 0 207775 388832 238498 180873 1.000000 0.535800 71.888696
max46_240
original 0 27126 50883 30102 23757 1.000000 0.535800 17.274625
dc2_222
improve 0 9462 18132 11169 8655 1.000000 0.535800 11.330736
sym9_193
improve 0 34881 65982 40429 31062 1.000000 0.535800 12.860119
adr4_197
improve 0 3439 6709 4029 3225 1.000000 0.535800 10.973052
square_root_7
improve 0 7630 14468 8285 6828 1.000000 0.535800 4.008983
rd73_252
original 0 5321 9872 5880 4551 1.000000 0.535800 1.173000
hwb7_59
improve 0 24379 44029 26690 19638 1.000000 0.535800 3.645379
plus63mod4096_163
improve 0 128744 247270 152071 118116 1.000000 0.535800 198.379361
root_255
improve 0 17159 32718 18639 15543 1.000000 0.535800 6.000473
z4_268
improve 0 3073 6095 3697 3003 1.000000 0.535800 3.172742
urf2_277
improve 0 20112 39495 24603 19377 1.000000 0.535800 3.058094
sqrt8_260
original 0 3009 5691 3421 2682 1.000000 0.535800 0.335384
sym9_148
improve 0 21504 41459 26676 19914 1.000000 0.535800 13.877866
urf2_152
improve 0 80480 144155 86836 63645 1.000000 0.535800 9.581990
urf1_278
original 0 54766 104632 65504 49866 1.000000 0.535800 53.715087
sym6_145
original 0 3888 7020 4316 3132 1.000000 0.535800 1.639165
cycle10_2_110
original 0 6050 11597 7248 5547 1.000000 0.535800 0.805854
urf6_160
original 0 171840 323961 190778 152121 1.000000 0.535800 73.293926
plus63mod8192_164
improve 0 187112 361739 223177 174198 1.000000 0.535800 236.114898
urf4_187
improve 0 512064 949733 541967 437412 1.000000 0.535800 97.417064
life_238
improve 0 22445 43115 26833 20646 1.000000 0.535800 7.441545
hwb6_56
improve 0 6723 12222 7485 5499 1.000000 0.535800 0.497329
radd_250
improve 0 3213 6079 3755 2862 1.000000 0.535800 1.154795
mlp4_245
improve 0 18852 36319 21831 17394 1.000000 0.535800 18.660422
9symml_195
improve 0 34881 65982 40429 31062 1.000000 0.535800 12.760319
inc_237
improve 0 10619 19898 12022 9276 1.000000 0.535800 1.391375
sqn_258
improve 0 10223 19700 11810 9465 1.000000 0.535800 5.078522
sao2_257
improve 0 38577 73756 41915 35076 1.000000 0.535800 42.166077
co14_215
improve 0 17936 35271 19506 17256 1.000000 0.535800 15.855515
urf3_155
improve 0 423488 773401 457071 349680 1.000000 0.535800 90.752120
misex1_241
original 0 4813 9007 5562 4194 1.000000 0.535800 0.456268
ham15_107
original 0 8763 16731 10323 7968 1.000000 0.535800 3.962733
clip_206
improve 0 33827 65553 39534 31596 1.000000 0.535800 41.448973
cm85a_209
improve 0 11414 22178 13993 10743 1.000000 0.535800 11.498627
ground_state_estimation_10
improve 0 390180 498951 245401 108750 1.000000 0.535800 19.837727
urf5_280
original 0 49829 94106 57870 44277 1.000000 0.535800 4.837444
rd84_253
improve 0 13658 25623 14994 11940 1.000000 0.535800 12.138819
urf1_149
improve 0 184864 329818 196109 144954 1.000000 0.535800 11.955064
urf5_158
improve 0 164416 295209 182530 130782 1.000000 0.535800 10.011927
urf3_279
improve 0 125362 245257 151772 119814 1.000000 0.535800 28.562375
dist_223
original 0 38046 72039 41844 33993 1.000000 0.535800 28.043308
hwb8_113
improve 0 69380 132028 82079 62574 1.000000 0.535800 23.352193
time:65231.667090