sym10_262
original 0 64283 121976 74183 57693 1.000000 0.060800 55.881340
hwb9_119
improve 0 207775 389235 238676 181239 1.000000 0.060800 101.071864
max46_240
improve 0 27126 50331 30540 23178 1.000000 0.060800 15.021902
dc2_222
original 0 9462 17913 10861 8451 1.000000 0.060800 19.832521
sym9_193
improve 0 34881 65698 40278 30753 1.000000 0.060800 32.972322
adr4_197
original 0 3439 6700 3949 3261 1.000000 0.060800 3.363356
square_root_7
improve 0 7630 14405 8087 6747 1.000000 0.060800 21.347301
rd73_252
improve 0 5321 9887 5865 4566 1.000000 0.060800 0.886816
hwb7_59
improve 0 24379 44310 26923 19923 1.000000 0.060800 4.109685
plus63mod4096_163
improve 0 128744 247108 151898 118185 1.000000 0.060800 72.602786
root_255
improve 0 17159 32790 18919 15576 1.000000 0.060800 23.996580
z4_268
improve 0 3073 5992 3635 2886 1.000000 0.060800 18.036543
urf2_277
original 0 20112 39258 24395 19146 1.000000 0.060800 3.916333
sqrt8_260
original 0 3009 5679 3390 2670 1.000000 0.060800 0.700871
sym9_148
improve 0 21504 39747 24824 18225 1.000000 0.060800 13.148604
urf2_152
improve 0 80480 144044 86853 63564 1.000000 0.060800 6.348529
urf1_278
improve 0 54766 105278 65372 50481 1.000000 0.060800 17.642333
sym6_145
improve 0 3888 6987 4344 3099 1.000000 0.060800 0.609951
cycle10_2_110
improve 0 6050 11327 7018 5250 1.000000 0.060800 21.542107
urf6_160
original 0 171840 324438 189195 152598 1.000000 0.060800 63.246850
plus63mod8192_164
improve 0 187112 358544 220241 171027 1.000000 0.060800 198.376441
urf4_187
improve 0 512064 947939 551191 435660 1.000000 0.060800 125.614741
life_238
improve 0 22445 42410 26288 19920 1.000000 0.060800 15.695839
hwb6_56
original 0 6723 12198 7443 5475 1.000000 0.060800 0.832391
radd_250
original 0 3213 6006 3619 2793 1.000000 0.060800 6.599567
mlp4_245
improve 0 18852 35854 21571 16947 1.000000 0.060800 17.915351
9symml_195
improve 0 34881 65698 40278 30753 1.000000 0.060800 36.914872
inc_237
original 0 10619 19985 12082 9366 1.000000 0.060800 5.118029
sqn_258
improve 0 10223 19354 11624 9087 1.000000 0.060800 29.527358
sao2_257
improve 0 38577 74076 42153 35391 1.000000 0.060800 82.313413
co14_215
improve 0 17936 35124 19207 17100 1.000000 0.060800 37.916945
urf3_155
original 0 423488 773546 459353 350058 1.000000 0.060800 107.280408
misex1_241
improve 0 4813 8950 5538 4137 1.000000 0.060800 0.829493
ham15_107
original 0 8763 16527 10026 7764 1.000000 0.060800 6.089310
clip_206
original 0 33827 64880 37982 31053 1.000000 0.060800 17.453343
cm85a_209
improve 0 11414 22097 13909 10644 1.000000 0.060800 51.892810
ground_state_estimation_10
original 0 390180 507645 250768 117465 1.000000 0.060800 22.735099
urf5_280
improve 0 49829 94178 58159 44346 1.000000 0.060800 6.372279
rd84_253
original 0 13658 25883 15248 12225 1.000000 0.060800 13.631539
urf1_149
improve 0 184864 330046 196407 145179 1.000000 0.060800 18.482804
urf5_158
original 0 164416 302836 182175 138420 1.000000 0.060800 22.907880
urf3_279
improve 0 125362 245735 152370 120273 1.000000 0.060800 44.487915
dist_223
improve 0 38046 72078 42011 33945 1.000000 0.060800 47.215673
hwb8_113
improve 0 69380 131860 81782 62418 1.000000 0.060800 21.841768
time:8422.644779