sym10_262
improve 0 64283 117353 70462 53034 6.000000 0.710800 15.595510
hwb9_119
improve 0 207775 369888 222278 162066 6.000000 0.710800 19.676368
max46_240
original 0 27126 48516 28316 21390 6.000000 0.710800 3.892912
dc2_222
improve 0 9462 17362 10411 7884 6.000000 0.710800 4.534416
sym9_193
improve 0 34881 62436 37872 27555 6.000000 0.710800 2.374113
adr4_197
improve 0 3439 6502 3793 3063 6.000000 0.710800 0.462860
square_root_7
improve 0 7630 14135 7598 6501 6.000000 0.710800 1.480179
rd73_252
original 0 5321 9572 5572 4251 6.000000 0.710800 0.381109
hwb7_59
original 0 24379 42475 25345 18096 6.000000 0.710800 1.573979
plus63mod4096_163
original 0 128744 235313 142571 106569 6.000000 0.710800 62.511660
root_255
improve 0 17159 30956 17333 13797 6.000000 0.710800 1.534212
z4_268
original 0 3073 5749 3409 2676 6.000000 0.710800 0.608366
urf2_277
improve 0 20112 37497 22967 17385 6.000000 0.710800 1.918072
sqrt8_260
improve 0 3009 5478 3201 2469 6.000000 0.710800 0.229552
sym9_148
original 0 21504 39126 24074 17622 6.000000 0.710800 2.840119
urf2_152
improve 0 80480 138983 82973 58503 6.000000 0.710800 4.635479
urf1_278
original 0 54766 100792 61563 46026 6.000000 0.710800 12.855891
sym6_145
improve 0 3888 6678 4065 2790 6.000000 0.710800 0.227411
cycle10_2_110
original 0 6050 11135 6731 5085 6.000000 0.710800 2.980394
urf6_160
improve 0 171840 312063 180940 140163 6.000000 0.710800 30.535236
plus63mod8192_164
improve 0 187112 342764 206521 155607 6.000000 0.710800 25.355940
urf4_187
improve 0 512064 908614 514487 396507 6.000000 0.710800 45.387419
life_238
improve 0 22445 40994 24851 18528 6.000000 0.710800 7.818041
hwb6_56
improve 0 6723 11910 7208 5187 6.000000 0.710800 0.421633
radd_250
original 0 3213 5793 3503 2580 6.000000 0.710800 0.220227
mlp4_245
original 0 18852 34593 20363 15741 6.000000 0.710800 6.409323
9symml_195
improve 0 34881 62436 37872 27555 6.000000 0.710800 2.368375
inc_237
improve 0 10619 19004 11613 8382 6.000000 0.710800 5.402226
sqn_258
improve 0 10223 18450 10868 8217 6.000000 0.710800 2.852458
sao2_257
improve 0 38577 70223 39063 31638 6.000000 0.710800 4.533165
co14_215
improve 0 17936 33572 17887 15561 6.000000 0.710800 16.074509
urf3_155
original 0 423488 746345 435682 322857 6.000000 0.710800 40.565077
misex1_241
improve 0 4813 8632 5203 3816 6.000000 0.710800 0.798068
ham15_107
original 0 8763 16140 9725 7377 6.000000 0.710800 4.547571
clip_206
original 0 33827 62258 36070 28431 6.000000 0.710800 41.015213
cm85a_209
improve 0 11414 21295 13396 9852 6.000000 0.710800 4.964249
ground_state_estimation_10
original 0 390180 452001 206409 61821 6.000000 0.710800 12.135150
urf5_280
original 0 49829 90431 54689 40602 6.000000 0.710800 6.895684
rd84_253
improve 0 13658 25270 14703 11592 6.000000 0.710800 5.077933
urf1_149
improve 0 184864 320656 188067 135792 6.000000 0.710800 11.504285
urf5_158
improve 0 164416 290536 173010 126087 6.000000 0.710800 16.598603
urf3_279
improve 0 125362 240693 146678 115257 6.000000 0.710800 21.364323
dist_223
original 0 38046 69042 38959 30996 6.000000 0.710800 13.135159
hwb8_113
original 0 69380 121805 73061 52425 6.000000 0.710800 4.337165
time:93289.802735