sym10_262
improve 0 64283 118725 71230 54369 2.000000 0.060800 134.390414
hwb9_119
improve 0 207775 379116 227024 171138 2.000000 0.060800 249.441251
max46_240
improve 0 27126 48732 28571 21600 2.000000 0.060800 17.281974
dc2_222
improve 0 9462 17478 10499 7971 2.000000 0.060800 67.899614
sym9_193
original 0 34881 63654 37895 28773 2.000000 0.060800 20.846915
adr4_197
improve 0 3439 6451 3751 3006 2.000000 0.060800 4.669234
square_root_7
improve 0 7630 14704 8233 7047 2.000000 0.060800 28.403239
rd73_252
original 0 5321 9596 5545 4275 2.000000 0.060800 6.817516
hwb7_59
improve 0 24379 43336 25531 18957 2.000000 0.060800 6.546546
plus63mod4096_163
original 0 128744 241283 144238 112539 2.000000 0.060800 298.468354
root_255
improve 0 17159 31917 18078 14721 2.000000 0.060800 39.076401
z4_268
original 0 3073 5698 3332 2625 2.000000 0.060800 1.122795
urf2_277
original 0 20112 37527 22958 17415 2.000000 0.060800 5.855738
sqrt8_260
improve 0 3009 5490 3284 2478 2.000000 0.060800 3.051189
sym9_148
improve 0 21504 38961 23874 17430 2.000000 0.060800 39.990812
urf2_152
improve 0 80480 139682 81809 59202 2.000000 0.060800 17.160034
urf1_278
improve 0 54766 101509 61592 46740 2.000000 0.060800 18.752482
sym6_145
original 0 3888 6798 4152 2910 2.000000 0.060800 1.023422
cycle10_2_110
improve 0 6050 11321 6922 5214 2.000000 0.060800 87.840992
urf6_160
original 0 171840 315885 179009 144045 2.000000 0.060800 262.539034
plus63mod8192_164
original 0 187112 349748 209952 162636 2.000000 0.060800 556.095699
urf4_187
improve 0 512064 924824 515627 412527 2.000000 0.060800 289.726362
life_238
improve 0 22445 41457 25167 18981 2.000000 0.060800 33.313260
hwb6_56
improve 0 6723 11865 7097 5142 2.000000 0.060800 1.506594
radd_250
original 0 3213 5865 3487 2652 2.000000 0.060800 14.217970
mlp4_245
original 0 18852 34923 20614 16071 2.000000 0.060800 92.212309
9symml_195
original 0 34881 63654 37895 28773 2.000000 0.060800 20.813876
inc_237
original 0 10619 19583 11622 8964 2.000000 0.060800 5.504852
sqn_258
improve 0 10223 18653 10944 8418 2.000000 0.060800 17.420417
sao2_257
improve 0 38577 72097 40203 33441 2.000000 0.060800 79.388017
co14_215
improve 0 17936 34391 18594 16398 2.000000 0.060800 54.690106
urf3_155
improve 0 423488 748773 433423 325218 2.000000 0.060800 117.762371
misex1_241
improve 0 4813 8632 5097 3819 2.000000 0.060800 2.024815
ham15_107
improve 0 8763 16226 9826 7413 2.000000 0.060800 102.047271
clip_206
original 0 33827 63182 36192 29355 2.000000 0.060800 212.353786
cm85a_209
improve 0 11414 21174 13127 9726 2.000000 0.060800 33.836019
ground_state_estimation_10
improve 0 390180 470818 217883 80634 2.000000 0.060800 46.130203
urf5_280
original 0 49829 91328 54824 41499 2.000000 0.060800 20.761912
rd84_253
original 0 13658 25280 14358 11622 2.000000 0.060800 44.179248
urf1_149
original 0 184864 321097 184588 136233 2.000000 0.060800 54.697691
urf5_158
improve 0 164416 290459 170915 125994 2.000000 0.060800 69.609782
urf3_279
improve 0 125362 237269 144172 111867 2.000000 0.060800 71.490621
dist_223
improve 0 38046 70170 40020 32100 2.000000 0.060800 39.308466
hwb8_113
improve 0 69380 126931 77247 57438 2.000000 0.060800 81.064340
time:135323.283936