sym10_262
original 0 64283 117458 70101 53175 6.000000 0.705800 74.222951
hwb9_119
improve 0 207775 369888 222278 162066 6.000000 0.705800 20.309899
max46_240
original 0 27126 48465 27893 21339 6.000000 0.705800 3.472162
dc2_222
improve 0 9462 17362 10411 7884 6.000000 0.705800 4.805345
sym9_193
improve 0 34881 62492 37837 27594 6.000000 0.705800 3.958486
adr4_197
improve 0 3439 6502 3793 3063 6.000000 0.705800 0.554677
square_root_7
improve 0 7630 14135 7598 6501 6.000000 0.705800 1.373251
rd73_252
original 0 5321 9572 5572 4251 6.000000 0.705800 0.384762
hwb7_59
original 0 24379 42475 25345 18096 6.000000 0.705800 1.563828
plus63mod4096_163
original 0 128744 235313 142571 106569 6.000000 0.705800 65.104085
root_255
improve 0 17159 30956 17333 13797 6.000000 0.705800 1.513335
z4_268
original 0 3073 5749 3409 2676 6.000000 0.705800 0.618363
urf2_277
improve 0 20112 37497 22967 17385 6.000000 0.705800 1.940465
sqrt8_260
improve 0 3009 5478 3201 2469 6.000000 0.705800 0.232485
sym9_148
original 0 21504 39126 24074 17622 6.000000 0.705800 2.956656
urf2_152
improve 0 80480 138983 82973 58503 6.000000 0.705800 4.747380
urf1_278
original 0 54766 100792 61563 46026 6.000000 0.705800 13.353783
sym6_145
improve 0 3888 6678 4065 2790 6.000000 0.705800 0.226063
cycle10_2_110
original 0 6050 11066 6723 5016 6.000000 0.705800 4.257907
urf6_160
improve 0 171840 312063 180940 140163 6.000000 0.705800 30.476262
plus63mod8192_164
improve 0 187112 342764 206521 155607 6.000000 0.705800 25.081406
urf4_187
improve 0 512064 908614 514487 396507 6.000000 0.705800 46.069499
life_238
improve 0 22445 40895 24895 18432 6.000000 0.705800 6.401055
hwb6_56
improve 0 6723 11910 7208 5187 6.000000 0.705800 0.428724
radd_250
original 0 3213 5793 3503 2580 6.000000 0.705800 0.224075
mlp4_245
original 0 18852 34593 20363 15741 6.000000 0.705800 6.690734
9symml_195
improve 0 34881 62492 37837 27594 6.000000 0.705800 3.904382
inc_237
improve 0 10619 19370 11682 8748 6.000000 0.705800 5.595956
sqn_258
original 0 10223 18521 10945 8298 6.000000 0.705800 2.227587
sao2_257
improve 0 38577 70223 39063 31638 6.000000 0.705800 4.580912
co14_215
original 0 17936 33569 17623 15633 6.000000 0.705800 19.853655
urf3_155
original 0 423488 746345 435682 322857 6.000000 0.705800 41.269655
misex1_241
improve 0 4813 8632 5203 3816 6.000000 0.705800 0.810732
ham15_107
improve 0 8763 15894 9659 7131 6.000000 0.705800 0.820333
clip_206
improve 0 33827 62657 37089 28824 6.000000 0.705800 6.059711
cm85a_209
improve 0 11414 21320 13102 9891 6.000000 0.705800 6.377710
ground_state_estimation_10
original 0 390180 452001 206409 61821 6.000000 0.705800 12.146715
urf5_280
original 0 49829 90431 54689 40602 6.000000 0.705800 7.128141
rd84_253
improve 0 13658 25270 14703 11592 6.000000 0.705800 5.107437
urf1_149
improve 0 184864 320656 188067 135792 6.000000 0.705800 11.786742
urf5_158
improve 0 164416 290536 173010 126087 6.000000 0.705800 17.260307
urf3_279
original 0 125362 234529 142400 109167 6.000000 0.705800 24.198821
dist_223
original 0 38046 69150 39094 31104 6.000000 0.705800 16.776616
hwb8_113
original 0 69380 121805 73061 52425 6.000000 0.705800 4.424387
time:92660.079629