cm42a_207
improve 0 1776 3327 1943 1542 1.000000 0.305800 5.155494
4gt4-v0_72
original 0 258 456 278 198 1.000000 0.305800 0.026566
rd53_135
original 0 296 530 316 234 1.000000 0.305800 0.036362
mod10_171
original 0 244 442 289 198 1.000000 0.305800 0.029848
ising_model_13
original 0 633 633 143 0 1.000000 0.305800 0.008608
wim_266
original 0 986 1775 1054 789 1.000000 0.305800 0.161232
rd53_131
improve 0 469 931 604 462 1.000000 0.305800 0.086167
mod8-10_177
improve 0 440 794 499 354 1.000000 0.305800 0.040477
rd53_311
original 0 275 509 248 234 1.000000 0.305800 0.131156
cnt3-5_180
improve 0 485 905 458 420 1.000000 0.305800 0.062622
rd53_133
original 0 580 1093 688 513 1.000000 0.305800 0.061649
mini-alu_167
original 0 288 495 311 207 1.000000 0.305800 0.051367
majority_239
improve 0 612 1242 825 615 1.000000 0.305800 25.787057
ex2_227
improve 0 631 1249 816 618 1.000000 0.305800 0.097398
4gt12-v1_89
improve 0 228 414 253 186 1.000000 0.305800 0.022099
0410184_169
improve 0 211 391 222 180 1.000000 0.305800 0.033729
squar5_261
improve 0 1993 3742 2204 1749 1.000000 0.305800 0.139607
alu-v2_31
original 0 451 784 484 333 1.000000 0.305800 0.026041
hwb5_53
improve 0 1336 2413 1535 1077 1.000000 0.305800 0.150308
mod5adder_127
improve 0 555 1107 733 552 1.000000 0.305800 0.124695
rd73_140
original 0 230 419 214 189 1.000000 0.305800 0.057301
ising_model_16
original 0 786 786 176 0 1.000000 0.305800 0.010599
ham7_104
original 0 320 677 449 357 1.000000 0.305800 0.155694
con1_216
original 0 954 1794 1074 840 1.000000 0.305800 0.179669
sf_276
improve 0 778 1468 930 672 1.000000 0.305800 5.202075
cm152a_212
original 0 1221 2355 1418 1134 1.000000 0.305800 0.143470
4gt12-v0_87
original 0 247 421 248 174 1.000000 0.305800 0.021775
decod24-enable_126
original 0 338 584 370 246 1.000000 0.305800 0.026805
pm1_249
improve 0 1776 3327 1943 1542 1.000000 0.305800 4.986488
sf_274
original 0 781 1483 927 702 1.000000 0.305800 0.123303
rd53_251
original 0 1291 2419 1483 1128 1.000000 0.305800 0.156042
rd84_142
improve 0 343 685 270 342 1.000000 0.305800 0.182193
cm82a_208
original 0 650 1184 694 534 1.000000 0.305800 0.049906
dc1_220
original 0 1914 3645 2211 1731 1.000000 0.305800 2.149614
4gt4-v1_74
original 0 273 486 312 213 1.000000 0.305800 0.021359
sym6_316
improve 0 270 540 290 270 1.000000 0.305800 0.110097
one-two-three-v0_97
improve 0 290 584 366 291 1.000000 0.305800 0.810737
C17_204
original 0 467 860 523 393 1.000000 0.305800 0.151939
rd53_130
original 0 1043 1859 1104 816 1.000000 0.305800 0.121596
sym9_146
original 0 328 628 303 300 1.000000 0.305800 0.058002
hwb4_49
original 0 233 404 257 171 1.000000 0.305800 0.024832
qft_16
improve 0 512 975 269 384 1.000000 0.305800 46.286163
4gt12-v0_86
original 0 251 428 255 177 1.000000 0.305800 0.036743
4gt4-v0_73
original 0 395 740 490 345 1.000000 0.305800 0.033035
mod8-10_178
improve 0 342 603 370 261 1.000000 0.305800 0.030836
4gt4-v0_78
improve 0 235 421 272 186 1.000000 0.305800 0.021299
alu-v2_30
improve 0 504 966 628 462 1.000000 0.305800 0.066864
4gt4-v0_79
improve 0 231 408 260 177 1.000000 0.305800 0.032600
ex3_229
original 0 403 817 519 414 1.000000 0.305800 0.097737
f2_232
improve 0 1206 2298 1427 1092 1.000000 0.305800 0.200388
time:2615.234094