xor5_254
original 0 7 13 9 6 3.000000 0.199999 0.009947
4_49_16
original 11 217 364 231 147 3.000000 0.199999 7.991198
sys6-v0_111
improve 38 215 356 156 141 3.000000 0.199999 3.315888
4gt5_77
original 31 131 215 130 84 3.000000 0.199999 58.919279
mod10_176
original 26 178 295 179 117 3.000000 0.199999 21.260308
4gt13_91
original 9 103 172 110 69 3.000000 0.199999 2.570688
one-two-three-v0_98
original 11 146 242 146 96 3.000000 0.199999 121.971560
4gt13_90
original 6 107 176 113 69 3.000000 0.199999 2.554727
ham3_102
original 7 20 35 21 15 3.000000 0.199999 154.882458
one-two-three-v1_99
original 56 132 219 132 87 3.000000 0.199999 395.135531
4gt5_76
original 7 91 148 94 57 3.000000 0.199999 3.818003
mini_alu_305
improve 0 173 281 136 108 3.000000 0.199999 1.924909
0example
original 3 9 18 13 9 3.000000 0.199999 27.476640
4mod7-v0_94
original 59 162 267 161 105 3.000000 0.199999 8.348296
aj-e11_165
original 1 151 250 160 99 3.000000 0.199999 3.564955
alu-v0_26
original 19 84 135 85 51 3.000000 0.199999 6.407705
decod24-bdd_294
original 0 73 118 73 45 3.000000 0.199999 0.017441
miller_11
original 0 50 86 59 36 3.000000 0.199999 21.979964
rd32-v1_68
original 0 36 54 33 18 3.000000 0.199999 24.260859
one-two-three-v2_100
original 45 69 111 69 42 3.000000 0.199999 74.625589
one-two-three-v3_101
original 13 70 118 74 48 3.000000 0.199999 68.375103
4mod5-v0_20
original 2 20 29 18 9 3.000000 0.199999 66.047406
alu-v0_27
original 89 36 60 36 24 3.000000 0.199999 8.019437
mod5mils_65
original 0 35 59 34 24 3.000000 0.199999 8.649852
ex1_226
original 0 7 13 9 6 3.000000 0.199999 0.008664
ex-1_166
original 0 19 31 21 12 3.000000 0.199999 51.186033
decod24-v1_41
original 17 85 142 89 57 3.000000 0.199999 5.579176
4gt12-v0_88
original 10 194 323 197 129 3.000000 0.199999 0.964049
rd53_138
original 25 132 219 112 87 3.000000 0.199999 1.426752
alu-v3_34
original 98 52 82 49 30 3.000000 0.199999 6.468977
3_17_13
original 0 36 57 38 21 3.000000 0.199999 128.814903
decod24-v3_45
original 8 150 243 139 93 3.000000 0.199999 25.479754
4gt4-v0_80
original 1 179 305 182 126 3.000000 0.199999 1.020367
4mod5-bdd_287
original 1 70 118 77 48 3.000000 0.199999 0.643928
4gt11_84
original 112 18 30 18 12 3.000000 0.199999 8.893224
decod24-v0_38
original 1 51 84 55 33 3.000000 0.199999 17.775730
ising_model_10
original 10 480 534 110 54 3.000000 0.199999 1998.473557
4mod5-v0_19
original 2 35 59 36 24 3.000000 0.199999 10.547549
4mod5-v1_22
original 2 21 33 22 12 3.000000 0.199999 10.341535
alu-v1_29
original 89 37 61 36 24 3.000000 0.199999 7.928064
alu-v1_28
original 17 37 61 38 24 3.000000 0.199999 50.442499
4mod5-v1_23
original 9 69 123 85 54 3.000000 0.199999 19.372015
4mod5-v0_18
original 8 69 111 72 42 3.000000 0.199999 12.649291
rd32_270
original 2 84 135 81 51 3.000000 0.199999 5.738463
4gt10-v1_81
original 13 148 244 147 96 3.000000 0.199999 2.595692
qft_10
original 0 200 260 56 60 3.000000 0.199999 0.280998
rd32-v0_66
original 0 34 52 33 18 3.000000 0.199999 23.990210
alu-v3_35
original 3 37 61 37 24 3.000000 0.199999 4.358216
4gt13-v1_93
original 17 68 104 62 36 3.000000 0.199999 9.127774
4mod7-v1_96
original 8 164 275 171 111 3.000000 0.199999 40.541249
4mod5-v1_24
original 32 36 60 39 24 3.000000 0.199999 64.316532
mod5d1_63
original 94 22 34 22 12 3.000000 0.199999 40.217842
alu-v4_36
original 61 115 193 121 78 3.000000 0.199999 52.287147
alu-bdd_288
original 42 84 141 83 57 3.000000 0.199999 1.536871
4gt11_82
original 26 27 42 29 15 3.000000 0.199999 9.171916
4gt5_75
original 8 83 143 88 60 3.000000 0.199999 6.654327
graycode6_47
original 82 5 11 11 6 3.000000 0.199999 34.023291
alu-v2_33
original 2 37 61 39 24 3.000000 0.199999 54.860443
alu-v2_32
original 25 163 271 168 108 3.000000 0.199999 22.751422
4gt11_83
original 1 23 35 26 12 3.000000 0.199999 41.183622
decod24-v2_43
original 1 52 85 55 33 3.000000 0.199999 6.814313
4gt13_92
original 40 66 111 65 45 3.000000 0.199999 77.423201
cnt3-5_179
original 0 175 322 132 147 3.000000 0.199999 8.708631
alu-v4_37
original 1 37 64 44 27 3.000000 0.199999 7.874224
mod5d2_64
original 40 53 89 58 36 3.000000 0.199999 9.691103
time:4093.920280