('QFilter, GVal, SIZE, initial_mapping  =', '01y', True, 'small', 'ga')
('lev, slayer, gamma, stop, anchor =', 3, 0, 0, 10, True)
In this test, we use Type 01y filter and ga initial mapping for small circuits on tokyo
*****************************************
Fri Mar 18 17:29:28 2022
(1, 'rd53_138', 8, 60, 99, 39, 0.04, 1.65)
(2, '4gt13-v1_93', 5, 30, 48, 18, 0.01, 1.6)
(3, 'mod5mils_65', 5, 16, 22, 6, 0.0, 1.375)
(4, 'mod5d1_63', 5, 13, 16, 3, 0.0, 1.2308)
(6, 'aj-e11_165', 5, 69, 102, 33, 0.05, 1.4783)
(8, '4gt11_83', 5, 14, 14, 0, 0.0, 1.0)
(9, 'cm42a_207', 14, 771, 1074, 303, 3.26, 1.393)
(10, '4gt4-v0_72', 6, 113, 134, 21, 0.09, 1.1858)
(14, 'rd53_135', 7, 134, 194, 60, 0.25, 1.4478)
(15, 'mod10_171', 5, 108, 141, 33, 0.09, 1.3056)
(18, '4gt11_84', 4, 9, 15, 6, 0.01, 1.6667)
(19, '4gt11_82', 5, 18, 21, 3, 0.0, 1.1667)
(20, 'wim_266', 11, 427, 571, 144, 2.73, 1.3372)
(21, 'rd53_131', 7, 200, 281, 81, 0.43, 1.405)
(22, 'mod8-10_177', 6, 196, 244, 48, 0.14, 1.2449)
(23, '4gt10-v1_81', 5, 66, 90, 24, 0.14, 1.3636)
(24, 'alu-v1_28', 5, 18, 33, 15, 0.01, 1.8333)
(25, 'cnt3-5_179', 16, 85, 148, 63, 1.8, 1.7412)
(27, 'one-two-three-v1_99', 5, 59, 92, 33, 0.03, 1.5593)
(28, 'mini_alu_305', 10, 77, 128, 51, 1.24, 1.6623)
(29, 'rd53_311', 13, 124, 235, 111, 2.09, 1.8952)
(30, '3_17_13', 3, 17, 23, 6, 0.0, 1.3529)
(32, '4gt4-v0_80', 6, 79, 124, 45, 0.06, 1.5696)
(33, 'hwb7_59', 8, 10681, 13507, 2826, 47.05, 1.2646)
(34, 'ham3_102', 3, 11, 17, 6, 0.01, 1.5455)
(35, 'cnt3-5_180', 16, 215, 302, 87, 1.06, 1.4047)
(36, 'rd53_133', 7, 256, 355, 99, 0.88, 1.3867)
(37, '4mod7-v0_94', 5, 72, 102, 30, 0.07, 1.4167)
(39, 'mini-alu_167', 5, 126, 168, 42, 0.2, 1.3333)
(42, 'majority_239', 7, 267, 366, 99, 0.39, 1.3708)
(43, 'ex2_227', 7, 275, 437, 162, 0.41, 1.5891)
(44, 'urf2_277', 8, 10066, 15433, 5367, 66.88, 1.5332)
(45, 'one-two-three-v3_101', 5, 32, 47, 15, 0.01, 1.4688)
(46, '4gt13_91', 5, 49, 82, 33, 0.04, 1.6735)
(47, '4gt12-v1_89', 6, 100, 166, 66, 0.09, 1.66)
(48, 'sqrt8_260', 12, 1314, 1803, 489, 16.15, 1.3721)
(49, 'rd32-v0_66', 4, 16, 31, 15, 0.01, 1.9375)
(51, '4gt5_75', 5, 38, 77, 39, 0.06, 2.0263)
(52, '0410184_169', 14, 104, 224, 120, 3.9, 2.1538)
(53, 'urf2_152', 8, 35210, 48611, 13401, 131.82, 1.3806)
(55, 'sym6_145', 7, 1701, 2115, 414, 2.85, 1.2434)
(56, 'alu-v2_32', 5, 72, 120, 48, 0.09, 1.6667)
(57, '4gt12-v0_88', 6, 86, 140, 54, 0.08, 1.6279)
(58, 'squar5_261', 13, 869, 1187, 318, 11.05, 1.3659)
(59, 'alu-v2_31', 5, 198, 246, 48, 0.18, 1.2424)
(60, 'hwb5_53', 6, 598, 763, 165, 0.59, 1.2759)
(61, 'one-two-three-v2_100', 5, 32, 50, 18, 0.03, 1.5625)
(62, 'cycle10_2_110', 12, 2648, 3734, 1086, 24.63, 1.4101)
(64, 'ising_model_10', 10, 90, 108, 18, 1.23, 1.2)
(65, 'sys6-v0_111', 10, 98, 185, 87, 0.31, 1.8878)
(67, 'mod5adder_127', 6, 239, 365, 126, 0.32, 1.5272)
(68, 'rd73_140', 10, 104, 173, 69, 0.58, 1.6635)
(69, '4mod5-v1_23', 5, 32, 47, 15, 0.02, 1.4688)
(70, 'graycode6_47', 6, 5, 5, 0, 0.0, 1.0)
(72, 'ham7_104', 7, 149, 236, 87, 0.21, 1.5839)
(73, 'ex-1_166', 3, 9, 15, 6, 0.0, 1.6667)
(74, 'decod24-v3_45', 5, 64, 106, 42, 0.07, 1.6562)
(77, 'con1_216', 9, 415, 604, 189, 3.25, 1.4554)
(78, 'hwb6_56', 7, 2952, 3843, 891, 9.95, 1.3018)
(79, 'mod10_176', 5, 78, 108, 30, 0.03, 1.3846)
(80, 'ex1_226', 6, 5, 8, 3, 0.0, 1.6)
(81, 'sf_276', 6, 336, 462, 126, 0.31, 1.375)
(82, 'cm152a_212', 12, 532, 739, 207, 7.78, 1.3891)
(83, '4gt12-v0_87', 6, 112, 142, 30, 0.03, 1.2679)
(84, 'decod24-enable_126', 6, 149, 221, 72, 0.14, 1.4832)
(85, 'radd_250', 13, 1405, 2011, 606, 42.66, 1.4313)
(86, 'pm1_249', 14, 771, 1074, 303, 3.26, 1.393)
(87, 'sf_274', 6, 336, 396, 60, 0.71, 1.1786)
(88, 'miller_11', 3, 23, 29, 6, 0.0, 1.2609)
(89, 'rd53_251', 8, 564, 762, 198, 0.94, 1.3511)
(92, 'rd84_142', 15, 154, 244, 90, 1.77, 1.5844)
(95, 'alu-v2_33', 5, 17, 29, 12, 0.03, 1.7059)
(98, 'decod24-v1_41', 5, 38, 59, 21, 0.05, 1.5526)
(99, '4mod5-v0_20', 5, 10, 13, 3, 0.02, 1.3)
(100, 'alu-v4_37', 5, 18, 36, 18, 0.01, 2.0)
(102, 'misex1_241', 15, 2100, 2754, 654, 16.87, 1.3114)
(103, 'alu-v0_27', 5, 17, 35, 18, 0.0, 2.0588)
(104, '4mod5-v1_24', 5, 16, 22, 6, 0.0, 1.375)
(105, '4mod7-v1_96', 5, 72, 102, 30, 0.06, 1.4167)
(106, 'cm82a_208', 8, 283, 397, 114, 0.47, 1.4028)
(108, '0example', 5, 9, 21, 12, 0.03, 2.3333)
(109, 'dc1_220', 11, 833, 1190, 357, 3.13, 1.4286)
(110, '4gt4-v1_74', 6, 119, 164, 45, 0.12, 1.3782)
(111, 'rd32-v1_68', 4, 16, 31, 15, 0.02, 1.9375)
(112, 'decod24-v0_38', 4, 23, 35, 12, 0.01, 1.5217)
(113, 'sym6_316', 14, 123, 219, 96, 1.16, 1.7805)
(114, 'alu-v0_26', 5, 38, 56, 18, 0.05, 1.4737)
(116, '4mod5-v0_18', 5, 31, 46, 15, 0.02, 1.4839)
(118, 'alu-v4_36', 5, 51, 78, 27, 0.05, 1.5294)
(119, 'one-two-three-v0_97', 5, 128, 182, 54, 0.08, 1.4219)
(120, '4gt13_90', 5, 53, 86, 33, 0.07, 1.6226)
(121, 'mod5d2_64', 5, 25, 43, 18, 0.01, 1.72)
(123, 'C17_204', 7, 205, 289, 84, 0.29, 1.4098)
(124, '4gt13_92', 5, 30, 54, 24, 0.04, 1.8)
(125, 'rd53_130', 7, 448, 637, 189, 0.87, 1.4219)
(126, 'alu-v3_34', 5, 24, 36, 12, 0.01, 1.5)
(127, 'decod24-bdd_294', 6, 32, 47, 15, 0.03, 1.4688)
(128, '4gt5_76', 5, 46, 85, 39, 0.05, 1.8478)
(129, 'sym9_146', 12, 148, 247, 99, 0.91, 1.6689)
(130, '4mod5-v1_22', 5, 11, 29, 18, 0.01, 2.6364)
(131, 'rd32_270', 5, 36, 48, 12, 0.03, 1.3333)
(132, 'hwb4_49', 5, 107, 167, 60, 0.12, 1.5607)
(134, '4gt5_77', 5, 58, 91, 33, 0.07, 1.569)
(136, '4_49_16', 5, 99, 129, 30, 0.11, 1.303)
(137, 'qft_10', 10, 90, 150, 60, 0.74, 1.6667)
(138, '4mod5-bdd_287', 7, 31, 43, 12, 0.03, 1.3871)
(143, '4gt12-v0_86', 6, 116, 146, 30, 0.06, 1.2586)
(144, '4gt4-v0_73', 6, 179, 242, 63, 0.12, 1.352)
(145, 'alu-v1_29', 5, 17, 35, 18, 0.0, 2.0588)
(146, 'alu-bdd_288', 7, 38, 65, 27, 0.12, 1.7105)
(147, 'decod24-v2_43', 4, 22, 34, 12, 0.01, 1.5455)
(148, 'mod8-10_178', 6, 152, 179, 27, 0.16, 1.1776)
(149, 'one-two-three-v0_98', 5, 65, 104, 39, 0.04, 1.6)
(150, '4gt4-v0_78', 6, 109, 163, 54, 0.18, 1.4954)
(151, '4mod5-v0_19', 5, 16, 16, 0, 0.0, 1.0)
(152, 'alu-v2_30', 6, 223, 322, 99, 0.25, 1.4439)
(153, 'alu-v3_35', 5, 18, 36, 18, 0.01, 2.0)
(155, '4gt4-v0_79', 6, 105, 138, 33, 0.1, 1.3143)
(157, 'ex3_229', 6, 175, 208, 33, 0.17, 1.1886)
(158, 'xor5_254', 6, 5, 8, 3, 0.0, 1.6)
(159, 'f2_232', 8, 525, 660, 135, 0.71, 1.2571)
