('QFilter, GVal, SIZE, initial_mapping  =', '01y', True, 'small', 'sabre')
('lev, slayer, gamma, stop, anchor =', 3, 0, 0, 10, True)
In this test, we use Type 01y filter and sabre initial mapping for small circuits on tokyo
*****************************************
Fri Mar 18 17:30:18 2022
(1, 'rd53_138', 8, 60, 87, 27, 0.04, 1.45)
(2, '4gt13-v1_93', 5, 30, 39, 9, 0.01, 1.3)
(3, 'mod5mils_65', 5, 16, 28, 12, 0.02, 1.75)
(4, 'mod5d1_63', 5, 13, 13, 0, 0.0, 1.0)
(5, 'sym10_262', 12, 28084, 36760, 8676, 320.56, 1.3089)
(6, 'aj-e11_165', 5, 69, 87, 18, 0.03, 1.2609)
(8, '4gt11_83', 5, 14, 17, 3, 0.0, 1.2143)
(9, 'cm42a_207', 14, 771, 963, 192, 3.17, 1.249)
(10, '4gt4-v0_72', 6, 113, 134, 21, 0.04, 1.1858)
(11, 'max46_240', 10, 11844, 15108, 3264, 61.33, 1.2756)
(12, 'dc2_222', 15, 4131, 5802, 1671, 141.05, 1.4045)
(14, 'rd53_135', 7, 134, 179, 45, 1.03, 1.3358)
(15, 'mod10_171', 5, 108, 132, 24, 0.14, 1.2222)
(16, 'ising_model_13', 13, 120, 177, 57, 1.52, 1.475)
(17, 'adr4_197', 13, 1498, 1948, 450, 19.39, 1.3004)
(18, '4gt11_84', 4, 9, 9, 0, 0.0, 1.0)
(19, '4gt11_82', 5, 18, 27, 9, 0.01, 1.5)
(20, 'wim_266', 11, 427, 589, 162, 2.07, 1.3794)
(21, 'rd53_131', 7, 200, 272, 72, 0.36, 1.36)
(22, 'mod8-10_177', 6, 196, 247, 51, 0.22, 1.2602)
(23, '4gt10-v1_81', 5, 66, 87, 21, 0.1, 1.3182)
(24, 'alu-v1_28', 5, 18, 30, 12, 0.01, 1.6667)
(25, 'cnt3-5_179', 16, 85, 142, 57, 16.9, 1.6706)
(26, 'square_root_7', 15, 3089, 4199, 1110, 160.58, 1.3593)
(27, 'one-two-three-v1_99', 5, 59, 83, 24, 0.04, 1.4068)
(28, 'mini_alu_305', 10, 77, 107, 30, 1.69, 1.3896)
(29, 'rd53_311', 13, 124, 205, 81, 1.86, 1.6532)
(30, '3_17_13', 3, 17, 17, 0, 0.0, 1.0)
(31, 'rd73_252', 10, 2319, 3063, 744, 14.7, 1.3208)
(32, '4gt4-v0_80', 6, 79, 94, 15, 0.02, 1.1899)
(34, 'ham3_102', 3, 11, 11, 0, 0.0, 1.0)
(35, 'cnt3-5_180', 16, 215, 305, 90, 1.1, 1.4186)
(36, 'rd53_133', 7, 256, 337, 81, 0.76, 1.3164)
(37, '4mod7-v0_94', 5, 72, 93, 21, 0.19, 1.2917)
(39, 'mini-alu_167', 5, 126, 162, 36, 0.36, 1.2857)
(40, 'root_255', 13, 7493, 10328, 2835, 117.64, 1.3784)
(41, 'z4_268', 11, 1343, 1817, 474, 22.18, 1.3529)
(42, 'majority_239', 7, 267, 327, 60, 0.23, 1.2247)
(43, 'ex2_227', 7, 275, 380, 105, 0.38, 1.3818)
(44, 'urf2_277', 8, 10066, 15526, 5460, 61.79, 1.5424)
(45, 'one-two-three-v3_101', 5, 32, 44, 12, 0.02, 1.375)
(46, '4gt13_91', 5, 49, 67, 18, 0.04, 1.3673)
(47, '4gt12-v1_89', 6, 100, 121, 21, 0.09, 1.21)
(48, 'sqrt8_260', 12, 1314, 1851, 537, 17.63, 1.4087)
(49, 'rd32-v0_66', 4, 16, 16, 0, 0.0, 1.0)
(50, 'sym9_148', 10, 9408, 10461, 1053, 19.58, 1.1119)
(51, '4gt5_75', 5, 38, 50, 12, 0.01, 1.3158)
(52, '0410184_169', 14, 104, 164, 60, 7.3, 1.5769)
(53, 'urf2_152', 8, 35210, 48908, 13698, 137.54, 1.389)
(54, 'urf1_278', 9, 26692, 39814, 13122, 287.01, 1.4916)
(55, 'sym6_145', 7, 1701, 2142, 441, 3.87, 1.2593)
(56, 'alu-v2_32', 5, 72, 96, 24, 0.03, 1.3333)
(57, '4gt12-v0_88', 6, 86, 98, 12, 0.03, 1.1395)
(58, 'squar5_261', 13, 869, 1196, 327, 11.76, 1.3763)
(59, 'alu-v2_31', 5, 198, 240, 42, 0.18, 1.2121)
(60, 'hwb5_53', 6, 598, 772, 174, 0.8, 1.291)
(61, 'one-two-three-v2_100', 5, 32, 44, 12, 0.02, 1.375)
(62, 'cycle10_2_110', 12, 2648, 3803, 1155, 22.98, 1.4362)
(64, 'ising_model_10', 10, 90, 108, 18, 0.07, 1.2)
(65, 'sys6-v0_111', 10, 98, 143, 45, 0.6, 1.4592)
(66, 'plus63mod8192_164', 14, 81865, 113119, 31254, 2321.71, 1.3818)
(67, 'mod5adder_127', 6, 239, 296, 57, 0.39, 1.2385)
(68, 'rd73_140', 10, 104, 164, 60, 0.62, 1.5769)
(69, '4mod5-v1_23', 5, 32, 38, 6, 0.01, 1.1875)
(70, 'graycode6_47', 6, 5, 5, 0, 0.0, 1.0)
(71, 'ising_model_16', 16, 150, 219, 69, 3.58, 1.46)
(72, 'ham7_104', 7, 149, 197, 48, 0.13, 1.3221)
(73, 'ex-1_166', 3, 9, 9, 0, 0.0, 1.0)
(74, 'decod24-v3_45', 5, 64, 85, 21, 0.19, 1.3281)
(76, 'life_238', 11, 9800, 12761, 2961, 96.51, 1.3021)
(77, 'con1_216', 9, 415, 592, 177, 1.55, 1.4265)
(78, 'hwb6_56', 7, 2952, 3963, 1011, 7.01, 1.3425)
(79, 'mod10_176', 5, 78, 102, 24, 0.05, 1.3077)
(80, 'ex1_226', 6, 5, 8, 3, 0.0, 1.6)
(81, 'sf_276', 6, 336, 381, 45, 0.12, 1.1339)
(82, 'cm152a_212', 12, 532, 691, 159, 7.74, 1.2989)
(83, '4gt12-v0_87', 6, 112, 130, 18, 0.03, 1.1607)
(84, 'decod24-enable_126', 6, 149, 194, 45, 0.07, 1.302)
(85, 'radd_250', 13, 1405, 2038, 633, 37.19, 1.4505)
(86, 'pm1_249', 14, 771, 993, 222, 4.3, 1.2879)
(87, 'sf_274', 6, 336, 369, 33, 0.09, 1.0982)
(88, 'miller_11', 3, 23, 23, 0, 0.0, 1.0)
(89, 'rd53_251', 8, 564, 723, 159, 1.74, 1.2819)
(90, 'mlp4_245', 16, 8232, 11427, 3195, 409.49, 1.3881)
(92, 'rd84_142', 15, 154, 250, 96, 2.62, 1.6234)
(93, 'inc_237', 16, 4636, 6202, 1566, 222.53, 1.3378)
(94, 'sqn_258', 10, 4459, 5722, 1263, 25.85, 1.2832)
(95, 'alu-v2_33', 5, 17, 23, 6, 0.01, 1.3529)
(97, 'co14_215', 15, 7840, 11368, 3528, 254.68, 1.45)
(98, 'decod24-v1_41', 5, 38, 47, 9, 0.02, 1.2368)
(99, '4mod5-v0_20', 5, 10, 16, 6, 0.01, 1.6)
(100, 'alu-v4_37', 5, 18, 27, 9, 0.01, 1.5)
(102, 'misex1_241', 15, 2100, 2685, 585, 15.23, 1.2786)
(103, 'alu-v0_27', 5, 17, 23, 6, 0.01, 1.3529)
(104, '4mod5-v1_24', 5, 16, 19, 3, 0.01, 1.1875)
(105, '4mod7-v1_96', 5, 72, 90, 18, 0.18, 1.25)
(106, 'cm82a_208', 8, 283, 382, 99, 0.9, 1.3498)
(107, 'ham15_107', 15, 3858, 5196, 1338, 151.25, 1.3468)
(108, '0example', 5, 9, 15, 6, 0.01, 1.6667)
(109, 'dc1_220', 11, 833, 1088, 255, 3.78, 1.3061)
(110, '4gt4-v1_74', 6, 119, 155, 36, 0.05, 1.3025)
(111, 'rd32-v1_68', 4, 16, 22, 6, 0.01, 1.375)
(112, 'decod24-v0_38', 4, 23, 23, 0, 0.0, 1.0)
(113, 'sym6_316', 14, 123, 204, 81, 0.51, 1.6585)
(114, 'alu-v0_26', 5, 38, 44, 6, 0.02, 1.1579)
(116, '4mod5-v0_18', 5, 31, 37, 6, 0.01, 1.1935)
(117, 'cm85a_209', 14, 4986, 6831, 1845, 67.45, 1.37)
(118, 'alu-v4_36', 5, 51, 66, 15, 0.02, 1.2941)
(119, 'one-two-three-v0_97', 5, 128, 173, 45, 0.11, 1.3516)
(120, '4gt13_90', 5, 53, 74, 21, 0.04, 1.3962)
(121, 'mod5d2_64', 5, 25, 34, 9, 0.01, 1.36)
(123, 'C17_204', 7, 205, 283, 78, 0.78, 1.3805)
(124, '4gt13_92', 5, 30, 36, 6, 0.01, 1.2)
(125, 'rd53_130', 7, 448, 598, 150, 2.03, 1.3348)
(126, 'alu-v3_34', 5, 24, 27, 3, 0.01, 1.125)
(127, 'decod24-bdd_294', 6, 32, 47, 15, 0.02, 1.4688)
(128, '4gt5_76', 5, 46, 64, 18, 0.18, 1.3913)
(129, 'sym9_146', 12, 148, 241, 93, 0.44, 1.6284)
(130, '4mod5-v1_22', 5, 11, 14, 3, 0.0, 1.2727)
(131, 'rd32_270', 5, 36, 45, 9, 0.03, 1.25)
(132, 'hwb4_49', 5, 107, 137, 30, 0.06, 1.2804)
(133, 'urf5_280', 9, 23764, 34024, 10260, 189.2, 1.4317)
(134, '4gt5_77', 5, 58, 76, 18, 0.16, 1.3103)
(135, 'rd84_253', 12, 5960, 7952, 1992, 69.29, 1.3342)
(136, '4_49_16', 5, 99, 123, 24, 0.21, 1.2424)
(137, 'qft_10', 10, 90, 156, 66, 1.42, 1.7333)
(138, '4mod5-bdd_287', 7, 31, 40, 9, 0.03, 1.2903)
(139, 'qft_16', 16, 240, 450, 210, 15.34, 1.875)
(140, 'urf1_149', 9, 80878, 115213, 34335, 565.28, 1.4245)
(143, '4gt12-v0_86', 6, 116, 149, 33, 0.05, 1.2845)
(144, '4gt4-v0_73', 6, 179, 221, 42, 0.37, 1.2346)
(145, 'alu-v1_29', 5, 17, 23, 6, 0.01, 1.3529)
(146, 'alu-bdd_288', 7, 38, 59, 21, 0.05, 1.5526)
(147, 'decod24-v2_43', 4, 22, 22, 0, 0.0, 1.0)
(148, 'mod8-10_178', 6, 152, 182, 30, 0.12, 1.1974)
(149, 'one-two-three-v0_98', 5, 65, 92, 27, 0.06, 1.4154)
(150, '4gt4-v0_78', 6, 109, 139, 30, 0.2, 1.2752)
(151, '4mod5-v0_19', 5, 16, 22, 6, 0.01, 1.375)
(152, 'alu-v2_30', 6, 223, 304, 81, 0.22, 1.3632)
(153, 'alu-v3_35', 5, 18, 24, 6, 0.01, 1.3333)
(154, 'dist_223', 13, 16624, 22720, 6096, 282.6, 1.3667)
(155, '4gt4-v0_79', 6, 105, 138, 33, 0.12, 1.3143)
(156, 'hwb8_113', 9, 30372, 39453, 9081, 247.47, 1.299)
(157, 'ex3_229', 6, 175, 196, 21, 0.18, 1.12)
(158, 'xor5_254', 6, 5, 8, 3, 0.0, 1.6)
(159, 'f2_232', 8, 525, 708, 183, 1.49, 1.3486)
The average ratio is 623398:1443585 = 0.4318
The time spent for this test is 6476.38 : 9120.6
