('QFilter, GVal, SIZE, initial_mapping  =', '01y', True, 'small', 'top')
('lev, slayer, gamma, stop, anchor =', 3, 0, 0, 10, True)
In this test, we use Type 01y filter and top initial mapping for small circuits on tokyo
*****************************************
Sat Mar 19 14:31:49 2022
(1, 'rd53_138', 8, 60, 96, 36, 0.28, 1.6)
(2, '4gt13-v1_93', 5, 30, 45, 15, 0.13, 1.5)
(3, 'mod5mils_65', 5, 16, 19, 3, 0.0, 1.1875)
(4, 'mod5d1_63', 5, 13, 22, 9, 0.09, 1.6923)
(5, 'sym10_262', 12, 28084, 37426, 9342, 346.2, 1.3326)
(6, 'aj-e11_165', 5, 69, 108, 39, 0.05, 1.5652)
(7, 'hwb9_119', 10, 90955, 120541, 29586, 1410.34, 1.3253)
(8, '4gt11_83', 5, 14, 17, 3, 0.01, 1.2143)
(9, 'cm42a_207', 14, 771, 1023, 252, 3.62, 1.3268)
(10, '4gt4-v0_72', 6, 113, 155, 42, 0.06, 1.3717)
(11, 'max46_240', 10, 11844, 16050, 4206, 69.97, 1.3551)
(12, 'dc2_222', 15, 4131, 6060, 1929, 122.22, 1.467)
(13, 'sym9_193', 11, 15232, 19507, 4275, 150.09, 1.2807)
(14, 'rd53_135', 7, 134, 194, 60, 0.58, 1.4478)
(15, 'mod10_171', 5, 108, 135, 27, 0.18, 1.25)
(16, 'ising_model_13', 13, 120, 168, 48, 2.67, 1.4)
(17, 'adr4_197', 13, 1498, 2173, 675, 25.56, 1.4506)
(18, '4gt11_84', 4, 9, 12, 3, 0.0, 1.3333)
(19, '4gt11_82', 5, 18, 21, 3, 0.01, 1.1667)
(20, 'wim_266', 11, 427, 619, 192, 1.88, 1.4496)
(21, 'rd53_131', 7, 200, 278, 78, 0.88, 1.39)
(22, 'mod8-10_177', 6, 196, 244, 48, 0.24, 1.2449)
(23, '4gt10-v1_81', 5, 66, 90, 24, 0.05, 1.3636)
(24, 'alu-v1_28', 5, 18, 27, 9, 0.01, 1.5)
(25, 'cnt3-5_179', 16, 85, 142, 57, 2.67, 1.6706)
(26, 'square_root_7', 15, 3089, 4292, 1203, 94.92, 1.3894)
(27, 'one-two-three-v1_99', 5, 59, 83, 24, 0.06, 1.4068)
(28, 'mini_alu_305', 10, 77, 134, 57, 0.76, 1.7403)
(29, 'rd53_311', 13, 124, 211, 87, 1.89, 1.7016)
(30, '3_17_13', 3, 17, 23, 6, 0.0, 1.3529)
(31, 'rd73_252', 10, 2319, 3285, 966, 19.88, 1.4166)
(32, '4gt4-v0_80', 6, 79, 103, 24, 0.03, 1.3038)
(33, 'hwb7_59', 8, 10681, 13615, 2934, 41.11, 1.2747)
(34, 'ham3_102', 3, 11, 14, 3, 0.01, 1.2727)
(35, 'cnt3-5_180', 16, 215, 305, 90, 3.07, 1.4186)
(36, 'rd53_133', 7, 256, 412, 156, 0.23, 1.6094)
(37, '4mod7-v0_94', 5, 72, 96, 24, 0.13, 1.3333)
(38, 'plus63mod4096_163', 13, 56329, 78529, 22200, 1096.77, 1.3941)
(39, 'mini-alu_167', 5, 126, 180, 54, 0.21, 1.4286)
(40, 'root_255', 13, 7493, 10244, 2751, 142.63, 1.3671)
(41, 'z4_268', 11, 1343, 1877, 534, 17.18, 1.3976)
(42, 'majority_239', 7, 267, 372, 105, 0.39, 1.3933)
(43, 'ex2_227', 7, 275, 377, 102, 1.83, 1.3709)
(44, 'urf2_277', 8, 10066, 15577, 5511, 62.58, 1.5475)
(45, 'one-two-three-v3_101', 5, 32, 47, 15, 0.02, 1.4688)
(46, '4gt13_91', 5, 49, 67, 18, 0.04, 1.3673)
(47, '4gt12-v1_89', 6, 100, 163, 63, 0.11, 1.63)
(48, 'sqrt8_260', 12, 1314, 1995, 681, 11.36, 1.5183)
(49, 'rd32-v0_66', 4, 16, 22, 6, 0.01, 1.375)
(50, 'sym9_148', 10, 9408, 10893, 1485, 28.9, 1.1578)
(51, '4gt5_75', 5, 38, 65, 27, 0.16, 1.7105)
(52, '0410184_169', 14, 104, 218, 114, 8.94, 2.0962)
(53, 'urf2_152', 8, 35210, 48533, 13323, 134.52, 1.3784)
(54, 'urf1_278', 9, 26692, 39457, 12765, 250.09, 1.4782)
(55, 'sym6_145', 7, 1701, 2226, 525, 4.09, 1.3086)
(56, 'alu-v2_32', 5, 72, 93, 21, 0.04, 1.2917)
(57, '4gt12-v0_88', 6, 86, 149, 63, 0.07, 1.7326)
(58, 'squar5_261', 13, 869, 1208, 339, 11.11, 1.3901)
(59, 'alu-v2_31', 5, 198, 258, 60, 1.84, 1.303)
(60, 'hwb5_53', 6, 598, 790, 192, 0.67, 1.3211)
(61, 'one-two-three-v2_100', 5, 32, 56, 24, 0.14, 1.75)
(62, 'cycle10_2_110', 12, 2648, 3851, 1203, 17.04, 1.4543)
(63, 'urf6_160', 15, 75180, 116838, 41658, 1278.32, 1.5541)
(64, 'ising_model_10', 10, 90, 123, 33, 0.22, 1.3667)
(65, 'sys6-v0_111', 10, 98, 164, 66, 0.39, 1.6735)
(66, 'plus63mod8192_164', 14, 81865, 114790, 32925, 2223.2, 1.4022)
(67, 'mod5adder_127', 6, 239, 320, 81, 0.53, 1.3389)
(68, 'rd73_140', 10, 104, 173, 69, 0.33, 1.6635)
(69, '4mod5-v1_23', 5, 32, 47, 15, 0.03, 1.4688)
(70, 'graycode6_47', 6, 5, 11, 6, 0.01, 2.2)
(71, 'ising_model_16', 16, 150, 222, 72, 2.14, 1.48)
(72, 'ham7_104', 7, 149, 194, 45, 0.17, 1.302)
(73, 'ex-1_166', 3, 9, 15, 6, 0.0, 1.6667)
(74, 'decod24-v3_45', 5, 64, 82, 18, 0.16, 1.2812)
(75, 'urf4_187', 11, 224028, 309984, 85956, 4505.41, 1.3837)
(76, 'life_238', 11, 9800, 13130, 3330, 72.91, 1.3398)
(77, 'con1_216', 9, 415, 532, 117, 3.18, 1.2819)
(78, 'hwb6_56', 7, 2952, 3921, 969, 7.54, 1.3283)
(79, 'mod10_176', 5, 78, 120, 42, 0.05, 1.5385)
(80, 'ex1_226', 6, 5, 8, 3, 0.01, 1.6)
(81, 'sf_276', 6, 336, 381, 45, 0.15, 1.1339)
(82, 'cm152a_212', 12, 532, 784, 252, 19.16, 1.4737)
(83, '4gt12-v0_87', 6, 112, 169, 57, 0.08, 1.5089)
(84, 'decod24-enable_126', 6, 149, 230, 81, 0.18, 1.5436)
(85, 'radd_250', 13, 1405, 2140, 735, 46.1, 1.5231)
(86, 'pm1_249', 14, 771, 1089, 318, 5.79, 1.4125)
(87, 'sf_274', 6, 336, 399, 63, 0.27, 1.1875)
(88, 'miller_11', 3, 23, 29, 6, 0.0, 1.2609)
(89, 'rd53_251', 8, 564, 768, 204, 1.31, 1.3617)
(90, 'mlp4_245', 16, 8232, 11877, 3645, 483.46, 1.4428)
(91, '9symml_195', 11, 15232, 20278, 5046, 171.47, 1.3313)
(92, 'rd84_142', 15, 154, 256, 102, 0.72, 1.6623)
(93, 'inc_237', 16, 4636, 6103, 1467, 233.88, 1.3164)
(94, 'sqn_258', 10, 4459, 6055, 1596, 35.39, 1.3579)
(95, 'alu-v2_33', 5, 17, 23, 6, 0.01, 1.3529)
(96, 'sao2_257', 14, 16864, 23818, 6954, 464.69, 1.4124)
(97, 'co14_215', 15, 7840, 11995, 4155, 317.41, 1.53)
(98, 'decod24-v1_41', 5, 38, 47, 9, 0.02, 1.2368)
(99, '4mod5-v0_20', 5, 10, 19, 9, 0.01, 1.9)
(100, 'alu-v4_37', 5, 18, 24, 6, 0.02, 1.3333)
(101, 'urf3_155', 10, 185276, 267461, 82185, 2826.93, 1.4436)
(102, 'misex1_241', 15, 2100, 2994, 894, 14.78, 1.4257)
(103, 'alu-v0_27', 5, 17, 26, 9, 0.01, 1.5294)
(104, '4mod5-v1_24', 5, 16, 19, 3, 0.01, 1.1875)
(105, '4mod7-v1_96', 5, 72, 99, 27, 0.34, 1.375)
(106, 'cm82a_208', 8, 283, 373, 90, 1.26, 1.318)
(107, 'ham15_107', 15, 3858, 5187, 1329, 185.11, 1.3445)
(108, '0example', 5, 9, 15, 6, 0.01, 1.6667)
(109, 'dc1_220', 11, 833, 1127, 294, 3.24, 1.3529)
(110, '4gt4-v1_74', 6, 119, 176, 57, 0.08, 1.479)
(111, 'rd32-v1_68', 4, 16, 22, 6, 0.0, 1.375)
(112, 'decod24-v0_38', 4, 23, 35, 12, 0.01, 1.5217)
(113, 'sym6_316', 14, 123, 216, 93, 1.62, 1.7561)
(114, 'alu-v0_26', 5, 38, 59, 21, 0.04, 1.5526)
(115, 'clip_206', 14, 14772, 20343, 5571, 300.32, 1.3771)
(116, '4mod5-v0_18', 5, 31, 43, 12, 0.02, 1.3871)
(117, 'cm85a_209', 14, 4986, 7068, 2082, 63.44, 1.4176)
(118, 'alu-v4_36', 5, 51, 72, 21, 0.02, 1.4118)
(119, 'one-two-three-v0_97', 5, 128, 173, 45, 0.09, 1.3516)
(120, '4gt13_90', 5, 53, 68, 15, 0.04, 1.283)
(121, 'mod5d2_64', 5, 25, 55, 30, 0.03, 2.2)
(122, 'ground_state_estimation_10', 13, 154209, 166887, 12678, 43468.24, 1.0822)
(123, 'C17_204', 7, 205, 274, 69, 0.32, 1.3366)
(124, '4gt13_92', 5, 30, 45, 15, 0.05, 1.5)
(125, 'rd53_130', 7, 448, 601, 153, 1.18, 1.3415)
(126, 'alu-v3_34', 5, 24, 39, 15, 0.02, 1.625)
(127, 'decod24-bdd_294', 6, 32, 47, 15, 0.02, 1.4688)
(128, '4gt5_76', 5, 46, 64, 18, 0.04, 1.3913)
(129, 'sym9_146', 12, 148, 250, 102, 0.52, 1.6892)
(130, '4mod5-v1_22', 5, 11, 23, 12, 0.02, 2.0909)
(131, 'rd32_270', 5, 36, 63, 27, 0.04, 1.75)
(132, 'hwb4_49', 5, 107, 143, 36, 0.05, 1.3364)
(133, 'urf5_280', 9, 23764, 34414, 10650, 194.17, 1.4482)
(134, '4gt5_77', 5, 58, 109, 51, 0.09, 1.8793)
(135, 'rd84_253', 12, 5960, 8561, 2601, 97.6, 1.4364)
(136, '4_49_16', 5, 99, 132, 33, 0.12, 1.3333)
(137, 'qft_10', 10, 90, 153, 63, 0.43, 1.7)
(138, '4mod5-bdd_287', 7, 31, 40, 9, 0.02, 1.2903)
(139, 'qft_16', 16, 240, 423, 183, 5.42, 1.7625)
(140, 'urf1_149', 9, 80878, 115261, 34383, 599.7, 1.4251)
(141, 'urf5_158', 9, 71932, 101038, 29106, 550.0, 1.4046)
(142, 'urf3_279', 10, 60380, 91088, 30708, 990.11, 1.5086)
(143, '4gt12-v0_86', 6, 116, 191, 75, 0.09, 1.6466)
(144, '4gt4-v0_73', 6, 179, 272, 93, 0.13, 1.5196)
(145, 'alu-v1_29', 5, 17, 29, 12, 0.02, 1.7059)
(146, 'alu-bdd_288', 7, 38, 71, 33, 0.03, 1.8684)
(147, 'decod24-v2_43', 4, 22, 28, 6, 0.0, 1.2727)
(148, 'mod8-10_178', 6, 152, 179, 27, 0.16, 1.1776)
(149, 'one-two-three-v0_98', 5, 65, 95, 30, 0.05, 1.4615)
(150, '4gt4-v0_78', 6, 109, 157, 48, 0.11, 1.4404)
(151, '4mod5-v0_19', 5, 16, 28, 12, 0.01, 1.75)
(152, 'alu-v2_30', 6, 223, 352, 129, 0.64, 1.5785)
(153, 'alu-v3_35', 5, 18, 33, 15, 0.08, 1.8333)
(154, 'dist_223', 13, 16624, 23005, 6381, 303.42, 1.3838)
(155, '4gt4-v0_79', 6, 105, 132, 27, 0.14, 1.2571)
(156, 'hwb8_113', 9, 30372, 39759, 9387, 265.93, 1.3091)
(157, 'ex3_229', 6, 175, 241, 66, 0.15, 1.3771)
(158, 'xor5_254', 6, 5, 5, 0, 0.0, 1.0)
(159, 'f2_232', 8, 525, 714, 189, 0.57, 1.36)
The average ratio is 1982727:1443585 = 1.3735