('QFilter, GVal, SIZE, initial_mapping  =', '01y', True, 'small', 'tsa_qx20')
('lev, slayer, gamma, stop, anchor =', 3, 0, 0, 10, True)
In this test, we use Type 01y filter and tsa_qx20 initial mapping for small circuits on tokyo
*****************************************
Sat Mar 19 12:06:03 2022
(1, 'rd53_138', 8, 60, 84, 24, 0.04, 1.4)
(2, '4gt13-v1_93', 5, 30, 36, 6, 0.01, 1.2)
(3, 'mod5mils_65', 5, 16, 19, 3, 0.01, 1.1875)
(4, 'mod5d1_63', 5, 13, 13, 0, 0.0, 1.0)
(5, 'sym10_262', 12, 28084, 35974, 7890, 318.8, 1.2809)
(6, 'aj-e11_165', 5, 69, 87, 18, 0.04, 1.2609)
(7, 'hwb9_119', 10, 90955, 117748, 26793, 1384.03, 1.2946)
(8, '4gt11_83', 5, 14, 14, 0, 0.0, 1.0)
(9, 'cm42a_207', 14, 771, 951, 180, 3.57, 1.2335)
(10, '4gt4-v0_72', 6, 113, 128, 15, 0.09, 1.1327)
(11, 'max46_240', 10, 11844, 15027, 3183, 57.01, 1.2687)
(12, 'dc2_222', 15, 4131, 5943, 1812, 125.13, 1.4386)
(13, 'sym9_193', 11, 15232, 19054, 3822, 123.95, 1.2509)
(14, 'rd53_135', 7, 134, 179, 45, 0.45, 1.3358)
(15, 'mod10_171', 5, 108, 129, 21, 0.09, 1.1944)
(16, 'ising_model_13', 13, 120, 141, 21, 0.1, 1.175)
(17, 'adr4_197', 13, 1498, 1915, 417, 19.55, 1.2784)
(18, '4gt11_84', 4, 9, 9, 0, 0.0, 1.0)
(19, '4gt11_82', 5, 18, 21, 3, 0.0, 1.1667)
(20, 'wim_266', 11, 427, 538, 111, 1.03, 1.26)
(21, 'rd53_131', 7, 200, 260, 60, 0.25, 1.3)
(22, 'mod8-10_177', 6, 196, 235, 39, 0.15, 1.199)
(23, '4gt10-v1_81', 5, 66, 78, 12, 0.07, 1.1818)
(24, 'alu-v1_28', 5, 18, 21, 3, 0.01, 1.1667)
(25, 'cnt3-5_179', 16, 85, 142, 57, 0.94, 1.6706)
(26, 'square_root_7', 15, 3089, 4022, 933, 139.33, 1.302)
(27, 'one-two-three-v1_99', 5, 59, 74, 15, 0.02, 1.2542)
(28, 'mini_alu_305', 10, 77, 107, 30, 1.16, 1.3896)
(29, 'rd53_311', 13, 124, 190, 66, 0.44, 1.5323)
(30, '3_17_13', 3, 17, 17, 0, 0.0, 1.0)
(31, 'rd73_252', 10, 2319, 2976, 657, 20.44, 1.2833)
(32, '4gt4-v0_80', 6, 79, 94, 15, 0.04, 1.1899)
(33, 'hwb7_59', 8, 10681, 13438, 2757, 45.72, 1.2581)
(34, 'ham3_102', 3, 11, 11, 0, 0.0, 1.0)
(35, 'cnt3-5_180', 16, 215, 296, 81, 2.92, 1.3767)
(36, 'rd53_133', 7, 256, 313, 57, 0.81, 1.2227)
(37, '4mod7-v0_94', 5, 72, 90, 18, 0.07, 1.25)
(38, 'plus63mod4096_163', 13, 56329, 76480, 20151, 1406.3, 1.3577)
(39, 'mini-alu_167', 5, 126, 162, 36, 0.37, 1.2857)
(40, 'root_255', 13, 7493, 9830, 2337, 120.72, 1.3119)
(41, 'z4_268', 11, 1343, 1733, 390, 22.36, 1.2904)
(42, 'majority_239', 7, 267, 327, 60, 0.28, 1.2247)
(43, 'ex2_227', 7, 275, 353, 78, 1.07, 1.2836)
(44, 'urf2_277', 8, 10066, 15217, 5151, 65.3, 1.5117)
(45, 'one-two-three-v3_101', 5, 32, 44, 12, 0.03, 1.375)
(46, '4gt13_91', 5, 49, 61, 12, 0.03, 1.2449)
(47, '4gt12-v1_89', 6, 100, 112, 12, 0.32, 1.12)
(48, 'sqrt8_260', 12, 1314, 1794, 480, 12.92, 1.3653)
(49, 'rd32-v0_66', 4, 16, 22, 6, 0.01, 1.375)
(50, 'sym9_148', 10, 9408, 10407, 999, 25.66, 1.1062)
(51, '4gt5_75', 5, 38, 50, 12, 0.19, 1.3158)
(52, '0410184_169', 14, 104, 164, 60, 1.18, 1.5769)
(53, 'urf2_152', 8, 35210, 48470, 13260, 141.18, 1.3766)
(54, 'urf1_278', 9, 26692, 38863, 12171, 275.7, 1.456)
(55, 'sym6_145', 7, 1701, 2118, 417, 2.61, 1.2451)
(56, 'alu-v2_32', 5, 72, 90, 18, 0.03, 1.25)
(57, '4gt12-v0_88', 6, 86, 98, 12, 0.03, 1.1395)
(58, 'squar5_261', 13, 869, 1160, 291, 9.88, 1.3349)
(59, 'alu-v2_31', 5, 198, 240, 42, 0.18, 1.2121)
(60, 'hwb5_53', 6, 598, 757, 159, 0.68, 1.2659)
(61, 'one-two-three-v2_100', 5, 32, 41, 9, 0.02, 1.2812)
(62, 'cycle10_2_110', 12, 2648, 3473, 825, 18.23, 1.3116)
(63, 'urf6_160', 15, 75180, 116724, 41544, 1338.43, 1.5526)
(64, 'ising_model_10', 10, 90, 105, 15, 0.03, 1.1667)
(65, 'sys6-v0_111', 10, 98, 146, 48, 0.62, 1.4898)
(66, 'plus63mod8192_164', 14, 81865, 112966, 31101, 2019.74, 1.3799)
(67, 'mod5adder_127', 6, 239, 287, 48, 0.2, 1.2008)
(68, 'rd73_140', 10, 104, 149, 45, 0.18, 1.4327)
(69, '4mod5-v1_23', 5, 32, 38, 6, 0.01, 1.1875)
(70, 'graycode6_47', 6, 5, 5, 0, 0.0, 1.0)
(71, 'ising_model_16', 16, 150, 180, 30, 0.64, 1.2)
(72, 'ham7_104', 7, 149, 185, 36, 0.14, 1.2416)
(73, 'ex-1_166', 3, 9, 9, 0, 0.0, 1.0)
(74, 'decod24-v3_45', 5, 64, 85, 21, 0.08, 1.3281)
(76, 'life_238', 11, 9800, 12581, 2781, 90.2, 1.2838)
(77, 'con1_216', 9, 415, 553, 138, 2.15, 1.3325)
(78, 'hwb6_56', 7, 2952, 3795, 843, 6.65, 1.2856)
(79, 'mod10_176', 5, 78, 96, 18, 0.03, 1.2308)
(80, 'ex1_226', 6, 5, 5, 0, 0.0, 1.0)
(81, 'sf_276', 6, 336, 369, 33, 0.11, 1.0982)
(82, 'cm152a_212', 12, 532, 631, 99, 5.45, 1.1861)
(83, '4gt12-v0_87', 6, 112, 124, 12, 0.02, 1.1071)
(84, 'decod24-enable_126', 6, 149, 185, 36, 0.07, 1.2416)
(85, 'radd_250', 13, 1405, 1906, 501, 39.76, 1.3566)
(86, 'pm1_249', 14, 771, 951, 180, 3.71, 1.2335)
(87, 'sf_274', 6, 336, 369, 33, 0.09, 1.0982)
(88, 'miller_11', 3, 23, 23, 0, 0.0, 1.0)
(89, 'rd53_251', 8, 564, 705, 141, 2.08, 1.25)
(90, 'mlp4_245', 16, 8232, 11679, 3447, 405.96, 1.4187)
(91, '9symml_195', 11, 15232, 19054, 3822, 124.15, 1.2509)
(92, 'rd84_142', 15, 154, 241, 87, 3.09, 1.5649)
(93, 'inc_237', 16, 4636, 6196, 1560, 185.38, 1.3365)
(94, 'sqn_258', 10, 4459, 5632, 1173, 26.34, 1.2631)
(95, 'alu-v2_33', 5, 17, 23, 6, 0.01, 1.3529)
(96, 'sao2_257', 14, 16864, 21910, 5046, 394.75, 1.2992)
(97, 'co14_215', 15, 7840, 11437, 3597, 287.52, 1.4588)
(98, 'decod24-v1_41', 5, 38, 47, 9, 0.02, 1.2368)
(99, '4mod5-v0_20', 5, 10, 10, 0, 0.0, 1.0)
(100, 'alu-v4_37', 5, 18, 24, 6, 0.01, 1.3333)
(101, 'urf3_155', 10, 185276, 265619, 80343, 2728.71, 1.4336)
(102, 'misex1_241', 15, 2100, 2643, 543, 14.21, 1.2586)
(103, 'alu-v0_27', 5, 17, 23, 6, 0.01, 1.3529)
(104, '4mod5-v1_24', 5, 16, 16, 0, 0.0, 1.0)
(105, '4mod7-v1_96', 5, 72, 90, 18, 0.18, 1.25)
(106, 'cm82a_208', 8, 283, 355, 72, 0.15, 1.2544)
(107, 'ham15_107', 15, 3858, 5175, 1317, 157.54, 1.3414)
(108, '0example', 5, 9, 12, 3, 0.0, 1.3333)
(109, 'dc1_220', 11, 833, 1037, 204, 2.49, 1.2449)
(110, '4gt4-v1_74', 6, 119, 140, 21, 0.04, 1.1765)
(111, 'rd32-v1_68', 4, 16, 22, 6, 0.01, 1.375)
(112, 'decod24-v0_38', 4, 23, 23, 0, 0.0, 1.0)
(113, 'sym6_316', 14, 123, 180, 57, 0.56, 1.4634)
(114, 'alu-v0_26', 5, 38, 47, 9, 0.01, 1.2368)
(115, 'clip_206', 14, 14772, 20358, 5586, 333.01, 1.3781)
(116, '4mod5-v0_18', 5, 31, 37, 6, 0.01, 1.1935)
(117, 'cm85a_209', 14, 4986, 6432, 1446, 69.93, 1.29)
(118, 'alu-v4_36', 5, 51, 57, 6, 0.01, 1.1176)
(119, 'one-two-three-v0_97', 5, 128, 170, 42, 0.07, 1.3281)
(120, '4gt13_90', 5, 53, 68, 15, 0.03, 1.283)
(121, 'mod5d2_64', 5, 25, 34, 9, 0.01, 1.36)
(123, 'C17_204', 7, 205, 265, 60, 0.47, 1.2927)
(124, '4gt13_92', 5, 30, 36, 6, 0.01, 1.2)
(125, 'rd53_130', 7, 448, 565, 117, 1.61, 1.2612)
(126, 'alu-v3_34', 5, 24, 27, 3, 0.01, 1.125)
(127, 'decod24-bdd_294', 6, 32, 44, 12, 0.02, 1.375)
(128, '4gt5_76', 5, 46, 58, 12, 0.02, 1.2609)
(129, 'sym9_146', 12, 148, 226, 78, 1.0, 1.527)
(130, '4mod5-v1_22', 5, 11, 11, 0, 0.0, 1.0)
(131, 'rd32_270', 5, 36, 45, 9, 0.03, 1.25)
(132, 'hwb4_49', 5, 107, 137, 30, 0.06, 1.2804)
(133, 'urf5_280', 9, 23764, 33868, 10104, 173.74, 1.4252)
(134, '4gt5_77', 5, 58, 73, 15, 0.08, 1.2586)
(135, 'rd84_253', 12, 5960, 7838, 1878, 77.5, 1.3151)
(136, '4_49_16', 5, 99, 123, 24, 0.11, 1.2424)
(137, 'qft_10', 10, 90, 144, 54, 0.42, 1.6)
(138, '4mod5-bdd_287', 7, 31, 34, 3, 0.01, 1.0968)
(139, 'qft_16', 16, 240, 450, 210, 5.11, 1.875)
(140, 'urf1_149', 9, 80878, 113692, 32814, 880.09, 1.4057)
(141, 'urf5_158', 9, 71932, 100513, 28581, 660.58, 1.3973)
(142, 'urf3_279', 10, 60380, 89873, 29493, 1048.58, 1.4885)
(143, '4gt12-v0_86', 6, 116, 131, 15, 0.02, 1.1293)
(144, '4gt4-v0_73', 6, 179, 221, 42, 0.4, 1.2346)
(145, 'alu-v1_29', 5, 17, 23, 6, 0.01, 1.3529)
(146, 'alu-bdd_288', 7, 38, 50, 12, 0.03, 1.3158)
(147, 'decod24-v2_43', 4, 22, 22, 0, 0.0, 1.0)
(148, 'mod8-10_178', 6, 152, 173, 21, 0.21, 1.1382)
(149, 'one-two-three-v0_98', 5, 65, 86, 21, 0.03, 1.3231)
(150, '4gt4-v0_78', 6, 109, 124, 15, 0.09, 1.1376)
(151, '4mod5-v0_19', 5, 16, 19, 3, 0.01, 1.1875)
(152, 'alu-v2_30', 6, 223, 268, 45, 0.19, 1.2018)
(153, 'alu-v3_35', 5, 18, 21, 3, 0.01, 1.1667)
(154, 'dist_223', 13, 16624, 22186, 5562, 241.26, 1.3346)
(155, '4gt4-v0_79', 6, 105, 117, 12, 0.08, 1.1143)
(156, 'hwb8_113', 9, 30372, 39087, 8715, 260.44, 1.2869)
(157, 'ex3_229', 6, 175, 202, 27, 0.09, 1.1543)
(158, 'xor5_254', 6, 5, 5, 0, 0.0, 1.0)
(159, 'f2_232', 8, 525, 621, 96, 0.86, 1.1829)

