[3, 0, -1, -1, -1, 2, 1, 9, 13, -1, -1, 4, 6, 8, 11, -1, -1, 5, 7, 10, -1, -1, -1, -1, -1, 12, -1, -1, -1, -1, -1, -1, -1, -1, -1, -1, -1, -1, -1, -1, -1, -1, -1, -1, -1, -1, -1, -1, -1, -1, -1, -1, -1, -1]
[-1, 0, 3, -1, -1, 1, 2, -1, -1, -1, -1, 6, 4, -1, -1, -1, -1, 5, -1, -1, -1, -1, -1, 7, 9, -1, -1, -1, -1, 8, -1, -1, -1, -1, -1, 10, 12, -1, -1, -1, -1, 11, -1, -1, -1, -1, -1, 13, -1, -1, -1, -1, -1, -1]
[3, 4, 0, -1, -1, 2, 1, -1, -1, -1, -1, 7, 5, 13, -1, -1, -1, 6, 11, -1, -1, -1, -1, 8, 10, -1, -1, -1, -1, 9, 12, -1, -1, -1, -1, -1, -1, -1, -1, -1, -1, -1, -1, -1, -1, -1, -1, -1, -1, -1, -1, -1, -1, -1]
[-1, 3, 0, -1, -1, 5, 2, 1, -1, -1, -1, 7, 4, 13, -1, -1, -1, 6, 11, -1, -1, -1, -1, 8, 10, -1, -1, -1, -1, 9, 12, -1, -1, -1, -1, -1, -1, -1, -1, -1, -1, -1, -1, -1, -1, -1, -1, -1, -1, -1, -1, -1, -1, -1]
[-1, 3, 4, 0, -1, 9, 2, 5, 1, -1, -1, 11, 8, 6, -1, -1, -1, 10, 7, -1, -1, -1, -1, 12, -1, -1, -1, -1, -1, 13, -1, -1, -1, -1, -1, -1, -1, -1, -1, -1, -1, -1, -1, -1, -1, -1, -1, -1, -1, -1, -1, -1, -1, -1]
[-1, -1, -1, 3, 0, -1, -1, -1, 5, 2, 1, -1, -1, -1, 7, 4, -1, -1, 13, 9, 6, -1, -1, -1, -1, 11, 8, -1, -1, -1, -1, 10, -1, -1, -1, -1, -1, 12, -1, -1, -1, -1, -1, -1, -1, -1, -1, -1, -1, -1, -1, -1, -1, -1]
[1, -1, -1, 3, 4, 0, -1, 13, 9, 2, 5, -1, -1, -1, 11, 8, 6, -1, -1, -1, 10, 7, -1, -1, -1, -1, 12, -1, -1, -1, -1, -1, -1, -1, -1, -1, -1, -1, -1, -1, -1, -1, -1, -1, -1, -1, -1, -1, -1, -1, -1, -1, -1, -1]
[-1, 1, -1, -1, -1, 3, 0, -1, -1, -1, -1, 5, 2, -1, -1, -1, -1, 4, 9, 13, -1, -1, -1, 6, 8, 11, -1, -1, -1, 7, 10, -1, -1, -1, -1, -1, 12, -1, -1, -1, -1, -1, -1, -1, -1, -1, -1, -1, -1, -1, -1, -1, -1, -1]
[-1, 5, 1, -1, -1, 3, 4, 0, -1, -1, -1, -1, 2, 6, -1, -1, -1, 9, 7, -1, -1, -1, -1, 11, 8, -1, -1, -1, -1, 10, -1, -1, -1, -1, -1, 12, -1, -1, -1, -1, -1, 13, -1, -1, -1, -1, -1, -1, -1, -1, -1, -1, -1, -1]
[-1, -1, 1, -1, -1, -1, 3, 0, -1, -1, -1, -1, 5, 2, -1, -1, -1, 7, 4, -1, -1, -1, -1, 9, 6, -1, -1, -1, -1, 8, -1, -1, -1, -1, -1, 10, 12, -1, -1, -1, -1, 11, -1, -1, -1, -1, -1, 13, -1, -1, -1, -1, -1, -1]
[-1, -1, 5, 1, -1, -1, 3, 4, 0, -1, -1, -1, -1, 2, 6, -1, -1, 13, 9, 7, -1, -1, -1, -1, 11, 8, -1, -1, -1, -1, 10, -1, -1, -1, -1, -1, 12, -1, -1, -1, -1, -1, -1, -1, -1, -1, -1, -1, -1, -1, -1, -1, -1, -1]
[-1, -1, -1, 1, -1, -1, -1, 3, 0, -1, -1, -1, -1, 5, 2, -1, -1, -1, 7, 4, -1, -1, -1, 13, 9, 6, -1, -1, -1, 11, 8, -1, -1, -1, -1, -1, 10, -1, -1, -1, -1, 12, -1, -1, -1, -1, -1, -1, -1, -1, -1, -1, -1, -1]
[-1, -1, -1, 1, -1, -1, -1, 3, 4, 0, -1, -1, 13, 9, 2, 5, -1, -1, 11, 8, 6, -1, -1, -1, -1, 10, 7, -1, -1, -1, 12, -1, -1, -1, -1, -1, -1, -1, -1, -1, -1, -1, -1, -1, -1, -1, -1, -1, -1, -1, -1, -1, -1, -1]
[-1, -1, -1, 1, -1, -1, -1, -1, 3, 0, -1, -1, -1, -1, 5, 2, -1, -1, -1, 7, 4, -1, -1, -1, 13, 9, 6, -1, -1, -1, 11, 8, -1, -1, -1, -1, -1, 10, -1, -1, -1, -1, 12, -1, -1, -1, -1, -1, -1, -1, -1, -1, -1, -1]
[-1, -1, -1, -1, 1, -1, -1, -1, -1, 3, 0, -1, -1, -1, -1, 5, 2, -1, -1, -1, 7, 4, -1, -1, -1, 13, 9, 6, -1, -1, -1, 11, 8, -1, -1, -1, -1, -1, 10, -1, -1, -1, -1, 12, -1, -1, -1, -1, -1, -1, -1, -1, -1, -1]
[-1, -1, -1, 5, 6, 1, -1, -1, 3, 4, 7, 0, -1, -1, 13, 2, 8, -1, -1, -1, 11, 9, -1, -1, -1, -1, -1, 10, -1, -1, -1, -1, 12, -1, -1, -1, -1, -1, -1, -1, -1, -1, -1, -1, -1, -1, -1, -1, -1, -1, -1, -1, -1, -1]
[-1, -1, -1, -1, 5, 1, -1, -1, -1, 3, 4, 0, -1, -1, -1, 7, 2, -1, -1, 13, 9, 6, -1, -1, -1, -1, 11, 8, -1, -1, -1, -1, 10, -1, -1, -1, -1, -1, 12, -1, -1, -1, -1, -1, -1, -1, -1, -1, -1, -1, -1, -1, -1, -1]
[-1, 3, 4, -1, -1, 1, 2, 5, -1, -1, -1, -1, 0, 6, -1, -1, -1, 9, 7, -1, -1, -1, -1, 11, 8, -1, -1, -1, -1, 10, -1, -1, -1, -1, -1, 12, -1, -1, -1, -1, -1, 13, -1, -1, -1, -1, -1, -1, -1, -1, -1, -1, -1, -1]
[-1, -1, -1, -1, -1, 1, -1, -1, -1, -1, -1, 3, 0, -1, -1, -1, -1, 2, 7, -1, -1, -1, -1, 4, 6, 9, -1, -1, -1, 5, 8, -1, -1, -1, -1, 12, 10, -1, -1, -1, -1, 11, -1, -1, -1, -1, -1, 13, -1, -1, -1, -1, -1, -1]
[3, 4, 6, -1, -1, 2, 1, 5, -1, -1, -1, 10, 8, 0, -1, -1, -1, 9, 7, -1, -1, -1, -1, -1, 11, -1, -1, -1, -1, 12, 13, -1, -1, -1, -1, -1, -1, -1, -1, -1, -1, -1, -1, -1, -1, -1, -1, -1, -1, -1, -1, -1, -1, -1]
[-1, -1, -1, -1, -1, 5, 1, -1, -1, -1, -1, 3, 4, 0, -1, -1, -1, 2, 6, -1, -1, -1, -1, 9, 7, -1, -1, -1, -1, 8, -1, -1, -1, -1, -1, 10, 12, -1, -1, -1, -1, 11, -1, -1, -1, -1, -1, 13, -1, -1, -1, -1, -1, -1]
[-1, -1, -1, -1, -1, -1, 1, -1, -1, -1, -1, -1, 3, 0, -1, -1, -1, 5, 2, -1, -1, -1, -1, 7, 4, 13, -1, -1, -1, 6, 11, -1, -1, -1, -1, 8, 10, -1, -1, -1, -1, 9, 12, -1, -1, -1, -1, -1, -1, -1, -1, -1, -1, -1]
[-1, 3, 4, 6, 8, -1, 2, 1, 5, 7, 9, -1, -1, -1, 0, 12, 10, -1, -1, -1, -1, 11, -1, -1, -1, -1, -1, 13, -1, -1, -1, -1, -1, -1, -1, -1, -1, -1, -1, -1, -1, -1, -1, -1, -1, -1, -1, -1, -1, -1, -1, -1, -1, -1]
[-1, -1, -1, -1, -1, -1, 5, 1, -1, -1, -1, -1, 3, 4, 0, -1, -1, -1, 2, 6, -1, -1, -1, 13, 9, 7, -1, -1, -1, 11, 8, -1, -1, -1, -1, -1, 10, -1, -1, -1, -1, 12, -1, -1, -1, -1, -1, -1, -1, -1, -1, -1, -1, -1]
[-1, -1, -1, -1, -1, -1, -1, 1, -1, -1, -1, -1, -1, 3, 0, -1, -1, -1, 5, 2, -1, -1, -1, -1, 7, 4, -1, -1, -1, 9, 6, -1, -1, -1, -1, 11, 8, -1, -1, -1, -1, 10, -1, -1, -1, -1, -1, 12, 13, -1, -1, -1, -1, -1]
[-1, -1, -1, -1, -1, -1, -1, 5, 1, -1, -1, -1, -1, 3, 4, 0, -1, -1, -1, 2, 6, -1, -1, -1, 13, 9, 7, -1, -1, -1, 11, 8, -1, -1, -1, -1, -1, 10, -1, -1, -1, -1, 12, -1, -1, -1, -1, -1, -1, -1, -1, -1, -1, -1]
[-1, -1, -1, -1, -1, -1, -1, -1, 1, -1, -1, -1, -1, -1, 3, 0, -1, -1, -1, 5, 2, -1, -1, -1, -1, 7, 4, -1, -1, 13, 9, 6, -1, -1, -1, -1, 11, 8, -1, -1, -1, -1, 10, -1, -1, -1, -1, -1, 12, -1, -1, -1, -1, -1]
[-1, -1, -1, -1, -1, -1, -1, -1, 5, 1, -1, -1, -1, -1, 3, 4, 0, -1, -1, -1, 2, 6, -1, -1, -1, 13, 9, 7, -1, -1, -1, 11, 8, -1, -1, -1, -1, -1, 10, -1, -1, -1, -1, 12, -1, -1, -1, -1, -1, -1, -1, -1, -1, -1]
[-1, -1, -1, -1, -1, -1, -1, -1, -1, 1, -1, -1, -1, -1, -1, 3, 0, -1, -1, -1, 5, 2, -1, -1, -1, -1, 7, 4, -1, -1, 13, 9, 6, -1, -1, -1, -1, 11, 8, -1, -1, -1, -1, 10, -1, -1, -1, -1, -1, 12, -1, -1, -1, -1]
[-1, -1, -1, 3, 4, -1, -1, 13, 9, 2, 5, 1, -1, -1, 11, 8, 6, 0, -1, -1, 10, 7, -1, -1, -1, -1, 12, -1, -1, -1, -1, -1, -1, -1, -1, -1, -1, -1, -1, -1, -1, -1, -1, -1, -1, -1, -1, -1, -1, -1, -1, -1, -1, -1]
[-1, -1, -1, -1, 7, -1, -1, -1, -1, 5, 6, 1, -1, -1, -1, 3, 4, 0, -1, 13, 9, 2, -1, -1, -1, -1, 11, 8, -1, -1, -1, -1, 10, -1, -1, -1, -1, -1, 12, -1, -1, -1, -1, -1, -1, -1, -1, -1, -1, -1, -1, -1, -1, -1]
[-1, -1, -1, -1, -1, -1, -1, -1, -1, -1, -1, -1, 1, -1, -1, -1, -1, 3, 0, -1, -1, -1, -1, 5, 2, -1, -1, -1, -1, 4, 9, 13, -1, -1, -1, 6, 8, 11, -1, -1, -1, 7, 10, -1, -1, -1, -1, -1, 12, -1, -1, -1, -1, -1]
[-1, 5, 6, -1, -1, 3, 4, 7, 9, 13, -1, -1, 2, 1, 8, 11, -1, -1, -1, 0, 10, -1, -1, -1, -1, -1, 12, -1, -1, -1, -1, -1, -1, -1, -1, -1, -1, -1, -1, -1, -1, -1, -1, -1, -1, -1, -1, -1, -1, -1, -1, -1, -1, -1]
[-1, -1, -1, -1, -1, -1, -1, -1, -1, -1, -1, -1, 5, 1, -1, -1, -1, 3, 4, 0, -1, -1, -1, -1, 2, 6, -1, -1, -1, 9, 7, -1, -1, -1, -1, 11, 8, -1, -1, -1, -1, 10, -1, -1, -1, -1, -1, 12, 13, -1, -1, -1, -1, -1]
[-1, -1, -1, -1, -1, -1, -1, -1, -1, -1, -1, -1, -1, 1, -1, -1, -1, -1, 3, 0, -1, -1, -1, -1, 5, 2, -1, -1, -1, 7, 4, -1, -1, -1, -1, 9, 6, 13, -1, -1, -1, 8, 12, -1, -1, -1, -1, 10, 11, -1, -1, -1, -1, -1]
[-1, -1, 5, 9, 10, -1, 3, 4, 7, 8, 11, -1, -1, 2, 1, 6, 12, -1, -1, -1, 0, -1, -1, -1, -1, -1, 13, -1, -1, -1, -1, -1, -1, -1, -1, -1, -1, -1, -1, -1, -1, -1, -1, -1, -1, -1, -1, -1, -1, -1, -1, -1, -1, -1]
[-1, -1, -1, -1, -1, -1, -1, -1, -1, -1, -1, -1, -1, 5, 1, -1, -1, -1, 3, 4, 0, -1, -1, -1, -1, 2, 6, -1, -1, 13, 9, 7, -1, -1, -1, -1, 11, 8, -1, -1, -1, -1, 10, -1, -1, -1, -1, -1, 12, -1, -1, -1, -1, -1]
[-1, -1, -1, -1, -1, -1, -1, -1, -1, -1, -1, -1, -1, -1, 1, -1, -1, -1, -1, 3, 0, -1, -1, -1, -1, 5, 2, -1, -1, -1, 7, 4, -1, -1, -1, 12, 9, 6, -1, -1, -1, 11, 8, -1, -1, -1, -1, 13, 10, -1, -1, -1, -1, -1]
[-1, -1, -1, 5, 7, -1, -1, 3, 4, 6, 9, -1, -1, -1, 2, 1, 8, -1, -1, -1, -1, 0, 10, -1, -1, -1, -1, -1, 11, -1, -1, -1, -1, 12, 13, -1, -1, -1, -1, -1, -1, -1, -1, -1, -1, -1, -1, -1, -1, -1, -1, -1, -1, -1]
[-1, -1, -1, -1, -1, -1, -1, -1, -1, -1, -1, -1, -1, -1, 5, 1, -1, -1, -1, 3, 4, 0, -1, -1, -1, -1, 2, 6, -1, -1, 13, 9, 7, -1, -1, -1, -1, 11, 8, -1, -1, -1, -1, 10, -1, -1, -1, -1, -1, 12, -1, -1, -1, -1]
[-1, -1, -1, -1, -1, -1, -1, -1, -1, -1, -1, -1, -1, -1, -1, 1, -1, -1, -1, -1, 3, 0, -1, -1, -1, -1, 5, 2, -1, -1, -1, 7, 4, -1, -1, -1, 12, 9, 6, -1, -1, -1, 11, 8, -1, -1, -1, -1, 13, 10, -1, -1, -1, -1]
[-1, -1, -1, -1, 5, -1, -1, -1, -1, 3, 4, -1, -1, -1, -1, 7, 2, -1, -1, 13, 9, 6, 0, -1, -1, -1, 11, 8, 1, -1, -1, -1, 10, -1, -1, -1, -1, -1, 12, -1, -1, -1, -1, -1, -1, -1, -1, -1, -1, -1, -1, -1, -1, -1]
[-1, -1, -1, -1, -1, -1, -1, -1, -1, -1, -1, -1, -1, -1, -1, 5, 1, -1, -1, -1, 3, 4, 0, -1, -1, -1, -1, 2, 6, -1, -1, 13, 9, 7, -1, -1, -1, -1, 11, 8, -1, -1, -1, -1, 10, -1, -1, -1, -1, -1, 12, -1, -1, -1]
[-1, -1, -1, -1, 9, -1, -1, -1, -1, 7, 8, -1, -1, -1, -1, 5, 6, 1, -1, 13, 3, 4, -1, 0, -1, -1, 11, 2, -1, -1, -1, -1, 10, -1, -1, -1, -1, -1, 12, -1, -1, -1, -1, -1, -1, -1, -1, -1, -1, -1, -1, -1, -1, -1]
[-1, -1, -1, 7, 8, -1, -1, -1, -1, 6, 9, -1, -1, -1, -1, -1, 5, 1, -1, -1, 13, 3, 4, 0, -1, -1, -1, 11, 2, -1, -1, -1, -1, 10, -1, -1, -1, -1, -1, 12, -1, -1, -1, -1, -1, -1, -1, -1, -1, -1, -1, -1, -1, -1]
[-1, 7, 8, -1, -1, 5, 6, 9, -1, -1, -1, 3, 4, 10, 12, -1, -1, 2, 1, 11, -1, -1, -1, -1, 0, 13, -1, -1, -1, -1, -1, -1, -1, -1, -1, -1, -1, -1, -1, -1, -1, -1, -1, -1, -1, -1, -1, -1, -1, -1, -1, -1, -1, -1]
[-1, -1, -1, -1, -1, -1, -1, -1, -1, -1, -1, -1, -1, -1, -1, -1, -1, 1, -1, -1, -1, -1, -1, 3, 0, -1, -1, -1, -1, 2, 7, -1, -1, -1, -1, 4, 6, 9, 13, -1, -1, 5, 8, 12, -1, -1, -1, -1, 10, 11, -1, -1, -1, -1]
[-1, -1, -1, -1, -1, -1, -1, -1, -1, -1, -1, -1, -1, -1, -1, -1, -1, 1, -1, -1, -1, -1, -1, -1, 0, 3, -1, -1, -1, 5, 2, 13, -1, -1, -1, 7, 4, 11, -1, -1, -1, 6, 10, -1, -1, -1, -1, 8, 9, 12, -1, -1, -1, -1]
[-1, -1, 7, -1, -1, -1, 5, 6, 9, 13, -1, -1, 3, 4, 8, 11, -1, -1, 2, 1, 10, -1, -1, -1, -1, 0, 12, -1, -1, -1, -1, -1, -1, -1, -1, -1, -1, -1, -1, -1, -1, -1, -1, -1, -1, -1, -1, -1, -1, -1, -1, -1, -1, -1]
[-1, -1, -1, -1, -1, -1, -1, -1, -1, -1, -1, -1, -1, -1, -1, -1, -1, 5, 1, -1, -1, -1, -1, 3, 4, 0, -1, -1, -1, 2, 6, -1, -1, -1, -1, 9, 7, 13, -1, -1, -1, 8, 12, -1, -1, -1, -1, 10, 11, -1, -1, -1, -1, -1]
[-1, -1, -1, -1, -1, -1, -1, -1, -1, -1, -1, -1, -1, -1, -1, -1, -1, -1, 1, -1, -1, -1, -1, -1, 3, 0, -1, -1, -1, 5, 2, 13, -1, -1, -1, 7, 4, 11, -1, -1, -1, 6, 10, -1, -1, -1, -1, 8, 9, 12, -1, -1, -1, -1]
[-1, -1, -1, 7, -1, -1, -1, 5, 6, 9, 13, -1, -1, 3, 4, 8, 11, -1, -1, 2, 1, 10, -1, -1, -1, -1, 0, 12, -1, -1, -1, -1, -1, -1, -1, -1, -1, -1, -1, -1, -1, -1, -1, -1, -1, -1, -1, -1, -1, -1, -1, -1, -1, -1]
[-1, -1, -1, -1, -1, -1, -1, -1, -1, -1, -1, -1, -1, -1, -1, -1, -1, -1, 5, 1, -1, -1, -1, -1, 3, 4, 0, -1, -1, -1, 2, 6, -1, -1, -1, 12, 9, 7, -1, -1, -1, 11, 8, -1, -1, -1, -1, 13, 10, -1, -1, -1, -1, -1]
[-1, -1, -1, -1, -1, -1, -1, -1, -1, -1, -1, -1, -1, -1, -1, -1, -1, -1, -1, 1, -1, -1, -1, 12, 13, 3, 0, -1, -1, 11, 5, 2, -1, -1, -1, 10, 7, 4, -1, -1, -1, 9, 6, -1, -1, -1, -1, -1, 8, -1, -1, -1, -1, -1]
[-1, -1, -1, 7, 8, -1, -1, -1, 5, 6, 9, -1, -1, -1, 3, 4, 10, -1, -1, -1, 2, 1, 11, -1, -1, -1, -1, 0, 12, -1, -1, -1, -1, 13, -1, -1, -1, -1, -1, -1, -1, -1, -1, -1, -1, -1, -1, -1, -1, -1, -1, -1, -1, -1]
[-1, -1, -1, -1, -1, -1, -1, -1, -1, -1, -1, -1, -1, -1, -1, -1, -1, -1, -1, 5, 1, -1, -1, -1, -1, 3, 4, 0, -1, -1, -1, 2, 6, -1, -1, -1, 12, 9, 7, -1, -1, -1, 11, 8, -1, -1, -1, -1, 13, 10, -1, -1, -1, -1]
[-1, -1, -1, -1, -1, -1, -1, -1, -1, -1, -1, -1, -1, -1, -1, -1, -1, -1, -1, -1, 1, -1, -1, 13, -1, -1, 3, 0, -1, 11, 12, 5, 2, -1, -1, -1, 10, 7, 4, -1, -1, -1, 9, 6, -1, -1, -1, -1, -1, 8, -1, -1, -1, -1]
[-1, -1, -1, -1, 7, -1, -1, -1, -1, 5, 6, -1, -1, -1, -1, 3, 4, -1, -1, -1, -1, 2, 1, -1, -1, -1, 13, 9, 0, -1, -1, -1, 11, 8, -1, -1, -1, -1, -1, 10, -1, -1, -1, -1, 12, -1, -1, -1, -1, -1, -1, -1, -1, -1]
[-1, -1, -1, -1, -1, -1, -1, -1, -1, -1, -1, -1, -1, -1, -1, -1, -1, -1, -1, -1, 5, 1, -1, -1, -1, -1, 3, 4, 0, -1, -1, -1, 2, 6, -1, -1, -1, 12, 9, 7, -1, -1, -1, 11, 8, -1, -1, -1, -1, 13, 10, -1, -1, -1]
[-1, -1, -1, -1, -1, -1, -1, -1, -1, -1, -1, -1, -1, -1, -1, -1, -1, -1, -1, -1, -1, 1, -1, -1, 13, -1, -1, 3, 0, -1, 11, 12, 5, 2, -1, -1, -1, 10, 7, 4, -1, -1, -1, 9, 6, -1, -1, -1, -1, -1, 8, -1, -1, -1]
[-1, -1, -1, 9, 10, -1, -1, -1, -1, 8, 11, -1, -1, -1, -1, -1, 7, -1, -1, -1, -1, 5, 6, 1, -1, -1, -1, 3, 4, 0, -1, -1, 13, 2, -1, -1, -1, -1, -1, 12, -1, -1, -1, -1, -1, -1, -1, -1, -1, -1, -1, -1, -1, -1]
[-1, -1, 9, 13, -1, -1, 7, 8, 11, -1, -1, -1, 5, 6, 10, -1, -1, 3, 4, 12, -1, -1, -1, -1, 2, 1, -1, -1, -1, -1, 0, -1, -1, -1, -1, -1, -1, -1, -1, -1, -1, -1, -1, -1, -1, -1, -1, -1, -1, -1, -1, -1, -1, -1]
[-1, -1, -1, -1, -1, -1, -1, -1, -1, -1, -1, -1, -1, -1, -1, -1, -1, -1, -1, -1, -1, -1, -1, -1, 1, -1, -1, -1, -1, 3, 0, -1, -1, -1, -1, 5, 2, 9, 12, -1, -1, 4, 8, 11, -1, -1, -1, 6, 7, 10, 13, -1, -1, -1]
[-1, -1, -1, 9, 13, -1, -1, 7, 8, 11, -1, -1, -1, 5, 6, 10, -1, -1, 3, 4, 12, -1, -1, -1, -1, 2, 1, -1, -1, -1, -1, 0, -1, -1, -1, -1, -1, -1, -1, -1, -1, -1, -1, -1, -1, -1, -1, -1, -1, -1, -1, -1, -1, -1]
[-1, -1, -1, -1, -1, -1, -1, -1, -1, -1, -1, -1, -1, -1, -1, -1, -1, -1, -1, -1, -1, -1, -1, -1, 5, 1, -1, -1, -1, 3, 4, 0, -1, -1, -1, 10, 2, 6, 13, -1, -1, 9, 7, 12, -1, -1, -1, -1, 8, 11, -1, -1, -1, -1]
[-1, -1, -1, -1, -1, -1, -1, -1, -1, -1, -1, 12, 13, -1, -1, -1, -1, 11, -1, -1, -1, -1, -1, 10, -1, 1, -1, -1, -1, 9, 3, 0, -1, -1, -1, 8, 5, 2, -1, -1, -1, 7, 4, -1, -1, -1, -1, -1, 6, -1, -1, -1, -1, -1]
[-1, -1, -1, 9, 10, -1, -1, -1, 7, 8, 11, -1, -1, -1, 5, 6, 12, -1, -1, 3, 4, -1, -1, -1, -1, -1, 2, 1, -1, -1, -1, -1, 0, -1, -1, -1, -1, -1, 13, -1, -1, -1, -1, -1, -1, -1, -1, -1, -1, -1, -1, -1, -1, -1]
[-1, -1, -1, -1, -1, -1, -1, -1, -1, -1, -1, -1, -1, -1, -1, -1, -1, -1, -1, -1, -1, -1, -1, 13, -1, 5, 1, -1, -1, 11, 3, 4, 0, -1, -1, -1, 10, 2, 6, -1, -1, 12, 9, 7, -1, -1, -1, -1, -1, 8, -1, -1, -1, -1]
[-1, -1, -1, -1, -1, -1, -1, -1, -1, -1, -1, -1, -1, -1, -1, -1, -1, 13, -1, -1, -1, -1, -1, -1, 11, 12, 1, -1, -1, 9, 10, 3, 0, -1, -1, -1, 8, 5, 2, -1, -1, -1, 7, 4, -1, -1, -1, -1, -1, 6, -1, -1, -1, -1]
[-1, -1, -1, -1, 9, -1, -1, -1, -1, 7, 8, -1, -1, -1, -1, 5, 6, -1, -1, -1, 3, 4, -1, -1, -1, -1, 13, 2, 1, -1, -1, -1, 11, 0, -1, -1, -1, -1, -1, 10, -1, -1, -1, -1, 12, -1, -1, -1, -1, -1, -1, -1, -1, -1]
[-1, -1, -1, -1, -1, -1, -1, -1, -1, -1, -1, -1, -1, -1, -1, -1, -1, -1, -1, -1, -1, -1, -1, -1, 13, -1, 5, 1, -1, -1, 11, 3, 4, 0, -1, -1, -1, 10, 2, 6, -1, -1, 12, 9, 7, -1, -1, -1, -1, -1, 8, -1, -1, -1]
[-1, -1, -1, -1, -1, -1, -1, -1, -1, -1, -1, -1, -1, -1, -1, -1, -1, -1, 13, -1, -1, -1, -1, -1, -1, 11, 12, 1, -1, -1, 9, 10, 3, 0, -1, -1, -1, 8, 5, 2, -1, -1, -1, 7, 4, -1, -1, -1, -1, -1, 6, -1, -1, -1]
[-1, -1, -1, 7, 8, -1, -1, -1, -1, 6, 9, -1, -1, -1, -1, -1, 5, -1, -1, -1, 13, 3, 4, -1, -1, -1, -1, 11, 2, -1, -1, -1, -1, 10, 0, -1, -1, -1, -1, 12, 1, -1, -1, -1, -1, -1, -1, -1, -1, -1, -1, -1, -1, -1]
[-1, -1, -1, 11, 12, -1, -1, -1, 13, 10, -1, -1, -1, -1, -1, -1, 9, -1, -1, -1, -1, 7, 8, -1, -1, -1, -1, 5, 6, 1, -1, -1, 3, 4, -1, 0, -1, -1, -1, 2, -1, -1, -1, -1, -1, -1, -1, -1, -1, -1, -1, -1, -1, -1]
[-1, -1, -1, -1, 11, -1, -1, -1, -1, 9, 10, -1, -1, -1, -1, 7, 8, -1, -1, -1, -1, 6, -1, -1, -1, -1, -1, -1, 5, 1, -1, -1, -1, 3, 4, 0, -1, -1, -1, 13, 2, -1, -1, -1, -1, 12, -1, -1, -1, -1, -1, -1, -1, -1]
[-1, -1, 11, -1, -1, -1, 9, 10, -1, -1, -1, -1, 7, 8, 12, -1, -1, 5, 6, -1, -1, -1, -1, 3, 4, -1, -1, -1, -1, 2, 1, -1, -1, -1, -1, -1, 0, -1, -1, -1, -1, 13, -1, -1, -1, -1, -1, -1, -1, -1, -1, -1, -1, -1]
[-1, -1, -1, -1, -1, -1, -1, -1, -1, -1, -1, -1, -1, -1, -1, -1, -1, -1, -1, -1, -1, -1, -1, -1, -1, 13, -1, -1, -1, 1, -1, 11, 12, -1, -1, 3, 0, 7, 10, -1, -1, 2, 6, 9, -1, -1, -1, 4, 5, 8, -1, -1, -1, -1]
[-1, -1, -1, -1, -1, -1, -1, -1, -1, -1, -1, -1, -1, -1, -1, -1, -1, -1, -1, -1, -1, -1, -1, -1, -1, -1, -1, -1, -1, 1, -1, -1, -1, -1, -1, 6, 0, 3, 9, 12, -1, 5, 2, 8, 11, -1, -1, -1, 4, 7, 10, 13, -1, -1]
[-1, -1, -1, 11, -1, -1, -1, 9, 10, 13, -1, -1, -1, 7, 8, 12, -1, -1, 5, 6, -1, -1, -1, -1, 3, 4, -1, -1, -1, -1, 2, 1, -1, -1, -1, -1, -1, 0, -1, -1, -1, -1, -1, -1, -1, -1, -1, -1, -1, -1, -1, -1, -1, -1]
[-1, -1, -1, -1, -1, -1, -1, -1, -1, -1, -1, -1, -1, -1, -1, -1, -1, -1, -1, -1, -1, -1, -1, -1, -1, 13, -1, -1, -1, 5, 1, 11, 12, -1, -1, 3, 4, 0, 10, -1, -1, 2, 6, 9, -1, -1, -1, -1, 7, 8, -1, -1, -1, -1]
[12, 13, -1, -1, -1, 11, -1, -1, -1, -1, -1, 10, -1, -1, -1, -1, -1, 9, -1, -1, -1, -1, -1, 8, -1, -1, -1, -1, -1, 7, 1, -1, -1, -1, -1, 6, 3, 0, -1, -1, -1, 5, 2, -1, -1, -1, -1, -1, 4, -1, -1, -1, -1, -1]
[-1, -1, -1, 11, 12, -1, -1, -1, 9, 10, -1, -1, -1, -1, 7, 8, -1, -1, -1, 5, 6, -1, -1, -1, -1, 3, 4, -1, -1, -1, -1, 2, 1, -1, -1, -1, -1, -1, 0, -1, -1, -1, -1, 13, -1, -1, -1, -1, -1, -1, -1, -1, -1, -1]
[-1, -1, -1, -1, -1, -1, -1, -1, -1, -1, -1, -1, -1, -1, -1, -1, -1, -1, -1, -1, -1, -1, -1, -1, -1, -1, 13, -1, -1, -1, 5, 1, 11, 12, -1, -1, 3, 4, 0, 10, -1, -1, 2, 6, 9, -1, -1, -1, -1, 7, 8, -1, -1, -1]
[-1, -1, -1, -1, -1, -1, -1, -1, -1, -1, -1, -1, 13, -1, -1, -1, -1, -1, 11, 12, -1, -1, -1, -1, 9, 10, -1, -1, -1, 7, 8, 1, -1, -1, -1, -1, 6, 3, 0, -1, -1, -1, 5, 2, -1, -1, -1, -1, -1, 4, -1, -1, -1, -1]
[-1, -1, -1, -1, 11, -1, -1, -1, -1, 9, 10, -1, -1, -1, -1, 7, 8, -1, -1, -1, 5, 6, -1, -1, -1, -1, 3, 4, -1, -1, -1, -1, 2, 1, -1, -1, -1, -1, 13, 0, -1, -1, -1, -1, 12, -1, -1, -1, -1, -1, -1, -1, -1, -1]
[-1, -1, -1, -1, -1, -1, -1, -1, -1, -1, -1, -1, -1, -1, -1, -1, -1, -1, -1, -1, -1, -1, -1, -1, -1, -1, -1, 13, -1, -1, -1, 5, 1, 11, 12, -1, -1, 3, 4, 0, 10, -1, -1, 2, 6, 9, -1, -1, -1, -1, 7, 8, -1, -1]
[-1, -1, -1, -1, -1, -1, -1, -1, -1, -1, -1, -1, -1, 13, -1, -1, -1, -1, -1, 11, 12, -1, -1, -1, -1, 9, 10, -1, -1, -1, 7, 8, 1, -1, -1, -1, -1, 6, 3, 0, -1, -1, -1, 5, 2, -1, -1, -1, -1, -1, 4, -1, -1, -1]
[-1, -1, -1, 9, 10, -1, -1, -1, -1, 8, 11, -1, -1, -1, -1, -1, 7, -1, -1, -1, -1, 5, 6, -1, -1, -1, -1, 3, 4, -1, -1, -1, -1, 2, 1, -1, -1, -1, -1, 13, 0, -1, -1, -1, -1, 12, -1, -1, -1, -1, -1, -1, -1, -1]
[-1, -1, -1, -1, -1, -1, -1, -1, -1, -1, -1, -1, -1, -1, -1, -1, -1, -1, -1, -1, -1, -1, -1, -1, 13, -1, -1, -1, -1, -1, 11, 12, 5, 1, -1, -1, -1, 10, 3, 4, 0, -1, -1, 9, 2, 6, -1, -1, -1, -1, 8, 7, -1, -1]
[-1, -1, -1, -1, -1, -1, -1, -1, -1, -1, -1, -1, -1, -1, 13, -1, -1, -1, -1, -1, 11, 12, -1, -1, -1, -1, 9, 10, -1, -1, -1, 7, 8, 1, -1, -1, -1, -1, 6, 3, 0, -1, -1, -1, 5, 2, -1, -1, -1, -1, -1, 4, -1, -1]
[-1, -1, -1, 13, -1, -1, -1, -1, -1, 11, 12, -1, -1, -1, -1, 9, 10, -1, -1, -1, -1, 8, -1, -1, -1, -1, -1, -1, 7, -1, -1, -1, -1, 5, 6, 1, -1, -1, -1, 3, 4, 0, -1, -1, -1, 2, -1, -1, -1, -1, -1, -1, -1, -1]
[-1, -1, 13, -1, -1, -1, -1, 11, 12, -1, -1, -1, -1, 9, 10, -1, -1, -1, 7, 8, -1, -1, -1, -1, 5, 6, -1, -1, -1, 3, 4, -1, -1, -1, -1, -1, 2, 1, -1, -1, -1, -1, 0, -1, -1, -1, -1, -1, -1, -1, -1, -1, -1, -1]
[-1, -1, -1, 13, -1, -1, -1, -1, 11, 12, -1, -1, -1, -1, 9, 10, -1, -1, -1, 7, 8, -1, -1, -1, -1, 5, 6, -1, -1, -1, 3, 4, -1, -1, -1, -1, -1, 2, 1, -1, -1, -1, -1, 0, -1, -1, -1, -1, -1, -1, -1, -1, -1, -1]
[-1, -1, -1, 13, -1, -1, -1, -1, -1, 11, 12, -1, -1, -1, -1, 9, 10, -1, -1, -1, 7, 8, -1, -1, -1, -1, 5, 6, -1, -1, -1, 3, 4, -1, -1, -1, -1, -1, 2, 1, -1, -1, -1, -1, 0, -1, -1, -1, -1, -1, -1, -1, -1, -1]
[-1, -1, -1, 11, 12, -1, -1, -1, 13, 10, -1, -1, -1, -1, -1, -1, 9, -1, -1, -1, -1, 7, 8, -1, -1, -1, -1, 5, 6, -1, -1, -1, 3, 4, -1, -1, -1, -1, -1, 2, 1, -1, -1, -1, -1, 0, -1, -1, -1, -1, -1, -1, -1, -1]
[-1, -1, -1, -1, -1, -1, -1, -1, -1, -1, -1, -1, -1, -1, -1, -1, -1, -1, -1, 13, -1, -1, -1, -1, -1, -1, 11, 12, -1, -1, -1, 9, 10, 1, 3, -1, -1, -1, 8, 5, 2, -1, -1, -1, 7, 4, 0, -1, -1, -1, -1, 6, -1, -1]
[-1, -1, -1, -1, -1, -1, -1, 13, -1, -1, -1, -1, -1, -1, 11, 12, -1, -1, -1, 9, 10, -1, -1, -1, -1, 7, 8, -1, -1, -1, 5, 6, -1, -1, -1, -1, 3, 4, -1, -1, -1, 1, 2, -1, -1, -1, -1, -1, 0, -1, -1, -1, -1, -1]
[-1, -1, -1, -1, -1, -1, 13, -1, -1, -1, -1, -1, -1, 11, 12, -1, -1, -1, 9, 10, -1, -1, -1, -1, 7, 8, -1, -1, -1, 5, 6, -1, -1, -1, -1, 3, 4, -1, -1, -1, -1, 2, 1, -1, -1, -1, -1, -1, -1, 0, -1, -1, -1, -1]
[-1, -1, -1, -1, -1, -1, -1, 13, -1, -1, -1, -1, -1, -1, 11, 12, -1, -1, -1, 9, 10, -1, -1, -1, -1, 7, 8, -1, -1, -1, 5, 6, -1, -1, -1, -1, 3, 4, -1, -1, -1, -1, 2, 1, -1, -1, -1, -1, -1, 0, -1, -1, -1, -1]
[-1, -1, -1, -1, -1, -1, -1, 13, -1, -1, -1, -1, -1, -1, 11, 12, -1, -1, -1, 9, 10, -1, -1, -1, -1, 7, 8, -1, -1, -1, 5, 6, -1, -1, -1, -1, 3, 4, -1, -1, -1, -1, 2, 1, -1, -1, -1, -1, -1, -1, 0, -1, -1, -1]
[-1, -1, -1, -1, -1, -1, -1, -1, 13, -1, -1, -1, -1, -1, -1, 11, 12, -1, -1, -1, 9, 10, -1, -1, -1, -1, 7, 8, -1, -1, -1, 5, 6, -1, -1, -1, -1, 3, 4, -1, -1, -1, -1, 2, 1, -1, -1, -1, -1, -1, 0, -1, -1, -1]
[-1, -1, -1, -1, -1, -1, -1, -1, 13, -1, -1, -1, -1, -1, -1, 11, 12, -1, -1, -1, 9, 10, -1, -1, -1, -1, 7, 8, -1, -1, -1, 5, 6, -1, -1, -1, -1, 3, 4, -1, -1, -1, -1, 2, 1, -1, -1, -1, -1, -1, -1, 0, -1, -1]
[-1, -1, -1, -1, -1, -1, -1, -1, -1, 12, 13, -1, -1, -1, -1, -1, 11, -1, -1, -1, -1, 9, 10, -1, -1, -1, -1, 7, 8, -1, -1, -1, 5, 6, -1, -1, -1, -1, 3, 4, -1, -1, -1, -1, 2, 1, -1, -1, -1, -1, -1, 0, -1, -1]
[-1, -1, -1, -1, -1, -1, -1, -1, -1, 12, 13, -1, -1, -1, -1, -1, 11, -1, -1, -1, -1, 9, 10, -1, -1, -1, -1, 7, 8, -1, -1, -1, 5, 6, -1, -1, -1, -1, 3, 4, -1, -1, -1, -1, 2, 1, -1, -1, -1, -1, -1, -1, 0, -1]
[-1, -1, -1, 13, -1, -1, -1, -1, -1, 11, 12, -1, -1, -1, -1, 9, 10, -1, -1, -1, -1, 8, -1, -1, -1, -1, -1, -1, 7, -1, -1, -1, -1, 5, 6, -1, -1, -1, -1, 3, 4, -1, -1, -1, -1, 2, 1, -1, -1, -1, -1, -1, 0, -1]
