[5, 3, 1, -1, -1, 4, 2, 0, -1, -1, -1, 6, 8, -1, -1, -1, -1, 7, -1, -1, -1, -1, -1, 9, 11, -1, -1, -1, -1, 10, 15, -1, -1, -1, -1, 12, 14, -1, -1, -1, -1, 13, -1, -1, -1, -1, -1, -1, -1, -1, -1, -1, -1, -1]
[1, 2, 4, -1, -1, 0, 3, 5, -1, -1, -1, 11, 8, 6, -1, -1, -1, 10, 7, -1, -1, -1, -1, 12, 9, -1, -1, -1, -1, 13, -1, -1, -1, -1, -1, 14, -1, -1, -1, -1, -1, 15, -1, -1, -1, -1, -1, -1, -1, -1, -1, -1, -1, -1]
[3, 1, 4, -1, -1, 2, 0, 5, -1, -1, -1, 11, 8, 6, -1, -1, -1, 10, 7, -1, -1, -1, -1, 12, 9, -1, -1, -1, -1, 13, -1, -1, -1, -1, -1, 14, -1, -1, -1, -1, -1, 15, -1, -1, -1, -1, -1, -1, -1, -1, -1, -1, -1, -1]
[5, 3, 1, -1, -1, 4, 2, 0, -1, -1, -1, 6, 8, -1, -1, -1, -1, 7, -1, -1, -1, -1, -1, 9, 11, -1, -1, -1, -1, 10, 15, -1, -1, -1, -1, 12, 14, -1, -1, -1, -1, 13, -1, -1, -1, -1, -1, -1, -1, -1, -1, -1, -1, -1]
[-1, 15, 11, 1, 3, -1, 14, 10, 0, 2, 4, -1, -1, 12, 9, 7, 5, -1, -1, -1, 8, 6, -1, -1, -1, -1, -1, 13, -1, -1, -1, -1, -1, -1, -1, -1, -1, -1, -1, -1, -1, -1, -1, -1, -1, -1, -1, -1, -1, -1, -1, -1, -1, -1]
[11, 8, 5, 1, -1, 10, 7, 4, 2, 0, -1, 12, 9, 6, 3, -1, -1, 14, -1, 13, -1, -1, -1, 15, -1, -1, -1, -1, -1, -1, -1, -1, -1, -1, -1, -1, -1, -1, -1, -1, -1, -1, -1, -1, -1, -1, -1, -1, -1, -1, -1, -1, -1, -1]
[2, 3, 5, 10, 12, 1, 4, 7, 9, 11, 14, -1, 0, 6, 8, -1, 15, -1, -1, 13, -1, -1, -1, -1, -1, -1, -1, -1, -1, -1, -1, -1, -1, -1, -1, -1, -1, -1, -1, -1, -1, -1, -1, -1, -1, -1, -1, -1, -1, -1, -1, -1, -1, -1]
[-1, 2, 3, 7, 9, -1, 1, 4, 6, 8, 10, -1, -1, 0, 5, 13, 11, -1, -1, -1, 15, 12, -1, -1, -1, -1, -1, 14, -1, -1, -1, -1, -1, -1, -1, -1, -1, -1, -1, -1, -1, -1, -1, -1, -1, -1, -1, -1, -1, -1, -1, -1, -1, -1]
[8, 5, 2, -1, -1, 7, 4, 1, -1, -1, -1, 9, 6, 3, 0, -1, -1, 10, -1, -1, -1, -1, -1, 11, 13, -1, -1, -1, -1, 12, -1, -1, -1, -1, -1, 14, -1, -1, -1, -1, -1, 15, -1, -1, -1, -1, -1, -1, -1, -1, -1, -1, -1, -1]
[11, 8, 5, 2, -1, 10, 7, 4, 1, 13, -1, 12, 9, 6, 3, 0, -1, 14, -1, -1, -1, -1, -1, 15, -1, -1, -1, -1, -1, -1, -1, -1, -1, -1, -1, -1, -1, -1, -1, -1, -1, -1, -1, -1, -1, -1, -1, -1, -1, -1, -1, -1, -1, -1]
[15, 12, 10, 2, 3, 14, 11, 9, 7, 1, 4, -1, -1, -1, 8, 6, 0, -1, -1, -1, -1, 5, -1, -1, -1, -1, -1, 13, -1, -1, -1, -1, -1, -1, -1, -1, -1, -1, -1, -1, -1, -1, -1, -1, -1, -1, -1, -1, -1, -1, -1, -1, -1, -1]
[3, -1, -1, -1, -1, 2, 5, 8, 11, -1, -1, 1, 4, 7, 10, 13, -1, 0, 6, 9, 12, -1, -1, -1, -1, -1, 14, -1, -1, -1, -1, 15, -1, -1, -1, -1, -1, -1, -1, -1, -1, -1, -1, -1, -1, -1, -1, -1, -1, -1, -1, -1, -1, -1]
[-1, 4, 7, -1, -1, 2, 3, 6, -1, -1, -1, 10, 1, 5, -1, -1, -1, 9, 0, -1, -1, -1, -1, 12, 8, -1, -1, -1, -1, 11, -1, -1, -1, -1, -1, 13, 15, -1, -1, -1, -1, 14, -1, -1, -1, -1, -1, -1, -1, -1, -1, -1, -1, -1]
[-1, -1, 4, 7, 9, -1, 2, 3, 6, 8, 10, -1, -1, 1, 5, 13, 11, -1, -1, 0, 15, 12, -1, -1, -1, -1, -1, 14, -1, -1, -1, -1, -1, -1, -1, -1, -1, -1, -1, -1, -1, -1, -1, -1, -1, -1, -1, -1, -1, -1, -1, -1, -1, -1]
[-1, -1, -1, 4, 6, -1, -1, 2, 3, 5, 7, -1, -1, -1, 1, 10, 8, -1, -1, -1, 0, 9, -1, -1, -1, -1, 13, 11, -1, -1, -1, 15, 12, -1, -1, -1, -1, -1, 14, -1, -1, -1, -1, -1, -1, -1, -1, -1, -1, -1, -1, -1, -1, -1]
[-1, -1, -1, 4, 7, -1, 15, 11, 2, 3, 6, -1, -1, 14, 10, 1, 5, -1, -1, 12, 9, 0, -1, -1, -1, -1, -1, 8, -1, -1, -1, -1, 13, -1, -1, -1, -1, -1, -1, -1, -1, -1, -1, -1, -1, -1, -1, -1, -1, -1, -1, -1, -1, -1]
[5, 6, 8, 14, -1, 4, 7, 10, 12, 15, -1, 2, 3, 9, 11, -1, -1, 1, 13, -1, -1, -1, -1, -1, 0, -1, -1, -1, -1, -1, -1, -1, -1, -1, -1, -1, -1, -1, -1, -1, -1, -1, -1, -1, -1, -1, -1, -1, -1, -1, -1, -1, -1, -1]
[-1, 5, 6, 10, 12, -1, 4, 7, 9, 11, 14, -1, 2, 3, 8, -1, 15, -1, 1, 13, -1, -1, -1, -1, -1, 0, -1, -1, -1, -1, -1, -1, -1, -1, -1, -1, -1, -1, -1, -1, -1, -1, -1, -1, -1, -1, -1, -1, -1, -1, -1, -1, -1, -1]
[9, 7, 5, -1, -1, 8, 6, 4, -1, -1, -1, -1, -1, 2, 3, 11, -1, -1, -1, 1, 10, 13, -1, -1, -1, -1, 0, 12, -1, -1, -1, -1, 14, -1, -1, -1, -1, -1, 15, -1, -1, -1, -1, -1, -1, -1, -1, -1, -1, -1, -1, -1, -1, -1]
[-1, -1, -1, 5, 7, -1, -1, -1, 4, 6, 8, -1, -1, -1, 2, 3, 9, -1, -1, -1, 1, 10, 12, -1, -1, -1, -1, 0, 11, -1, -1, -1, 15, 13, -1, -1, -1, -1, -1, 14, -1, -1, -1, -1, -1, -1, -1, -1, -1, -1, -1, -1, -1, -1]
[-1, -1, -1, 5, 6, -1, -1, -1, -1, 4, 7, -1, -1, -1, -1, 2, 3, -1, -1, 15, 11, 1, 8, -1, -1, -1, 14, 10, 0, -1, -1, -1, 12, 9, -1, -1, -1, -1, -1, 13, -1, -1, -1, -1, -1, -1, -1, -1, -1, -1, -1, -1, -1, -1]
[5, 6, 8, -1, -1, 4, 7, -1, -1, -1, -1, 3, 9, 11, -1, -1, -1, 2, 10, -1, -1, -1, -1, 1, 12, 15, -1, -1, -1, 0, 14, -1, -1, -1, -1, 13, -1, -1, -1, -1, -1, -1, -1, -1, -1, -1, -1, -1, -1, -1, -1, -1, -1, -1]
[-1, 7, 12, -1, -1, 5, 6, 11, -1, -1, -1, -1, 4, 10, -1, -1, -1, 2, 3, 9, -1, -1, -1, 15, 1, 8, -1, -1, -1, 14, 0, -1, -1, -1, -1, -1, 13, -1, -1, -1, -1, -1, -1, -1, -1, -1, -1, -1, -1, -1, -1, -1, -1, -1]
[-1, -1, 7, 12, 15, -1, 5, 6, 11, 14, -1, -1, -1, 4, 10, -1, -1, -1, 2, 3, 9, -1, -1, -1, -1, 1, 8, -1, -1, -1, -1, 0, -1, -1, -1, -1, -1, 13, -1, -1, -1, -1, -1, -1, -1, -1, -1, -1, -1, -1, -1, -1, -1, -1]
[-1, -1, -1, 7, 9, -1, -1, 5, 6, 8, 10, -1, -1, -1, 4, 14, 11, -1, -1, 2, 3, 12, -1, -1, -1, -1, 1, 13, -1, -1, -1, -1, 0, -1, -1, -1, -1, -1, 15, -1, -1, -1, -1, -1, -1, -1, -1, -1, -1, -1, -1, -1, -1, -1]
[-1, -1, -1, 7, 12, -1, -1, -1, 5, 6, 11, -1, -1, -1, -1, 4, 10, -1, -1, -1, 2, 3, 9, -1, -1, -1, 15, 1, 8, -1, -1, -1, 14, 0, -1, -1, -1, -1, -1, 13, -1, -1, -1, -1, -1, -1, -1, -1, -1, -1, -1, -1, -1, -1]
[8, 9, 11, -1, -1, 7, 10, 14, -1, -1, -1, 5, 6, 12, 15, -1, -1, 4, -1, -1, -1, -1, -1, 2, 3, -1, -1, -1, -1, 1, 13, -1, -1, -1, -1, -1, 0, -1, -1, -1, -1, -1, -1, -1, -1, -1, -1, -1, -1, -1, -1, -1, -1, -1]
[-1, 8, 9, 14, -1, -1, 7, 10, 12, 15, -1, -1, 5, 6, 11, -1, -1, -1, 4, -1, -1, -1, -1, -1, 2, 3, -1, -1, -1, -1, 1, 13, -1, -1, -1, -1, -1, 0, -1, -1, -1, -1, -1, -1, -1, -1, -1, -1, -1, -1, -1, -1, -1, -1]
[12, 10, 8, -1, -1, 11, 9, 7, -1, -1, -1, -1, -1, 5, 6, -1, -1, -1, -1, 4, -1, -1, -1, -1, -1, 2, 3, -1, -1, -1, -1, 1, 13, -1, -1, -1, -1, 15, 0, -1, -1, -1, -1, 14, -1, -1, -1, -1, -1, -1, -1, -1, -1, -1]
[-1, -1, -1, 8, 10, -1, -1, -1, 7, 9, 11, -1, -1, -1, 5, 6, 12, -1, -1, -1, 4, 14, -1, -1, -1, -1, 2, 3, 15, -1, -1, -1, 1, 13, -1, -1, -1, -1, -1, 0, -1, -1, -1, -1, -1, -1, -1, -1, -1, -1, -1, -1, -1, -1]
[-1, -1, -1, 8, 9, -1, -1, -1, -1, 7, 10, -1, -1, -1, -1, 5, 6, -1, -1, -1, -1, 4, -1, -1, -1, -1, -1, 2, 3, -1, -1, -1, -1, 1, 11, -1, -1, -1, -1, 13, 0, -1, -1, -1, 15, 12, -1, -1, -1, -1, -1, 14, -1, -1]
[8, 9, 11, -1, -1, 7, 10, 14, -1, -1, -1, 5, 6, 12, 15, -1, -1, 4, -1, -1, -1, -1, -1, 3, -1, -1, -1, -1, -1, 2, -1, -1, -1, -1, -1, 1, 13, -1, -1, -1, -1, 0, -1, -1, -1, -1, -1, -1, -1, -1, -1, -1, -1, -1]
[-1, 10, -1, -1, -1, 8, 9, -1, -1, -1, -1, -1, 7, -1, -1, -1, -1, 5, 6, 15, -1, -1, -1, -1, 4, 14, -1, -1, -1, 2, 3, 12, -1, -1, -1, -1, 1, 11, -1, -1, -1, -1, 0, -1, -1, -1, -1, -1, 13, -1, -1, -1, -1, -1]
[-1, -1, 10, -1, -1, -1, 8, 9, -1, -1, -1, -1, -1, 7, -1, -1, -1, -1, 5, 6, 15, -1, -1, -1, -1, 4, 14, -1, -1, -1, 2, 3, 12, -1, -1, -1, -1, 1, 11, -1, -1, -1, -1, 0, -1, -1, -1, -1, -1, 13, -1, -1, -1, -1]
[-1, -1, -1, 10, 12, -1, -1, 8, 9, 11, 14, -1, -1, -1, 7, -1, 15, -1, -1, 5, 6, -1, -1, -1, -1, -1, 4, -1, -1, -1, -1, 2, 3, -1, -1, -1, -1, -1, 1, 13, -1, -1, -1, -1, 0, -1, -1, -1, -1, -1, -1, -1, -1, -1]
[-1, -1, -1, 10, -1, -1, -1, -1, 8, 9, -1, -1, -1, -1, -1, 7, -1, -1, -1, -1, 5, 6, 15, -1, -1, -1, -1, 4, 14, -1, -1, -1, 2, 3, 12, -1, -1, -1, -1, 1, 11, -1, -1, -1, -1, 0, -1, -1, -1, -1, -1, 13, -1, -1]
