[-1, -1, 1, -1, -1, -1, 2, 0, 8, -1, -1, -1, 5, 3, 7, -1, -1, -1, 4, 6, 14, -1, -1, -1, 11, 9, 13, -1, -1, -1, 10, 12, -1, -1, -1, -1, -1, 15, -1, -1, -1, -1, -1, -1, -1, -1, -1, -1, -1, -1, -1, -1, -1, -1]
[2, 0, 4, -1, -1, 1, 3, 5, 11, -1, -1, -1, 8, 6, 10, -1, -1, -1, 7, 9, -1, -1, -1, -1, 14, 12, -1, -1, -1, -1, 13, 15, -1, -1, -1, -1, -1, -1, -1, -1, -1, -1, -1, -1, -1, -1, -1, -1, -1, -1, -1, -1, -1, -1]
[13, 2, 0, -1, -1, 12, 1, 3, -1, -1, -1, 9, 6, 4, -1, -1, -1, 8, 5, -1, -1, -1, -1, 11, 7, -1, -1, -1, -1, 10, -1, -1, -1, -1, -1, 14, -1, -1, -1, -1, -1, 15, -1, -1, -1, -1, -1, -1, -1, -1, -1, -1, -1, -1]
[-1, -1, -1, 0, -1, 14, 6, 3, 1, -1, -1, 13, 9, 5, 2, -1, -1, 12, 8, 4, -1, -1, -1, -1, 11, 7, -1, -1, -1, -1, 10, -1, -1, -1, -1, -1, 15, -1, -1, -1, -1, -1, -1, -1, -1, -1, -1, -1, -1, -1, -1, -1, -1, -1]
[-1, -1, -1, 2, 0, -1, 14, -1, -1, 1, 3, -1, -1, 13, 9, 6, 4, -1, -1, 12, 8, 5, -1, -1, -1, -1, 11, 7, -1, -1, -1, -1, 10, -1, -1, -1, -1, -1, 15, -1, -1, -1, -1, -1, -1, -1, -1, -1, -1, -1, -1, -1, -1, -1]
[1, 2, -1, -1, -1, 0, 6, -1, -1, -1, -1, 3, 5, -1, -1, -1, -1, 4, -1, -1, -1, -1, -1, 7, 9, 14, -1, -1, -1, 8, 13, -1, -1, -1, -1, 10, 12, -1, -1, -1, -1, 11, -1, -1, -1, -1, -1, 15, -1, -1, -1, -1, -1, -1]
[-1, 1, 3, -1, -1, 2, 0, -1, -1, -1, -1, 6, 4, -1, -1, -1, -1, 5, -1, -1, -1, -1, -1, 7, 9, 14, -1, -1, -1, 8, 13, -1, -1, -1, -1, 10, 12, -1, -1, -1, -1, 11, -1, -1, -1, -1, -1, 15, -1, -1, -1, -1, -1, -1]
[-1, -1, 1, -1, -1, -1, 2, 0, 8, -1, -1, -1, 5, 3, 7, -1, -1, -1, 4, 6, 14, -1, -1, -1, 11, 9, 13, -1, -1, -1, 10, 12, -1, -1, -1, -1, -1, 15, -1, -1, -1, -1, -1, -1, -1, -1, -1, -1, -1, -1, -1, -1, -1, -1]
[-1, -1, -1, 1, 3, 14, -1, -1, 0, 2, -1, -1, 13, 9, 6, 4, -1, -1, 12, 8, 5, -1, -1, -1, -1, 11, 7, -1, -1, -1, -1, 10, -1, -1, -1, -1, -1, 15, -1, -1, -1, -1, -1, -1, -1, -1, -1, -1, -1, -1, -1, -1, -1, -1]
[-1, -1, -1, 1, 3, 14, -1, -1, 2, 0, -1, -1, 13, 9, 6, 4, -1, -1, 12, 8, 5, -1, -1, -1, -1, 11, 7, -1, -1, -1, -1, 10, -1, -1, -1, -1, -1, 15, -1, -1, -1, -1, -1, -1, -1, -1, -1, -1, -1, -1, -1, -1, -1, -1]
[-1, -1, -1, -1, 1, -1, -1, -1, -1, 2, 0, -1, -1, 14, -1, 5, 3, -1, -1, 13, -1, 4, 6, -1, -1, -1, 12, 9, 7, -1, -1, -1, 11, 8, -1, -1, -1, -1, -1, 10, -1, -1, -1, -1, 15, -1, -1, -1, -1, -1, -1, -1, -1, -1]
[2, -1, -1, -1, -1, 1, 5, -1, -1, -1, -1, 0, 4, -1, -1, -1, -1, 3, 9, -1, -1, -1, -1, 6, 8, 14, -1, -1, -1, 7, 13, -1, -1, -1, -1, 10, 12, -1, -1, -1, -1, 11, -1, -1, -1, -1, -1, 15, -1, -1, -1, -1, -1, -1]
[2, 6, -1, -1, -1, 1, 3, -1, -1, -1, -1, 5, 0, -1, -1, -1, -1, 4, -1, -1, -1, -1, -1, 7, 9, 14, -1, -1, -1, 8, 13, -1, -1, -1, -1, 10, 12, -1, -1, -1, -1, 11, -1, -1, -1, -1, -1, 15, -1, -1, -1, -1, -1, -1]
[-1, 2, -1, -1, -1, 6, 1, 3, -1, -1, -1, 9, 5, 0, -1, -1, -1, 8, 4, -1, -1, -1, -1, 11, 7, -1, -1, -1, -1, 10, 15, -1, -1, -1, -1, 12, 14, -1, -1, -1, -1, 13, -1, -1, -1, -1, -1, -1, -1, -1, -1, -1, -1, -1]
[-1, -1, 2, -1, -1, 14, 6, 1, 3, -1, -1, 13, 9, 5, 0, -1, -1, 12, 8, 4, -1, -1, -1, -1, 11, 7, -1, -1, -1, -1, 10, -1, -1, -1, -1, -1, 15, -1, -1, -1, -1, -1, -1, -1, -1, -1, -1, -1, -1, -1, -1, -1, -1, -1]
[-1, -1, -1, 2, -1, 14, -1, 6, 1, 3, -1, -1, 13, 9, 5, 0, -1, -1, 12, 8, 4, -1, -1, -1, -1, 11, 7, -1, -1, -1, -1, 10, -1, -1, -1, -1, -1, 15, -1, -1, -1, -1, -1, -1, -1, -1, -1, -1, -1, -1, -1, -1, -1, -1]
[-1, -1, -1, 2, -1, -1, 14, -1, 6, 1, 3, -1, -1, 13, 9, 5, 0, -1, -1, 12, 8, 4, -1, -1, -1, -1, 11, 7, -1, -1, -1, -1, 10, -1, -1, -1, -1, -1, 15, -1, -1, -1, -1, -1, -1, -1, -1, -1, -1, -1, -1, -1, -1, -1]
[-1, -1, -1, -1, -1, 2, -1, -1, -1, -1, -1, 1, 3, -1, -1, -1, -1, 0, -1, -1, -1, -1, -1, 4, 6, -1, -1, -1, -1, 5, 14, -1, -1, -1, -1, 7, 9, 13, -1, -1, -1, 8, 12, -1, -1, -1, -1, 10, 11, 15, -1, -1, -1, -1]
[-1, -1, -1, -1, -1, 2, -1, -1, -1, -1, -1, 6, 1, 3, -1, -1, -1, 5, 0, 14, -1, -1, -1, 8, 4, 13, -1, -1, -1, 7, 12, -1, -1, -1, -1, 9, 11, -1, -1, -1, -1, 10, -1, -1, -1, -1, -1, 15, -1, -1, -1, -1, -1, -1]
[-1, -1, -1, -1, -1, -1, 2, -1, -1, -1, -1, -1, 6, 1, 3, -1, -1, 9, 5, 0, -1, -1, -1, 12, 8, 4, -1, -1, -1, 11, 7, -1, -1, -1, -1, 14, 10, -1, -1, -1, -1, 13, 15, -1, -1, -1, -1, -1, -1, -1, -1, -1, -1, -1]
[-1, -1, -1, -1, -1, -1, -1, 2, -1, -1, -1, 14, -1, 6, 1, 3, -1, 13, 9, 5, 0, -1, -1, -1, 12, 8, 4, -1, -1, -1, 11, 7, -1, -1, -1, -1, -1, 10, -1, -1, -1, -1, 15, -1, -1, -1, -1, -1, -1, -1, -1, -1, -1, -1]
[-1, -1, -1, -1, -1, -1, -1, -1, 2, -1, -1, -1, 14, -1, 6, 1, 3, -1, 13, 9, 5, 0, -1, -1, -1, 12, 8, 4, -1, -1, -1, 11, 7, -1, -1, -1, -1, -1, 10, -1, -1, -1, -1, 15, -1, -1, -1, -1, -1, -1, -1, -1, -1, -1]
[-1, -1, -1, -1, -1, -1, -1, -1, -1, 2, -1, -1, -1, -1, -1, 5, 1, -1, -1, -1, 8, 4, 0, -1, -1, -1, 11, 7, 3, -1, -1, 14, 10, 6, -1, -1, -1, -1, 13, 9, -1, -1, -1, -1, 12, -1, -1, -1, -1, -1, 15, -1, -1, -1]
[-1, -1, -1, -1, -1, -1, -1, -1, -1, -1, -1, 2, -1, -1, -1, -1, -1, 1, 5, -1, -1, -1, -1, 0, 4, -1, -1, -1, -1, 3, 9, 14, -1, -1, -1, 6, 8, 13, -1, -1, -1, 7, 12, -1, -1, -1, -1, 10, 11, 15, -1, -1, -1, -1]
[-1, -1, -1, -1, -1, -1, -1, -1, -1, -1, -1, 2, 6, -1, -1, -1, -1, 1, 3, -1, -1, -1, -1, 5, 0, -1, -1, -1, -1, 4, 14, -1, -1, -1, -1, 7, 9, 13, -1, -1, -1, 8, 12, -1, -1, -1, -1, 10, 11, 15, -1, -1, -1, -1]
[-1, -1, -1, -1, -1, -1, -1, -1, -1, -1, -1, -1, 2, -1, -1, -1, -1, 6, 1, 3, -1, -1, -1, 9, 5, 0, -1, -1, -1, 8, 4, -1, -1, -1, -1, 11, 7, 15, -1, -1, -1, 10, 14, -1, -1, -1, -1, 12, 13, -1, -1, -1, -1, -1]
[-1, -1, -1, -1, -1, -1, -1, -1, -1, -1, -1, -1, -1, 2, -1, -1, -1, 14, 6, 1, 3, -1, -1, 13, 9, 5, 0, -1, -1, 12, 8, 4, -1, -1, -1, -1, 11, 7, -1, -1, -1, -1, 10, -1, -1, -1, -1, -1, 15, -1, -1, -1, -1, -1]
[-1, -1, -1, -1, -1, -1, -1, -1, -1, -1, -1, -1, -1, -1, 2, -1, -1, 14, -1, 6, 1, 3, -1, -1, 13, 9, 5, 0, -1, -1, 12, 8, 4, -1, -1, -1, -1, 11, 7, -1, -1, -1, -1, 10, -1, -1, -1, -1, -1, 15, -1, -1, -1, -1]
[-1, -1, -1, -1, -1, -1, -1, -1, -1, -1, -1, -1, -1, -1, -1, 2, -1, -1, 14, -1, 6, 1, 3, -1, -1, 13, 9, 5, 0, -1, -1, 12, 8, 4, -1, -1, -1, -1, 11, 7, -1, -1, -1, -1, 10, -1, -1, -1, -1, -1, 15, -1, -1, -1]
[-1, -1, -1, -1, -1, -1, -1, -1, -1, -1, -1, -1, -1, -1, -1, -1, -1, 2, -1, -1, -1, -1, -1, 1, 3, -1, -1, -1, -1, 0, 11, 15, -1, -1, -1, 4, 6, 10, 14, -1, -1, 5, 9, 13, -1, -1, -1, 7, 8, 12, -1, -1, -1, -1]
[-1, -1, -1, -1, -1, -1, -1, -1, -1, -1, -1, -1, -1, -1, -1, -1, -1, 2, -1, -1, -1, -1, -1, 6, 1, 3, 14, -1, -1, 5, 0, 13, -1, -1, -1, 8, 4, 12, -1, -1, -1, 7, 11, -1, -1, -1, -1, 9, 10, 15, -1, -1, -1, -1]
[-1, -1, -1, -1, -1, -1, -1, -1, -1, -1, -1, -1, -1, -1, -1, -1, -1, -1, 2, -1, -1, -1, -1, -1, 6, 1, 3, -1, -1, 9, 5, 0, -1, -1, -1, 12, 8, 4, 15, -1, -1, 11, 7, 14, -1, -1, -1, -1, 10, 13, -1, -1, -1, -1]
[-1, -1, -1, -1, -1, -1, -1, -1, -1, -1, -1, -1, -1, -1, -1, -1, -1, -1, -1, 2, -1, -1, -1, 14, -1, 6, 1, 3, -1, 13, 9, 5, 0, -1, -1, -1, 12, 8, 4, -1, -1, -1, 11, 7, -1, -1, -1, -1, -1, 10, 15, -1, -1, -1]
[-1, -1, -1, -1, -1, -1, -1, -1, -1, -1, -1, -1, -1, -1, -1, -1, -1, -1, -1, -1, 2, -1, -1, -1, 14, -1, 6, 1, 3, -1, 13, 9, 5, 0, -1, -1, -1, 12, 8, 4, -1, -1, -1, 11, 7, -1, -1, -1, -1, -1, 10, 15, -1, -1]
[-1, -1, -1, -1, -1, -1, -1, -1, -1, -1, -1, -1, -1, -1, -1, -1, -1, -1, 14, -1, -1, 2, -1, -1, -1, 13, -1, 5, 1, -1, -1, 12, 8, 4, 0, -1, -1, -1, 11, 7, 3, -1, -1, -1, 10, 6, -1, -1, -1, -1, 15, 9, -1, -1]
[-1, -1, -1, -1, -1, -1, -1, -1, -1, -1, -1, -1, -1, -1, -1, -1, -1, -1, -1, -1, -1, -1, -1, 2, -1, 14, -1, -1, -1, 1, 5, 13, -1, -1, -1, 0, 4, 9, 12, -1, -1, 3, 8, 11, -1, -1, -1, 6, 7, 10, 15, -1, -1, -1]
[-1, -1, -1, -1, -1, -1, -1, -1, -1, -1, -1, -1, -1, -1, -1, -1, -1, -1, -1, -1, -1, -1, -1, 2, 6, -1, -1, -1, -1, 1, 3, 11, 15, -1, -1, 5, 0, 10, 14, -1, -1, 4, 9, 13, -1, -1, -1, 7, 8, 12, -1, -1, -1, -1]
[-1, -1, -1, -1, -1, -1, -1, -1, -1, -1, -1, -1, -1, -1, -1, -1, -1, -1, -1, -1, -1, -1, -1, -1, 2, -1, 14, -1, -1, 6, 1, 3, 13, -1, -1, 9, 5, 0, 12, -1, -1, 8, 4, 11, -1, -1, -1, -1, 7, 10, 15, -1, -1, -1]
[-1, -1, -1, -1, -1, -1, -1, -1, -1, -1, -1, -1, -1, -1, -1, -1, -1, -1, -1, -1, -1, -1, -1, -1, -1, 2, -1, 14, -1, -1, 6, 1, 3, 13, -1, -1, 9, 5, 0, 12, -1, -1, 8, 4, 11, -1, -1, -1, -1, 7, 10, 15, -1, -1]
[-1, -1, -1, -1, -1, -1, -1, -1, -1, -1, -1, -1, -1, -1, -1, -1, -1, -1, -1, -1, -1, -1, -1, -1, -1, -1, 2, -1, 14, -1, -1, 6, 1, 3, 13, -1, -1, 9, 5, 0, 12, -1, -1, 8, 4, 11, 15, -1, -1, -1, 7, 10, -1, -1]
[-1, -1, -1, -1, -1, -1, -1, -1, -1, -1, -1, -1, -1, -1, -1, -1, -1, -1, -1, -1, -1, -1, -1, -1, 14, -1, -1, 2, -1, -1, 13, -1, 6, 1, 3, -1, -1, 12, 9, 5, 0, -1, -1, 11, 8, 4, -1, -1, -1, 15, 10, 7, -1, -1]
[-1, -1, -1, -1, -1, -1, -1, -1, -1, -1, -1, -1, -1, -1, -1, -1, -1, -1, 14, -1, -1, -1, -1, -1, -1, 13, -1, -1, -1, 2, 8, 12, -1, -1, -1, 1, 3, 7, 11, -1, -1, 0, 6, 10, -1, -1, -1, 4, 5, 9, 15, -1, -1, -1]
[-1, -1, -1, -1, -1, -1, -1, -1, -1, -1, -1, -1, -1, -1, -1, -1, -1, -1, -1, -1, -1, -1, -1, -1, -1, -1, 14, -1, -1, 2, -1, -1, 13, -1, -1, 6, 1, 3, 9, 12, -1, 5, 0, 8, 11, -1, -1, -1, 4, 7, 10, 15, -1, -1]
[-1, -1, -1, -1, -1, -1, -1, -1, -1, -1, -1, -1, -1, -1, -1, -1, -1, -1, -1, -1, -1, -1, -1, -1, -1, -1, -1, 14, -1, -1, 2, -1, -1, 13, 15, -1, 6, 1, 3, 9, 12, -1, 5, 0, 8, 11, -1, -1, -1, 4, 7, 10, -1, -1]
[-1, -1, -1, -1, -1, -1, -1, -1, -1, -1, -1, -1, -1, -1, -1, -1, -1, -1, -1, -1, -1, -1, -1, 14, -1, -1, -1, -1, -1, 13, -1, 2, -1, -1, -1, -1, 12, 6, 1, 3, 9, -1, 11, 5, 0, 8, -1, -1, 15, 10, 4, 7, -1, -1]
[-1, -1, -1, -1, -1, -1, -1, -1, -1, -1, -1, -1, -1, -1, -1, -1, -1, -1, -1, -1, -1, -1, -1, 14, -1, -1, -1, -1, -1, 13, -1, -1, 2, -1, -1, -1, 12, 9, 6, 1, 3, -1, 11, 8, 5, 0, -1, -1, 15, 10, 7, 4, -1, -1]
[-1, -1, -1, -1, -1, -1, -1, -1, -1, -1, -1, -1, -1, -1, -1, -1, -1, -1, -1, -1, -1, 6, -1, -1, -1, 14, -1, 3, 5, -1, -1, 13, 9, 2, 4, -1, -1, -1, 12, 8, 1, -1, -1, -1, 11, 7, 0, -1, -1, -1, 15, 10, -1, -1]
[-1, -1, -1, -1, -1, -1, -1, -1, -1, -1, -1, -1, -1, -1, -1, -1, -1, -1, -1, -1, -1, -1, -1, -1, -1, -1, 14, -1, -1, 5, -1, -1, 13, -1, -1, 2, 4, 6, 9, 12, -1, 1, 3, 8, 11, -1, -1, -1, 0, 7, 10, 15, -1, -1]
[-1, -1, -1, -1, -1, -1, -1, -1, -1, -1, -1, -1, -1, -1, -1, -1, -1, -1, -1, -1, -1, -1, -1, -1, -1, -1, -1, 14, -1, -1, 5, -1, -1, 13, -1, -1, 2, 4, 6, 9, 12, -1, 1, 3, 8, 11, -1, -1, 15, 0, 7, 10, -1, -1]
[-1, -1, -1, -1, -1, -1, -1, -1, -1, -1, -1, -1, -1, -1, -1, -1, -1, -1, -1, -1, -1, -1, -1, 14, -1, -1, -1, -1, -1, 13, -1, 5, -1, -1, -1, -1, 12, 2, 4, 6, 9, -1, 11, 1, 3, 8, -1, -1, 15, 10, 0, 7, -1, -1]
[-1, -1, -1, -1, -1, -1, -1, -1, -1, -1, -1, -1, -1, -1, -1, -1, -1, -1, -1, -1, -1, -1, -1, 14, -1, -1, -1, -1, -1, 13, -1, -1, 5, -1, -1, -1, 12, 9, 2, 4, 6, -1, 11, 8, 1, 3, -1, -1, 15, 10, 7, 0, -1, -1]
[-1, -1, -1, -1, -1, -1, -1, -1, -1, -1, -1, -1, -1, -1, -1, -1, -1, -1, -1, -1, -1, -1, -1, -1, 14, -1, -1, 6, -1, -1, 13, -1, -1, 5, -1, -1, -1, 12, 9, 2, 4, -1, -1, 11, 8, 1, 3, -1, -1, 15, 10, 7, 0, -1]
