[-1, -1, 1, -1, -1, -1, 3, 0, -1, -1, -1, 8, 5, 2, -1, -1, -1, 7, 4, -1, -1, -1, -1, 10, 6, 14, -1, -1, -1, 9, -1, -1, -1, -1, -1, 11, 13, -1, -1, -1, -1, 12, -1, -1, -1, -1, -1, -1, -1, -1, -1, -1, -1, -1]
[0, 2, 4, -1, -1, 1, 3, 14, -1, -1, -1, 7, 5, 8, -1, -1, -1, 6, -1, -1, -1, -1, -1, 9, 11, -1, -1, -1, -1, 10, -1, -1, -1, -1, -1, 12, -1, -1, -1, -1, -1, 13, -1, -1, -1, -1, -1, -1, -1, -1, -1, -1, -1, -1]
[2, 0, -1, -1, -1, 1, -1, -1, -1, -1, -1, 3, 5, 11, -1, -1, -1, 4, 9, -1, -1, -1, -1, 6, 8, -1, -1, -1, -1, 7, 14, -1, -1, -1, -1, 10, 13, -1, -1, -1, -1, 12, -1, -1, -1, -1, -1, -1, -1, -1, -1, -1, -1, -1]
[4, 2, 0, -1, -1, 3, 1, 10, -1, -1, -1, 5, 7, 9, -1, -1, -1, 6, 8, -1, -1, -1, -1, 11, 13, 14, -1, -1, -1, 12, -1, -1, -1, -1, -1, -1, -1, -1, -1, -1, -1, -1, -1, -1, -1, -1, -1, -1, -1, -1, -1, -1, -1, -1]
[-1, -1, -1, 0, -1, -1, -1, 3, 1, -1, -1, -1, 8, 5, 2, -1, -1, -1, 7, 4, -1, -1, -1, -1, 10, 6, -1, -1, -1, 12, 9, -1, -1, -1, -1, -1, 11, 14, -1, -1, -1, 13, -1, -1, -1, -1, -1, -1, -1, -1, -1, -1, -1, -1]
[-1, -1, -1, 2, 0, -1, 8, 5, 3, 1, -1, -1, -1, 7, 4, -1, -1, -1, 10, 6, -1, -1, -1, -1, 12, 9, -1, -1, -1, -1, 11, 14, -1, -1, -1, -1, 13, -1, -1, -1, -1, -1, -1, -1, -1, -1, -1, -1, -1, -1, -1, -1, -1, -1]
[1, 2, 4, -1, -1, 0, 3, 14, -1, -1, -1, 7, 5, 8, -1, -1, -1, 6, -1, -1, -1, -1, -1, 9, 11, -1, -1, -1, -1, 10, -1, -1, -1, -1, -1, 12, -1, -1, -1, -1, -1, 13, -1, -1, -1, -1, -1, -1, -1, -1, -1, -1, -1, -1]
[-1, 1, 2, -1, -1, -1, 0, 3, -1, -1, -1, -1, 6, 4, -1, -1, -1, 8, 5, 10, -1, -1, -1, -1, 7, 9, -1, -1, -1, 13, 11, 14, -1, -1, -1, -1, 12, -1, -1, -1, -1, -1, -1, -1, -1, -1, -1, -1, -1, -1, -1, -1, -1, -1]
[-1, -1, 1, -1, -1, -1, 3, 0, -1, -1, -1, 8, 5, 2, -1, -1, -1, 7, 4, -1, -1, -1, -1, 10, 6, 14, -1, -1, -1, 9, -1, -1, -1, -1, -1, 11, 13, -1, -1, -1, -1, 12, -1, -1, -1, -1, -1, -1, -1, -1, -1, -1, -1, -1]
[-1, -1, -1, 1, -1, -1, -1, 3, 0, -1, -1, -1, 8, 5, 2, -1, -1, -1, 7, 4, -1, -1, -1, -1, 10, 6, -1, -1, -1, 12, 9, -1, -1, -1, -1, -1, 11, 14, -1, -1, -1, 13, -1, -1, -1, -1, -1, -1, -1, -1, -1, -1, -1, -1]
[-1, -1, -1, 1, 2, -1, -1, -1, -1, 0, 3, -1, -1, -1, -1, 6, 4, -1, -1, -1, 8, 5, 10, -1, -1, -1, -1, 7, 9, -1, -1, -1, 13, 11, 14, -1, -1, -1, -1, 12, -1, -1, -1, -1, -1, -1, -1, -1, -1, -1, -1, -1, -1, -1]
[-1, -1, -1, -1, 1, -1, -1, -1, -1, 3, 0, -1, -1, -1, 8, 5, 2, -1, -1, -1, 7, 4, -1, -1, -1, -1, 10, 6, -1, -1, -1, 12, 9, -1, -1, -1, -1, -1, 11, 14, -1, -1, -1, 13, -1, -1, -1, -1, -1, -1, -1, -1, -1, -1]
[-1, -1, -1, -1, -1, 1, -1, -1, -1, -1, -1, 0, 3, -1, -1, -1, -1, 2, -1, -1, -1, -1, -1, 4, 6, -1, -1, -1, -1, 5, 10, -1, -1, -1, -1, 7, 9, 12, -1, -1, -1, 8, 11, -1, -1, -1, -1, 14, 13, -1, -1, -1, -1, -1]
[-1, 3, 4, -1, -1, 1, 2, 5, -1, -1, -1, 11, 0, 6, -1, -1, -1, 9, 7, 12, -1, -1, -1, -1, 8, 10, -1, -1, -1, 14, 13, -1, -1, -1, -1, -1, -1, -1, -1, -1, -1, -1, -1, -1, -1, -1, -1, -1, -1, -1, -1, -1, -1, -1]
[-1, -1, 3, -1, -1, -1, 1, 2, 5, -1, -1, -1, -1, 0, 4, -1, -1, -1, 8, 6, 10, -1, -1, -1, -1, 7, 9, -1, -1, -1, 13, 11, 14, -1, -1, -1, -1, 12, -1, -1, -1, -1, -1, -1, -1, -1, -1, -1, -1, -1, -1, -1, -1, -1]
[-1, -1, -1, 3, -1, -1, -1, 1, 2, 5, -1, -1, -1, -1, 0, 4, -1, -1, -1, 8, 6, 10, -1, -1, -1, -1, 7, 9, -1, -1, -1, 13, 11, 14, -1, -1, -1, -1, 12, -1, -1, -1, -1, -1, -1, -1, -1, -1, -1, -1, -1, -1, -1, -1]
[-1, -1, -1, 3, 4, -1, -1, -1, 1, 2, 5, -1, -1, -1, 11, 0, 6, -1, -1, -1, 9, 7, 12, -1, -1, -1, -1, 8, 10, -1, -1, -1, 14, 13, -1, -1, -1, -1, -1, -1, -1, -1, -1, -1, -1, -1, -1, -1, -1, -1, -1, -1, -1, -1]
[-1, -1, -1, -1, 3, -1, -1, -1, -1, 1, 2, -1, -1, -1, 8, 5, 0, -1, -1, -1, 7, 4, -1, -1, -1, -1, 10, 6, -1, -1, -1, 12, 9, -1, -1, -1, -1, -1, 11, 14, -1, -1, -1, 13, -1, -1, -1, -1, -1, -1, -1, -1, -1, -1]
[-1, 5, 6, -1, -1, 3, 4, -1, -1, -1, -1, 1, 2, -1, -1, -1, -1, 0, 10, -1, -1, -1, -1, 7, 9, 12, -1, -1, -1, 8, 11, -1, -1, -1, -1, 14, 13, -1, -1, -1, -1, -1, -1, -1, -1, -1, -1, -1, -1, -1, -1, -1, -1, -1]
[-1, -1, 5, -1, -1, -1, 3, 4, 11, -1, -1, 9, 1, 2, 6, -1, -1, 8, 0, -1, -1, -1, -1, 12, 7, -1, -1, -1, -1, 10, 14, -1, -1, -1, -1, 13, -1, -1, -1, -1, -1, -1, -1, -1, -1, -1, -1, -1, -1, -1, -1, -1, -1, -1]
[-1, -1, -1, 5, -1, -1, -1, 3, 4, 11, -1, -1, 9, 1, 2, 6, -1, -1, 8, 0, -1, -1, -1, -1, 12, 7, -1, -1, -1, -1, 10, 14, -1, -1, -1, -1, 13, -1, -1, -1, -1, -1, -1, -1, -1, -1, -1, -1, -1, -1, -1, -1, -1, -1]
[-1, -1, -1, 5, 6, -1, 11, -1, 3, 4, -1, -1, -1, 9, 1, 2, -1, -1, -1, 8, 0, -1, -1, -1, -1, 12, 7, -1, -1, -1, -1, 10, 14, -1, -1, -1, -1, 13, -1, -1, -1, -1, -1, -1, -1, -1, -1, -1, -1, -1, -1, -1, -1, -1]
[-1, -1, -1, -1, 5, -1, -1, -1, -1, 3, 4, -1, -1, -1, 8, 1, 2, -1, -1, -1, 7, 0, -1, -1, -1, -1, 10, 6, -1, -1, -1, 12, 9, -1, -1, -1, -1, -1, 11, 14, -1, -1, -1, 13, -1, -1, -1, -1, -1, -1, -1, -1, -1, -1]
[-1, -1, -1, -1, -1, -1, -1, -1, -1, -1, -1, -1, -1, -1, -1, -1, 1, -1, -1, -1, -1, 3, 0, -1, -1, -1, 8, 5, 2, -1, -1, -1, 7, 4, -1, -1, -1, 13, 10, 6, -1, -1, -1, 12, 9, -1, -1, -1, -1, -1, 11, 14, -1, -1]
[-1, -1, -1, -1, -1, -1, -1, -1, -1, -1, -1, -1, 14, -1, -1, -1, -1, 1, 8, -1, -1, -1, -1, 0, 3, -1, -1, -1, -1, 2, 11, -1, -1, -1, -1, 4, 6, 12, -1, -1, -1, 5, 10, -1, -1, -1, -1, 7, 9, 13, -1, -1, -1, -1]
[-1, -1, -1, -1, -1, -1, 5, 6, -1, -1, -1, -1, 3, 4, -1, -1, -1, 1, 2, 11, -1, -1, -1, 8, 0, 9, -1, -1, -1, 7, 14, -1, -1, -1, -1, 10, 13, -1, -1, -1, -1, 12, -1, -1, -1, -1, -1, -1, -1, -1, -1, -1, -1, -1]
[-1, -1, -1, -1, -1, -1, -1, 5, 6, -1, -1, 11, -1, 3, 4, -1, -1, 9, 1, 2, -1, -1, -1, -1, 8, 0, -1, -1, -1, 12, 7, -1, -1, -1, -1, -1, 10, 14, -1, -1, -1, 13, -1, -1, -1, -1, -1, -1, -1, -1, -1, -1, -1, -1]
[-1, -1, -1, -1, -1, -1, -1, -1, 5, 6, -1, -1, 11, -1, 3, 4, -1, -1, 9, 1, 2, -1, -1, -1, -1, 8, 0, -1, -1, -1, 12, 7, -1, -1, -1, -1, -1, 10, 14, -1, -1, -1, 13, -1, -1, -1, -1, -1, -1, -1, -1, -1, -1, -1]
[-1, -1, -1, -1, -1, -1, -1, -1, -1, 5, 6, -1, -1, 11, -1, 3, 4, -1, -1, 9, 1, 2, -1, -1, -1, -1, 8, 0, -1, -1, -1, 12, 7, -1, -1, -1, -1, -1, 10, 14, -1, -1, -1, 13, -1, -1, -1, -1, -1, -1, -1, -1, -1, -1]
[-1, -1, -1, -1, 6, -1, -1, -1, -1, 4, 5, -1, -1, -1, 11, -1, 3, -1, -1, -1, 9, 1, 2, -1, -1, -1, -1, 8, 0, -1, -1, -1, 12, 7, -1, -1, -1, -1, -1, 10, 14, -1, -1, -1, 13, -1, -1, -1, -1, -1, -1, -1, -1, -1]
[-1, -1, -1, -1, -1, -1, -1, -1, -1, -1, -1, -1, 5, 6, -1, -1, -1, 3, 4, -1, -1, -1, -1, 1, 2, -1, -1, -1, -1, 0, 10, -1, -1, -1, -1, 7, 9, 12, -1, -1, -1, 8, 11, -1, -1, -1, -1, 14, 13, -1, -1, -1, -1, -1]
[-1, -1, -1, -1, -1, -1, -1, -1, -1, -1, -1, -1, -1, 5, 6, -1, -1, 11, 3, 4, -1, -1, -1, 9, 1, 2, -1, -1, -1, 8, 0, -1, -1, -1, -1, 12, 7, -1, -1, -1, -1, 10, 14, -1, -1, -1, -1, 13, -1, -1, -1, -1, -1, -1]
[-1, -1, -1, -1, -1, -1, -1, -1, -1, -1, -1, -1, -1, -1, 5, 6, -1, 11, -1, 3, 4, -1, -1, -1, 9, 1, 2, -1, -1, -1, 8, 0, -1, -1, -1, -1, 12, 7, -1, -1, -1, -1, 10, 14, -1, -1, -1, -1, 13, -1, -1, -1, -1, -1]
[-1, -1, -1, -1, -1, -1, -1, -1, -1, -1, -1, -1, -1, -1, -1, 5, 6, -1, 11, -1, 3, 4, -1, -1, -1, 9, 1, 2, -1, -1, -1, 8, 0, -1, -1, -1, -1, 12, 7, -1, -1, -1, -1, 10, 14, -1, -1, -1, -1, 13, -1, -1, -1, -1]
[-1, -1, -1, -1, -1, -1, -1, -1, -1, 6, -1, -1, -1, -1, -1, -1, 5, -1, -1, 11, -1, 3, 4, -1, -1, -1, 9, 1, 2, -1, -1, -1, 8, 0, -1, -1, -1, -1, 12, 7, -1, -1, -1, -1, 10, 14, -1, -1, -1, -1, 13, -1, -1, -1]
[-1, -1, -1, -1, -1, -1, -1, -1, -1, -1, -1, -1, -1, -1, -1, -1, -1, -1, -1, -1, -1, -1, -1, -1, -1, -1, -1, -1, 1, -1, -1, -1, 14, 3, 0, -1, -1, 12, 8, 5, 2, -1, -1, 11, 7, 4, 9, -1, -1, 13, 10, 6, -1, -1]
[-1, -1, -1, -1, -1, -1, -1, -1, -1, -1, -1, -1, -1, -1, -1, -1, -1, -1, 14, -1, -1, -1, -1, -1, 6, 7, -1, -1, -1, 1, 5, -1, -1, -1, -1, 0, 3, 10, 13, -1, -1, 2, 9, 12, -1, -1, -1, 4, 8, 11, -1, -1, -1, -1]
[-1, -1, -1, -1, -1, -1, -1, -1, -1, -1, -1, -1, -1, -1, -1, -1, -1, -1, 5, 6, -1, -1, -1, -1, 3, 4, 12, -1, -1, 1, 2, 11, -1, -1, -1, 8, 0, 9, -1, -1, -1, 7, 14, -1, -1, -1, -1, 10, 13, -1, -1, -1, -1, -1]
[-1, -1, -1, -1, -1, -1, -1, -1, -1, -1, -1, -1, -1, -1, -1, -1, -1, -1, -1, 5, 6, -1, -1, 11, -1, 3, 4, -1, -1, 9, 1, 2, -1, -1, -1, -1, 8, 0, 14, -1, -1, 12, 7, -1, -1, -1, -1, -1, 10, 13, -1, -1, -1, -1]
[-1, -1, -1, -1, -1, -1, -1, -1, -1, -1, -1, -1, -1, -1, -1, -1, -1, -1, -1, -1, 5, 6, -1, -1, 11, -1, 3, 4, -1, -1, 9, 1, 2, -1, -1, -1, -1, 8, 0, 14, -1, -1, 12, 7, -1, -1, -1, -1, -1, 10, 13, -1, -1, -1]
[-1, -1, -1, -1, -1, -1, -1, -1, -1, -1, -1, -1, -1, -1, -1, -1, -1, -1, -1, -1, -1, 5, 6, -1, -1, 11, -1, 3, 4, -1, -1, 9, 1, 2, -1, -1, -1, -1, 8, 0, 14, -1, -1, 12, 7, -1, -1, -1, -1, -1, 10, 13, -1, -1]
[-1, -1, -1, -1, -1, -1, -1, -1, -1, -1, -1, -1, -1, -1, -1, -1, 6, -1, -1, -1, -1, 4, 5, -1, -1, -1, 11, 14, 3, -1, -1, -1, 9, 1, 2, -1, -1, -1, 13, 8, 0, -1, -1, -1, 12, 7, -1, -1, -1, -1, -1, 10, -1, -1]
[-1, -1, -1, -1, -1, -1, -1, -1, -1, -1, -1, -1, -1, -1, -1, -1, -1, -1, -1, -1, -1, -1, -1, -1, 5, 6, -1, -1, -1, 3, 4, 10, -1, -1, -1, 1, 2, 9, 12, -1, -1, 0, 8, 11, -1, -1, -1, 7, 14, 13, -1, -1, -1, -1]
[-1, -1, -1, -1, -1, -1, -1, -1, -1, -1, -1, -1, -1, -1, -1, -1, -1, -1, -1, -1, -1, -1, -1, -1, -1, 5, 6, -1, -1, 11, 3, 4, -1, -1, -1, 9, 1, 2, 12, -1, -1, 8, 0, 10, -1, -1, -1, 14, 7, 13, -1, -1, -1, -1]
[-1, -1, -1, -1, -1, -1, -1, -1, -1, -1, -1, -1, -1, -1, -1, -1, -1, -1, -1, -1, -1, -1, -1, -1, -1, -1, 5, 6, -1, 11, -1, 3, 4, -1, -1, -1, 9, 1, 2, 12, -1, -1, 8, 0, 10, -1, -1, -1, 14, 7, 13, -1, -1, -1]
[-1, -1, -1, -1, -1, -1, -1, -1, -1, -1, -1, -1, -1, -1, -1, -1, -1, -1, -1, -1, -1, -1, -1, -1, -1, -1, -1, 5, 6, -1, 11, -1, 3, 4, -1, -1, -1, 9, 1, 2, 12, -1, -1, 8, 0, 10, -1, -1, -1, 14, 7, 13, -1, -1]
[-1, -1, -1, -1, -1, -1, -1, -1, -1, -1, -1, -1, -1, -1, -1, -1, -1, -1, -1, -1, -1, 6, -1, -1, -1, -1, -1, -1, 5, -1, -1, 11, 14, 3, 4, -1, -1, -1, 9, 1, 2, -1, -1, 13, 8, 0, 10, -1, -1, -1, 12, 7, -1, -1]
[-1, -1, -1, -1, -1, -1, -1, -1, -1, -1, -1, -1, -1, -1, -1, -1, 7, -1, -1, -1, 14, 5, 6, -1, -1, -1, -1, 3, 4, -1, -1, -1, 11, 2, 8, -1, -1, -1, -1, 9, 1, -1, -1, -1, 13, 10, 0, -1, -1, -1, -1, 12, -1, -1]
[-1, -1, -1, -1, -1, -1, -1, -1, -1, -1, -1, -1, 14, -1, -1, -1, -1, 6, 7, -1, -1, -1, -1, 4, 5, 11, -1, -1, -1, 3, 9, -1, -1, -1, -1, 2, 8, 13, -1, -1, -1, 1, 12, -1, -1, -1, -1, 0, 10, -1, -1, -1, -1, -1]
[-1, -1, -1, -1, -1, -1, -1, -1, -1, -1, -1, -1, -1, -1, -1, -1, -1, -1, -1, -1, -1, -1, -1, -1, -1, 7, -1, -1, -1, 14, 5, 6, -1, -1, -1, -1, 3, 4, 10, 13, -1, 1, 2, 9, 12, -1, -1, -1, 0, 8, 11, -1, -1, -1]
[-1, -1, -1, -1, -1, -1, -1, -1, -1, -1, -1, -1, -1, -1, -1, -1, -1, -1, -1, -1, -1, -1, -1, -1, -1, -1, 7, -1, -1, -1, 14, 5, 6, -1, -1, -1, -1, 3, 4, 10, 13, -1, 1, 2, 9, 12, -1, -1, -1, 0, 8, 11, -1, -1]
[-1, -1, -1, -1, -1, -1, -1, -1, -1, -1, -1, -1, -1, -1, -1, -1, -1, -1, -1, -1, -1, -1, -1, -1, -1, -1, -1, 7, 11, -1, -1, 14, 5, 6, 12, -1, -1, -1, 3, 4, 10, -1, -1, 1, 2, 9, 13, -1, -1, -1, 0, 8, -1, -1]
[-1, -1, -1, -1, -1, -1, -1, -1, -1, -1, -1, -1, -1, -1, -1, -1, -1, -1, -1, -1, -1, -1, -1, -1, -1, -1, 11, -1, 7, -1, -1, -1, 9, 5, 6, -1, -1, 13, 8, 3, 4, -1, -1, 12, 1, 2, 14, -1, -1, -1, 10, 0, -1, -1]
[-1, -1, -1, -1, -1, -1, -1, -1, -1, -1, -1, -1, -1, -1, -1, -1, -1, -1, -1, -1, -1, 7, -1, -1, -1, -1, 11, 14, 6, -1, -1, -1, 9, 4, 5, -1, -1, -1, 13, 8, 3, -1, -1, -1, 12, 1, 2, -1, -1, -1, -1, 10, 0, -1]
