[7, 5, 1, -1, -1, 6, 3, 0, -1, -1, -1, 8, 9, 2, -1, -1, -1, 11, 4, 15, -1, -1, -1, 14, 10, 13, -1, -1, -1, 12, -1, -1, -1, -1, -1, -1, -1, -1, -1, -1, -1, -1, -1, -1, -1, -1, -1, -1, -1, -1, -1, -1, -1, -1]
[1, 2, -1, -1, -1, 0, 6, -1, -1, -1, -1, 3, 5, 8, -1, -1, -1, 4, 7, -1, -1, -1, -1, 12, 9, 13, -1, -1, -1, 10, 11, -1, -1, -1, -1, -1, 14, 15, -1, -1, -1, -1, -1, -1, -1, -1, -1, -1, -1, -1, -1, -1, -1, -1]
[-1, 1, 2, -1, -1, 4, 0, -1, -1, -1, -1, 6, 3, -1, -1, -1, -1, 5, 10, -1, -1, -1, -1, 7, 9, 15, -1, -1, -1, 8, 13, -1, -1, -1, -1, 11, 12, -1, -1, -1, -1, 14, -1, -1, -1, -1, -1, -1, -1, -1, -1, -1, -1, -1]
[-1, -1, -1, 1, 2, -1, -1, -1, 4, 0, -1, -1, -1, -1, 6, 3, -1, -1, 12, 8, 5, -1, -1, -1, -1, 10, 7, -1, -1, -1, 14, 9, 15, -1, -1, -1, -1, 11, 13, -1, -1, -1, -1, -1, -1, -1, -1, -1, -1, -1, -1, -1, -1, -1]
[-1, -1, -1, -1, -1, 1, 2, -1, -1, -1, -1, 4, 0, -1, -1, -1, -1, 3, -1, -1, -1, -1, -1, 5, 7, 12, -1, -1, -1, 6, 10, -1, -1, -1, -1, 8, 9, 15, -1, -1, -1, 11, 13, -1, -1, -1, -1, 14, -1, -1, -1, -1, -1, -1]
[-1, -1, -1, -1, -1, 13, 1, 2, -1, -1, -1, -1, 4, 0, -1, -1, -1, 6, 3, -1, -1, -1, -1, 8, 5, -1, -1, -1, -1, 7, 14, -1, -1, -1, -1, 9, 11, -1, -1, -1, -1, 10, -1, -1, -1, -1, -1, 12, 15, -1, -1, -1, -1, -1]
[-1, -1, -1, -1, -1, -1, -1, 1, 2, -1, -1, -1, -1, 4, 0, -1, -1, -1, 6, 3, -1, -1, -1, 12, 8, 5, -1, -1, -1, 10, 7, -1, -1, -1, -1, 14, 9, 15, -1, -1, -1, 11, 13, -1, -1, -1, -1, -1, -1, -1, -1, -1, -1, -1]
[-1, -1, -1, -1, -1, -1, -1, -1, 1, 2, -1, -1, -1, -1, 4, 0, -1, -1, -1, 6, 3, -1, -1, -1, 12, 8, 5, -1, -1, -1, 10, 7, -1, -1, -1, -1, 14, 9, 15, -1, -1, -1, 11, 13, -1, -1, -1, -1, -1, -1, -1, -1, -1, -1]
[-1, -1, -1, -1, -1, -1, -1, -1, -1, 1, 2, -1, -1, -1, -1, 4, 0, -1, -1, -1, 6, 3, -1, -1, -1, 12, 8, 5, -1, -1, -1, 10, 7, -1, -1, -1, -1, 14, 9, 15, -1, -1, -1, 11, 13, -1, -1, -1, -1, -1, -1, -1, -1, -1]
[-1, -1, -1, -1, -1, -1, -1, -1, -1, -1, -1, 1, 2, -1, -1, -1, -1, 0, 6, -1, -1, -1, -1, 3, 5, 8, -1, -1, -1, 4, 7, -1, -1, -1, -1, 12, 9, 13, -1, -1, -1, 10, 11, -1, -1, -1, -1, -1, 14, 15, -1, -1, -1, -1]
[-1, -1, -1, -1, -1, -1, -1, -1, -1, -1, -1, -1, 1, 2, -1, -1, -1, 4, 0, -1, -1, -1, -1, 6, 3, -1, -1, -1, -1, 5, 10, -1, -1, -1, -1, 7, 9, 14, -1, -1, -1, 8, 13, -1, -1, -1, -1, 11, 12, 15, -1, -1, -1, -1]
[-1, -1, -1, -1, -1, -1, -1, -1, -1, -1, -1, -1, -1, 1, 2, -1, -1, -1, 4, 0, -1, -1, -1, 12, 6, 3, -1, -1, -1, 8, 5, 14, -1, -1, -1, 10, 7, -1, -1, -1, -1, 9, 15, -1, -1, -1, -1, 11, 13, -1, -1, -1, -1, -1]
[-1, -1, -1, -1, -1, -1, -1, -1, -1, -1, -1, -1, -1, -1, 1, 2, -1, -1, -1, 4, 0, -1, -1, -1, -1, 6, 3, -1, -1, 12, 8, 5, -1, -1, -1, -1, 10, 7, -1, -1, -1, 14, 9, 15, -1, -1, -1, -1, 11, 13, -1, -1, -1, -1]
[-1, -1, -1, -1, -1, -1, -1, -1, -1, -1, -1, -1, -1, -1, -1, 1, 2, -1, -1, -1, 4, 0, -1, -1, -1, -1, 6, 3, -1, -1, 12, 8, 5, -1, -1, -1, -1, 10, 7, -1, -1, -1, 14, 9, 15, -1, -1, -1, -1, 11, 13, -1, -1, -1]
[-1, -1, -1, -1, -1, -1, -1, -1, -1, -1, -1, -1, -1, -1, -1, -1, -1, 1, 2, -1, -1, -1, -1, 4, 0, 14, -1, -1, -1, 3, 11, -1, -1, -1, -1, 5, 7, 12, -1, -1, -1, 6, 10, 15, -1, -1, -1, 8, 9, 13, -1, -1, -1, -1]
[-1, -1, -1, -1, -1, -1, -1, -1, -1, -1, -1, -1, -1, -1, -1, -1, -1, 13, 1, 2, -1, -1, -1, -1, 4, 0, -1, -1, -1, 6, 3, 15, -1, -1, -1, 8, 5, 12, -1, -1, -1, 7, 11, -1, -1, -1, -1, 9, 10, 14, -1, -1, -1, -1]
[-1, -1, -1, -1, -1, -1, -1, -1, -1, -1, -1, -1, -1, -1, -1, -1, -1, -1, 13, 1, 2, -1, -1, -1, -1, 4, 0, -1, -1, -1, 6, 3, -1, -1, -1, 12, 8, 5, -1, -1, -1, 10, 7, 14, -1, -1, -1, 15, 9, 11, -1, -1, -1, -1]
[-1, -1, -1, -1, -1, -1, -1, -1, -1, -1, -1, -1, -1, -1, -1, -1, -1, -1, -1, 13, 1, 2, -1, -1, -1, -1, 4, 0, -1, -1, -1, 6, 3, -1, -1, -1, 12, 8, 5, -1, -1, -1, 10, 7, 14, -1, -1, -1, 15, 9, 11, -1, -1, -1]
[-1, -1, -1, -1, -1, -1, -1, -1, -1, -1, -1, -1, -1, -1, -1, -1, -1, -1, -1, -1, 13, 1, 2, -1, -1, -1, -1, 4, 0, -1, -1, -1, 6, 3, -1, -1, -1, 12, 8, 5, -1, -1, -1, 10, 7, 14, -1, -1, -1, 15, 9, 11, -1, -1]
[-1, -1, -1, -1, -1, -1, -1, -1, -1, -1, -1, -1, -1, -1, -1, -1, -1, -1, -1, -1, -1, -1, -1, 1, 2, 14, 15, -1, -1, 0, 6, 11, -1, -1, -1, 3, 5, 8, -1, -1, -1, 4, 7, 12, -1, -1, -1, 13, 9, 10, -1, -1, -1, -1]
[-1, -1, -1, -1, -1, -1, -1, -1, -1, -1, -1, 14, -1, -1, -1, -1, -1, 11, -1, -1, -1, -1, -1, 9, 1, 2, -1, -1, -1, 4, 0, -1, -1, -1, -1, 6, 3, 12, -1, -1, -1, 5, 10, 15, -1, -1, -1, 7, 8, 13, -1, -1, -1, -1]
[-1, -1, -1, -1, -1, -1, -1, -1, -1, -1, -1, -1, -1, -1, -1, -1, -1, -1, -1, -1, -1, -1, -1, -1, 13, 1, 2, -1, -1, 14, 4, 0, -1, -1, -1, 11, 6, 3, 12, -1, -1, 8, 5, 10, -1, -1, -1, -1, 7, 9, 15, -1, -1, -1]
[-1, -1, -1, -1, -1, -1, -1, -1, -1, -1, -1, -1, -1, -1, -1, -1, -1, -1, -1, -1, -1, -1, -1, -1, -1, 13, 1, 2, -1, -1, 14, 4, 0, -1, -1, -1, 11, 6, 3, 12, -1, -1, 8, 5, 10, -1, -1, -1, -1, 7, 9, 15, -1, -1]
[-1, -1, -1, -1, -1, -1, -1, -1, -1, -1, -1, -1, -1, -1, -1, -1, -1, -1, -1, -1, -1, -1, -1, -1, -1, -1, 13, 1, 2, -1, -1, 14, 4, 0, -1, -1, -1, 11, 6, 3, 12, -1, -1, 8, 5, 10, -1, -1, -1, 15, 7, 9, -1, -1]
[-1, -1, -1, -1, -1, -1, -1, -1, -1, -1, -1, -1, -1, -1, -1, -1, -1, -1, -1, -1, -1, -1, -1, -1, -1, 14, -1, -1, -1, 1, 2, 11, -1, -1, -1, 4, 0, 8, 12, -1, -1, 3, 7, 10, 15, -1, -1, 5, 6, 9, 13, -1, -1, -1]
[-1, -1, -1, -1, -1, -1, -1, -1, -1, -1, -1, -1, -1, -1, -1, -1, -1, 14, 15, -1, -1, -1, -1, 11, 13, -1, -1, -1, -1, 9, 1, 2, -1, -1, -1, 7, 4, 0, -1, -1, -1, 6, 3, 12, -1, -1, -1, 8, 5, 10, -1, -1, -1, -1]
[-1, -1, -1, -1, -1, -1, -1, -1, -1, -1, -1, -1, -1, -1, -1, -1, -1, -1, -1, -1, -1, -1, -1, -1, -1, -1, -1, -1, -1, 13, 9, 1, 2, -1, -1, 14, 7, 4, 0, -1, -1, 11, 6, 3, 12, -1, -1, 15, 8, 5, 10, -1, -1, -1]
[-1, -1, -1, -1, -1, -1, -1, -1, -1, -1, -1, -1, -1, -1, -1, -1, -1, -1, -1, -1, -1, -1, -1, -1, -1, -1, -1, -1, -1, -1, 13, 9, 1, 2, -1, -1, 14, 7, 4, 0, -1, -1, 11, 6, 3, 12, -1, -1, 15, 8, 5, 10, -1, -1]
[-1, -1, -1, -1, -1, -1, -1, -1, -1, -1, -1, -1, -1, -1, -1, -1, -1, -1, -1, -1, -1, -1, -1, -1, -1, -1, 13, -1, -1, -1, -1, 10, 9, 1, 2, -1, -1, 14, 7, 4, 0, -1, -1, 11, 6, 3, 12, -1, -1, 15, 8, 5, -1, -1]
[-1, -1, -1, -1, -1, -1, -1, -1, -1, -1, -1, -1, -1, -1, -1, -1, -1, -1, -1, -1, -1, -1, -1, -1, 13, -1, -1, -1, -1, -1, 9, 10, 14, -1, -1, 1, 2, 6, 11, -1, -1, 0, 5, 8, 15, -1, -1, 3, 4, 7, 12, -1, -1, -1]
[-1, -1, -1, -1, -1, -1, -1, -1, -1, -1, -1, -1, -1, -1, -1, -1, -1, -1, -1, -1, -1, -1, -1, -1, -1, 15, -1, -1, -1, -1, -1, 13, -1, -1, -1, 9, 1, 2, 7, 12, -1, 4, 0, 6, 11, -1, -1, 10, 3, 5, 8, 14, -1, -1]
[-1, -1, -1, -1, -1, -1, -1, -1, -1, -1, -1, -1, -1, -1, -1, -1, -1, -1, -1, -1, -1, -1, -1, -1, -1, -1, 15, -1, -1, -1, -1, -1, 13, -1, -1, -1, 9, 1, 2, 7, 14, 12, 4, 0, 6, 11, -1, -1, 10, 3, 5, 8, -1, -1]
[-1, -1, -1, -1, -1, -1, -1, -1, -1, -1, -1, -1, -1, -1, -1, -1, -1, -1, -1, -1, -1, -1, -1, -1, -1, -1, -1, -1, 15, -1, 14, -1, -1, 8, 11, -1, -1, 9, 1, 2, 7, -1, 12, 4, 0, 6, 13, -1, -1, 10, 3, 5, -1, -1]
[-1, -1, -1, -1, -1, -1, -1, -1, -1, -1, -1, -1, -1, -1, -1, -1, -1, -1, -1, -1, -1, -1, -1, -1, -1, 14, 8, 11, -1, -1, -1, 6, 7, -1, -1, -1, -1, 12, 5, 1, 2, -1, 15, 10, 4, 0, -1, -1, -1, 13, 9, 3, -1, -1]
