[0, 2, -1, -1, -1, 1, 8, 3, 10, 5, -1, 12, 7, 14, 9, 4, 11, 6, 13, -1, 15, -1, -1, -1, -1, -1, -1, -1, -1, -1, -1, -1, -1, -1, -1, -1, -1, -1, -1, -1, -1, -1, -1, -1, -1, -1, -1, -1, -1, -1, -1, -1, -1, -1]
[0, 2, -1, -1, -1, 1, 8, 3, 10, 5, -1, 12, 7, 14, 9, 4, 11, 6, 13, -1, 15, -1, -1, -1, -1, -1, -1, -1, -1, -1, -1, -1, -1, -1, -1, -1, -1, -1, -1, -1, -1, -1, -1, -1, -1, -1, -1, -1, -1, -1, -1, -1, -1, -1]
[0, 2, -1, -1, -1, 1, 8, 3, 10, 5, -1, 12, 7, -1, 9, 4, 11, 6, 13, 15, -1, -1, -1, -1, -1, 14, -1, -1, -1, -1, -1, -1, -1, -1, -1, -1, -1, -1, -1, -1, -1, -1, -1, -1, -1, -1, -1, -1, -1, -1, -1, -1, -1, -1]
[0, 2, -1, -1, -1, 1, 8, 3, 10, 5, -1, 12, 7, -1, 9, 4, 11, 6, 13, 15, -1, -1, -1, -1, -1, 14, -1, -1, -1, -1, -1, -1, -1, -1, -1, -1, -1, -1, -1, -1, -1, -1, -1, -1, -1, -1, -1, -1, -1, -1, -1, -1, -1, -1]
[0, 2, -1, -1, -1, 1, 8, 3, 10, 5, -1, 12, 7, -1, 9, 4, 11, 6, 13, -1, 15, -1, -1, -1, -1, 14, -1, -1, -1, -1, -1, -1, -1, -1, -1, -1, -1, -1, -1, -1, -1, -1, -1, -1, -1, -1, -1, -1, -1, -1, -1, -1, -1, -1]
[0, 2, -1, -1, -1, 1, 8, 3, 10, 5, -1, 12, 7, -1, 9, 4, 11, 6, 13, -1, 15, -1, -1, -1, -1, 14, -1, -1, -1, -1, -1, -1, -1, -1, -1, -1, -1, -1, -1, -1, -1, -1, -1, -1, -1, -1, -1, -1, -1, -1, -1, -1, -1, -1]
[0, 2, -1, -1, -1, 1, 8, 3, 10, 5, -1, 12, 7, -1, 9, 4, 11, 6, 13, -1, -1, -1, -1, -1, -1, 14, -1, -1, -1, -1, -1, 15, -1, -1, -1, -1, -1, -1, -1, -1, -1, -1, -1, -1, -1, -1, -1, -1, -1, -1, -1, -1, -1, -1]
[0, 2, -1, -1, -1, 1, 8, 3, 10, 5, -1, 12, 7, -1, 9, 4, 11, 6, 13, -1, -1, -1, -1, -1, -1, 14, -1, -1, -1, -1, -1, 15, -1, -1, -1, -1, -1, -1, -1, -1, -1, -1, -1, -1, -1, -1, -1, -1, -1, -1, -1, -1, -1, -1]
[0, 2, -1, -1, -1, 1, 8, 3, 10, 5, -1, -1, 7, -1, 9, 4, 11, 6, 15, -1, -1, -1, 12, -1, 14, -1, -1, -1, -1, 13, -1, -1, -1, -1, -1, -1, -1, -1, -1, -1, -1, -1, -1, -1, -1, -1, -1, -1, -1, -1, -1, -1, -1, -1]
[0, 2, -1, -1, -1, 1, 8, 3, 10, 5, -1, -1, 7, -1, 9, 4, 11, 6, 15, -1, -1, -1, 12, -1, 14, -1, -1, -1, -1, 13, -1, -1, -1, -1, -1, -1, -1, -1, -1, -1, -1, -1, -1, -1, -1, -1, -1, -1, -1, -1, -1, -1, -1, -1]
[0, 2, -1, -1, -1, 1, 8, 3, 10, 5, -1, -1, 7, -1, 9, 4, 11, 6, -1, 15, -1, -1, 12, -1, 14, -1, -1, -1, -1, 13, -1, -1, -1, -1, -1, -1, -1, -1, -1, -1, -1, -1, -1, -1, -1, -1, -1, -1, -1, -1, -1, -1, -1, -1]
[0, 2, -1, -1, -1, 1, 8, 3, 10, 5, -1, -1, 7, -1, 9, 4, 11, 6, -1, 15, -1, -1, 12, -1, 14, -1, -1, -1, -1, 13, -1, -1, -1, -1, -1, -1, -1, -1, -1, -1, -1, -1, -1, -1, -1, -1, -1, -1, -1, -1, -1, -1, -1, -1]
[0, 2, -1, -1, -1, 1, 8, 3, 10, 5, -1, -1, 7, -1, 9, 4, 11, 6, -1, -1, -1, -1, 12, -1, 14, -1, -1, -1, -1, 13, 15, -1, -1, -1, -1, -1, -1, -1, -1, -1, -1, -1, -1, -1, -1, -1, -1, -1, -1, -1, -1, -1, -1, -1]
[0, 2, -1, -1, -1, 1, 8, 3, 10, 5, -1, -1, 7, -1, 9, 4, 11, 6, -1, -1, -1, -1, 12, -1, 14, -1, -1, -1, -1, 13, 15, -1, -1, -1, -1, -1, -1, -1, -1, -1, -1, -1, -1, -1, -1, -1, -1, -1, -1, -1, -1, -1, -1, -1]
[0, 2, -1, -1, -1, 1, 8, 3, 10, 5, -1, -1, 7, -1, 9, 4, 11, 6, -1, 15, -1, -1, 12, -1, -1, 14, -1, -1, -1, 13, -1, -1, -1, -1, -1, -1, -1, -1, -1, -1, -1, -1, -1, -1, -1, -1, -1, -1, -1, -1, -1, -1, -1, -1]
[0, 2, -1, -1, -1, 1, 8, 3, 10, 5, -1, -1, 7, -1, 9, 4, 11, 6, -1, 15, -1, -1, 12, -1, -1, 14, -1, -1, -1, 13, -1, -1, -1, -1, -1, -1, -1, -1, -1, -1, -1, -1, -1, -1, -1, -1, -1, -1, -1, -1, -1, -1, -1, -1]
[0, 2, -1, -1, -1, 1, 8, 3, 10, 5, -1, -1, 7, -1, 9, 4, 11, 6, -1, -1, 15, -1, 12, -1, -1, 14, -1, -1, -1, 13, -1, -1, -1, -1, -1, -1, -1, -1, -1, -1, -1, -1, -1, -1, -1, -1, -1, -1, -1, -1, -1, -1, -1, -1]
[0, 2, -1, -1, -1, 1, 8, 3, 10, 5, -1, -1, 7, -1, 9, 4, 11, 6, -1, -1, 15, -1, 12, -1, -1, 14, -1, -1, -1, 13, -1, -1, -1, -1, -1, -1, -1, -1, -1, -1, -1, -1, -1, -1, -1, -1, -1, -1, -1, -1, -1, -1, -1, -1]
[0, 2, -1, -1, -1, 1, 8, 3, 10, 5, -1, -1, 7, -1, 9, 4, 11, 6, -1, -1, -1, -1, 12, -1, -1, 14, -1, -1, -1, 13, -1, 15, -1, -1, -1, -1, -1, -1, -1, -1, -1, -1, -1, -1, -1, -1, -1, -1, -1, -1, -1, -1, -1, -1]
[0, 2, -1, -1, -1, 1, 8, 3, 10, 5, -1, -1, 7, -1, 9, 4, 11, 6, -1, -1, -1, -1, 12, -1, -1, 14, -1, -1, -1, 13, -1, 15, -1, -1, -1, -1, -1, -1, -1, -1, -1, -1, -1, -1, -1, -1, -1, -1, -1, -1, -1, -1, -1, -1]
[0, 2, -1, -1, -1, 1, 8, 3, 10, 5, -1, -1, 7, -1, 9, 4, 11, 6, -1, -1, -1, -1, 12, -1, -1, -1, -1, -1, -1, 13, 15, -1, -1, -1, -1, -1, 14, -1, -1, -1, -1, -1, -1, -1, -1, -1, -1, -1, -1, -1, -1, -1, -1, -1]
[0, 2, -1, -1, -1, 1, 8, 3, 10, 5, -1, -1, 7, -1, 9, 4, 11, 6, -1, -1, -1, -1, 12, -1, -1, -1, -1, -1, -1, 13, 15, -1, -1, -1, -1, -1, 14, -1, -1, -1, -1, -1, -1, -1, -1, -1, -1, -1, -1, -1, -1, -1, -1, -1]
[0, 2, -1, -1, -1, 1, 8, 3, 10, 5, -1, -1, 7, -1, 9, 4, 11, 6, -1, -1, -1, -1, 12, -1, -1, -1, -1, -1, -1, 13, -1, 15, -1, -1, -1, -1, 14, -1, -1, -1, -1, -1, -1, -1, -1, -1, -1, -1, -1, -1, -1, -1, -1, -1]
[0, 2, -1, -1, -1, 1, 8, 3, 10, 5, -1, -1, 7, -1, 9, 4, 11, 6, -1, -1, -1, -1, 12, -1, -1, -1, -1, -1, -1, 13, -1, 15, -1, -1, -1, -1, 14, -1, -1, -1, -1, -1, -1, -1, -1, -1, -1, -1, -1, -1, -1, -1, -1, -1]
[0, 2, -1, -1, -1, 1, 8, 3, 10, 5, -1, -1, 7, -1, 9, 4, 11, 6, -1, -1, -1, -1, 12, -1, -1, -1, -1, -1, -1, 13, -1, -1, -1, -1, -1, -1, 14, -1, -1, -1, -1, -1, 15, -1, -1, -1, -1, -1, -1, -1, -1, -1, -1, -1]
[0, 2, -1, -1, -1, 1, 8, 3, 10, 5, -1, -1, 7, -1, 9, 4, 11, 6, -1, -1, -1, -1, 12, -1, -1, -1, -1, -1, -1, 13, -1, -1, -1, -1, -1, -1, 14, -1, -1, -1, -1, -1, 15, -1, -1, -1, -1, -1, -1, -1, -1, -1, -1, -1]
[0, 2, -1, -1, -1, 1, 8, 3, 15, 5, -1, 12, 7, 14, 9, 4, 11, 6, 13, -1, -1, 10, -1, -1, -1, -1, -1, -1, -1, -1, -1, -1, -1, -1, -1, -1, -1, -1, -1, -1, -1, -1, -1, -1, -1, -1, -1, -1, -1, -1, -1, -1, -1, -1]
[0, 2, -1, -1, -1, 1, 8, 3, 15, 5, -1, 12, 7, 14, 9, 4, 11, 6, 13, -1, -1, 10, -1, -1, -1, -1, -1, -1, -1, -1, -1, -1, -1, -1, -1, -1, -1, -1, -1, -1, -1, -1, -1, -1, -1, -1, -1, -1, -1, -1, -1, -1, -1, -1]
[0, 2, -1, -1, -1, 1, 8, 3, -1, 5, -1, 12, 7, 14, 9, 4, 11, 6, 13, -1, 15, 10, -1, -1, -1, -1, -1, -1, -1, -1, -1, -1, -1, -1, -1, -1, -1, -1, -1, -1, -1, -1, -1, -1, -1, -1, -1, -1, -1, -1, -1, -1, -1, -1]
[0, 2, -1, -1, -1, 1, 8, 3, -1, 5, -1, 12, 7, 14, 9, 4, 11, 6, 13, -1, 15, 10, -1, -1, -1, -1, -1, -1, -1, -1, -1, -1, -1, -1, -1, -1, -1, -1, -1, -1, -1, -1, -1, -1, -1, -1, -1, -1, -1, -1, -1, -1, -1, -1]
[0, 2, -1, -1, -1, 1, 8, 3, -1, 5, -1, 12, 7, -1, 9, 4, 11, 6, 13, 15, -1, 10, -1, -1, -1, 14, -1, -1, -1, -1, -1, -1, -1, -1, -1, -1, -1, -1, -1, -1, -1, -1, -1, -1, -1, -1, -1, -1, -1, -1, -1, -1, -1, -1]
[0, 2, -1, -1, -1, 1, 8, 3, -1, 5, -1, 12, 7, -1, 9, 4, 11, 6, 13, 15, -1, 10, -1, -1, -1, 14, -1, -1, -1, -1, -1, -1, -1, -1, -1, -1, -1, -1, -1, -1, -1, -1, -1, -1, -1, -1, -1, -1, -1, -1, -1, -1, -1, -1]
[0, 2, -1, -1, -1, 1, 8, 3, -1, 5, -1, 12, 7, -1, 9, 4, 11, 6, 13, -1, 15, 10, -1, -1, -1, 14, -1, -1, -1, -1, -1, -1, -1, -1, -1, -1, -1, -1, -1, -1, -1, -1, -1, -1, -1, -1, -1, -1, -1, -1, -1, -1, -1, -1]
[0, 2, -1, -1, -1, 1, 8, 3, -1, 5, -1, 12, 7, -1, 9, 4, 11, 6, 13, -1, 15, 10, -1, -1, -1, 14, -1, -1, -1, -1, -1, -1, -1, -1, -1, -1, -1, -1, -1, -1, -1, -1, -1, -1, -1, -1, -1, -1, -1, -1, -1, -1, -1, -1]
[0, 2, -1, -1, -1, 1, 8, 3, -1, 5, -1, 12, 7, -1, 9, 4, 11, 6, 13, -1, -1, 10, -1, -1, -1, 14, -1, -1, -1, -1, -1, 15, -1, -1, -1, -1, -1, -1, -1, -1, -1, -1, -1, -1, -1, -1, -1, -1, -1, -1, -1, -1, -1, -1]
[0, 2, -1, -1, -1, 1, 8, 3, -1, 5, -1, 12, 7, -1, 9, 4, 11, 6, 13, -1, -1, 10, -1, -1, -1, 14, -1, -1, -1, -1, -1, 15, -1, -1, -1, -1, -1, -1, -1, -1, -1, -1, -1, -1, -1, -1, -1, -1, -1, -1, -1, -1, -1, -1]
[0, 2, -1, -1, -1, 1, 8, 3, -1, 5, -1, -1, 7, -1, 9, 4, 11, 6, 15, -1, -1, 10, 12, -1, 14, -1, -1, -1, -1, 13, -1, -1, -1, -1, -1, -1, -1, -1, -1, -1, -1, -1, -1, -1, -1, -1, -1, -1, -1, -1, -1, -1, -1, -1]
[0, 2, -1, -1, -1, 1, 8, 3, -1, 5, -1, -1, 7, -1, 9, 4, 11, 6, 15, -1, -1, 10, 12, -1, 14, -1, -1, -1, -1, 13, -1, -1, -1, -1, -1, -1, -1, -1, -1, -1, -1, -1, -1, -1, -1, -1, -1, -1, -1, -1, -1, -1, -1, -1]
[0, 2, -1, -1, -1, 1, 8, 3, -1, 5, -1, -1, 7, -1, 9, 4, 11, 6, -1, 15, -1, 10, 12, -1, 14, -1, -1, -1, -1, 13, -1, -1, -1, -1, -1, -1, -1, -1, -1, -1, -1, -1, -1, -1, -1, -1, -1, -1, -1, -1, -1, -1, -1, -1]
[0, 2, -1, -1, -1, 1, 8, 3, -1, 5, -1, -1, 7, -1, 9, 4, 11, 6, -1, 15, -1, 10, 12, -1, 14, -1, -1, -1, -1, 13, -1, -1, -1, -1, -1, -1, -1, -1, -1, -1, -1, -1, -1, -1, -1, -1, -1, -1, -1, -1, -1, -1, -1, -1]
[0, 2, -1, -1, -1, 1, 8, 3, -1, 5, -1, -1, 7, -1, 9, 4, 11, 6, -1, -1, -1, 10, 12, -1, 14, -1, -1, -1, -1, 13, 15, -1, -1, -1, -1, -1, -1, -1, -1, -1, -1, -1, -1, -1, -1, -1, -1, -1, -1, -1, -1, -1, -1, -1]
[0, 2, -1, -1, -1, 1, 8, 3, -1, 5, -1, -1, 7, -1, 9, 4, 11, 6, -1, -1, -1, 10, 12, -1, 14, -1, -1, -1, -1, 13, 15, -1, -1, -1, -1, -1, -1, -1, -1, -1, -1, -1, -1, -1, -1, -1, -1, -1, -1, -1, -1, -1, -1, -1]
[0, 2, -1, -1, -1, 1, 8, 3, -1, 5, -1, -1, 7, -1, 9, 4, 11, 6, -1, 15, -1, 10, 12, -1, -1, 14, -1, -1, -1, 13, -1, -1, -1, -1, -1, -1, -1, -1, -1, -1, -1, -1, -1, -1, -1, -1, -1, -1, -1, -1, -1, -1, -1, -1]
[0, 2, -1, -1, -1, 1, 8, 3, -1, 5, -1, -1, 7, -1, 9, 4, 11, 6, -1, 15, -1, 10, 12, -1, -1, 14, -1, -1, -1, 13, -1, -1, -1, -1, -1, -1, -1, -1, -1, -1, -1, -1, -1, -1, -1, -1, -1, -1, -1, -1, -1, -1, -1, -1]
[0, 2, -1, -1, -1, 1, 8, 3, -1, 5, -1, -1, 7, -1, 9, 4, 11, 6, -1, -1, 15, 10, 12, -1, -1, 14, -1, -1, -1, 13, -1, -1, -1, -1, -1, -1, -1, -1, -1, -1, -1, -1, -1, -1, -1, -1, -1, -1, -1, -1, -1, -1, -1, -1]
[0, 2, -1, -1, -1, 1, 8, 3, -1, 5, -1, -1, 7, -1, 9, 4, 11, 6, -1, -1, 15, 10, 12, -1, -1, 14, -1, -1, -1, 13, -1, -1, -1, -1, -1, -1, -1, -1, -1, -1, -1, -1, -1, -1, -1, -1, -1, -1, -1, -1, -1, -1, -1, -1]
[0, 2, -1, -1, -1, 1, 8, 3, -1, 5, -1, -1, 7, -1, 9, 4, 11, 6, -1, -1, -1, 10, 12, -1, -1, 14, -1, -1, -1, 13, -1, 15, -1, -1, -1, -1, -1, -1, -1, -1, -1, -1, -1, -1, -1, -1, -1, -1, -1, -1, -1, -1, -1, -1]
[0, 2, -1, -1, -1, 1, 8, 3, -1, 5, -1, -1, 7, -1, 9, 4, 11, 6, -1, -1, -1, 10, 12, -1, -1, 14, -1, -1, -1, 13, -1, 15, -1, -1, -1, -1, -1, -1, -1, -1, -1, -1, -1, -1, -1, -1, -1, -1, -1, -1, -1, -1, -1, -1]
[0, 2, -1, -1, -1, 1, 8, 3, -1, 5, -1, -1, 7, -1, 9, 4, 11, 6, -1, -1, -1, 10, 12, -1, -1, -1, -1, -1, -1, 13, 15, -1, -1, -1, -1, -1, 14, -1, -1, -1, -1, -1, -1, -1, -1, -1, -1, -1, -1, -1, -1, -1, -1, -1]
[0, 2, -1, -1, -1, 1, 8, 3, -1, 5, -1, -1, 7, -1, 9, 4, 11, 6, -1, -1, -1, 10, 12, -1, -1, -1, -1, -1, -1, 13, 15, -1, -1, -1, -1, -1, 14, -1, -1, -1, -1, -1, -1, -1, -1, -1, -1, -1, -1, -1, -1, -1, -1, -1]
[0, 2, -1, -1, -1, 1, 8, 3, -1, 5, -1, -1, 7, -1, 9, 4, 11, 6, -1, -1, -1, 10, 12, -1, -1, -1, -1, -1, -1, 13, -1, 15, -1, -1, -1, -1, 14, -1, -1, -1, -1, -1, -1, -1, -1, -1, -1, -1, -1, -1, -1, -1, -1, -1]
[0, 2, -1, -1, -1, 1, 8, 3, -1, 5, -1, -1, 7, -1, 9, 4, 11, 6, -1, -1, -1, 10, 12, -1, -1, -1, -1, -1, -1, 13, -1, 15, -1, -1, -1, -1, 14, -1, -1, -1, -1, -1, -1, -1, -1, -1, -1, -1, -1, -1, -1, -1, -1, -1]
[0, 2, -1, -1, -1, 1, 8, 3, -1, 5, -1, -1, 7, -1, 9, 4, 11, 6, -1, -1, -1, 10, 12, -1, -1, -1, -1, -1, -1, 13, -1, -1, -1, -1, -1, -1, 14, -1, -1, -1, -1, -1, 15, -1, -1, -1, -1, -1, -1, -1, -1, -1, -1, -1]
[0, 2, -1, -1, -1, 1, 8, 3, -1, 5, -1, -1, 7, -1, 9, 4, 11, 6, -1, -1, -1, 10, 12, -1, -1, -1, -1, -1, -1, 13, -1, -1, -1, -1, -1, -1, 14, -1, -1, -1, -1, -1, 15, -1, -1, -1, -1, -1, -1, -1, -1, -1, -1, -1]
[0, 2, -1, -1, -1, 1, 8, 3, 15, 5, -1, -1, 7, 14, 9, 4, -1, 6, 13, -1, -1, 10, -1, 12, -1, -1, -1, -1, 11, -1, -1, -1, -1, -1, -1, -1, -1, -1, -1, -1, -1, -1, -1, -1, -1, -1, -1, -1, -1, -1, -1, -1, -1, -1]
[0, 2, -1, -1, -1, 1, 8, 3, 15, 5, -1, -1, 7, 14, 9, 4, -1, 6, 13, -1, -1, 10, -1, 12, -1, -1, -1, -1, 11, -1, -1, -1, -1, -1, -1, -1, -1, -1, -1, -1, -1, -1, -1, -1, -1, -1, -1, -1, -1, -1, -1, -1, -1, -1]
[0, 2, -1, -1, -1, 1, 8, 3, -1, 5, -1, -1, 7, 14, 9, 4, -1, 6, 13, -1, 15, 10, -1, 12, -1, -1, -1, -1, 11, -1, -1, -1, -1, -1, -1, -1, -1, -1, -1, -1, -1, -1, -1, -1, -1, -1, -1, -1, -1, -1, -1, -1, -1, -1]
[0, 2, -1, -1, -1, 1, 8, 3, -1, 5, -1, -1, 7, 14, 9, 4, -1, 6, 13, -1, 15, 10, -1, 12, -1, -1, -1, -1, 11, -1, -1, -1, -1, -1, -1, -1, -1, -1, -1, -1, -1, -1, -1, -1, -1, -1, -1, -1, -1, -1, -1, -1, -1, -1]
[0, 2, -1, -1, -1, 1, 8, 3, -1, 5, -1, -1, 7, -1, 9, 4, -1, 6, 13, 15, -1, 10, -1, 12, -1, 14, -1, -1, 11, -1, -1, -1, -1, -1, -1, -1, -1, -1, -1, -1, -1, -1, -1, -1, -1, -1, -1, -1, -1, -1, -1, -1, -1, -1]
[0, 2, -1, -1, -1, 1, 8, 3, -1, 5, -1, -1, 7, -1, 9, 4, -1, 6, 13, 15, -1, 10, -1, 12, -1, 14, -1, -1, 11, -1, -1, -1, -1, -1, -1, -1, -1, -1, -1, -1, -1, -1, -1, -1, -1, -1, -1, -1, -1, -1, -1, -1, -1, -1]
[0, 2, -1, -1, -1, 1, 8, 3, -1, 5, -1, -1, 7, -1, 9, 4, -1, 6, 13, -1, 15, 10, -1, 12, -1, 14, -1, -1, 11, -1, -1, -1, -1, -1, -1, -1, -1, -1, -1, -1, -1, -1, -1, -1, -1, -1, -1, -1, -1, -1, -1, -1, -1, -1]
[0, 2, -1, -1, -1, 1, 8, 3, -1, 5, -1, -1, 7, -1, 9, 4, -1, 6, 13, -1, 15, 10, -1, 12, -1, 14, -1, -1, 11, -1, -1, -1, -1, -1, -1, -1, -1, -1, -1, -1, -1, -1, -1, -1, -1, -1, -1, -1, -1, -1, -1, -1, -1, -1]
[0, 2, -1, -1, -1, 1, 8, 3, -1, 5, -1, -1, 7, -1, 9, 4, -1, 6, 13, -1, -1, 10, -1, 12, -1, 14, -1, -1, 11, -1, -1, 15, -1, -1, -1, -1, -1, -1, -1, -1, -1, -1, -1, -1, -1, -1, -1, -1, -1, -1, -1, -1, -1, -1]
[0, 2, -1, -1, -1, 1, 8, 3, -1, 5, -1, -1, 7, -1, 9, 4, -1, 6, 13, -1, -1, 10, -1, 12, -1, 14, -1, -1, 11, -1, -1, 15, -1, -1, -1, -1, -1, -1, -1, -1, -1, -1, -1, -1, -1, -1, -1, -1, -1, -1, -1, -1, -1, -1]
[0, 2, -1, -1, -1, 1, 8, 3, -1, 5, -1, -1, 7, -1, 9, 4, -1, 6, 15, -1, -1, 10, -1, -1, 14, -1, -1, -1, 11, 13, -1, -1, -1, -1, 12, -1, -1, -1, -1, -1, -1, -1, -1, -1, -1, -1, -1, -1, -1, -1, -1, -1, -1, -1]
[0, 2, -1, -1, -1, 1, 8, 3, -1, 5, -1, -1, 7, -1, 9, 4, -1, 6, 15, -1, -1, 10, -1, -1, 14, -1, -1, -1, 11, 13, -1, -1, -1, -1, 12, -1, -1, -1, -1, -1, -1, -1, -1, -1, -1, -1, -1, -1, -1, -1, -1, -1, -1, -1]
[0, 2, -1, -1, -1, 1, 8, 3, -1, 5, -1, -1, 7, -1, 9, 4, -1, 6, -1, 15, -1, 10, -1, -1, 14, -1, -1, -1, 11, 13, -1, -1, -1, -1, 12, -1, -1, -1, -1, -1, -1, -1, -1, -1, -1, -1, -1, -1, -1, -1, -1, -1, -1, -1]
[0, 2, -1, -1, -1, 1, 8, 3, -1, 5, -1, -1, 7, -1, 9, 4, -1, 6, -1, 15, -1, 10, -1, -1, 14, -1, -1, -1, 11, 13, -1, -1, -1, -1, 12, -1, -1, -1, -1, -1, -1, -1, -1, -1, -1, -1, -1, -1, -1, -1, -1, -1, -1, -1]
[0, 2, -1, -1, -1, 1, 8, 3, -1, 5, -1, -1, 7, -1, 9, 4, -1, 6, -1, -1, -1, 10, -1, -1, 14, -1, -1, -1, 11, 13, 15, -1, -1, -1, 12, -1, -1, -1, -1, -1, -1, -1, -1, -1, -1, -1, -1, -1, -1, -1, -1, -1, -1, -1]
[0, 2, -1, -1, -1, 1, 8, 3, -1, 5, -1, -1, 7, -1, 9, 4, -1, 6, -1, -1, -1, 10, -1, -1, 14, -1, -1, -1, 11, 13, 15, -1, -1, -1, 12, -1, -1, -1, -1, -1, -1, -1, -1, -1, -1, -1, -1, -1, -1, -1, -1, -1, -1, -1]
[0, 2, -1, -1, -1, 1, 8, 3, -1, 5, -1, -1, 7, -1, 9, 4, -1, 6, -1, 15, -1, 10, -1, -1, -1, 14, -1, -1, 11, 13, -1, -1, -1, -1, 12, -1, -1, -1, -1, -1, -1, -1, -1, -1, -1, -1, -1, -1, -1, -1, -1, -1, -1, -1]
[0, 2, -1, -1, -1, 1, 8, 3, -1, 5, -1, -1, 7, -1, 9, 4, -1, 6, -1, 15, -1, 10, -1, -1, -1, 14, -1, -1, 11, 13, -1, -1, -1, -1, 12, -1, -1, -1, -1, -1, -1, -1, -1, -1, -1, -1, -1, -1, -1, -1, -1, -1, -1, -1]
[0, 2, -1, -1, -1, 1, 8, 3, -1, 5, -1, -1, 7, -1, 9, 4, -1, 6, -1, -1, 15, 10, -1, -1, -1, 14, -1, -1, 11, 13, -1, -1, -1, -1, 12, -1, -1, -1, -1, -1, -1, -1, -1, -1, -1, -1, -1, -1, -1, -1, -1, -1, -1, -1]
[0, 2, -1, -1, -1, 1, 8, 3, -1, 5, -1, -1, 7, -1, 9, 4, -1, 6, -1, -1, 15, 10, -1, -1, -1, 14, -1, -1, 11, 13, -1, -1, -1, -1, 12, -1, -1, -1, -1, -1, -1, -1, -1, -1, -1, -1, -1, -1, -1, -1, -1, -1, -1, -1]
[0, 2, -1, -1, -1, 1, 8, 3, -1, 5, -1, -1, 7, -1, 9, 4, -1, 6, -1, -1, -1, 10, -1, -1, -1, 14, -1, -1, 11, 13, -1, 15, -1, -1, 12, -1, -1, -1, -1, -1, -1, -1, -1, -1, -1, -1, -1, -1, -1, -1, -1, -1, -1, -1]
[0, 2, -1, -1, -1, 1, 8, 3, -1, 5, -1, -1, 7, -1, 9, 4, -1, 6, -1, -1, -1, 10, -1, -1, -1, 14, -1, -1, 11, 13, -1, 15, -1, -1, 12, -1, -1, -1, -1, -1, -1, -1, -1, -1, -1, -1, -1, -1, -1, -1, -1, -1, -1, -1]
[0, 2, -1, -1, -1, 1, 8, 3, -1, 5, -1, -1, 7, -1, 9, 4, -1, 6, -1, -1, -1, 10, -1, -1, -1, -1, -1, -1, 11, 13, 15, -1, -1, -1, 12, -1, 14, -1, -1, -1, -1, -1, -1, -1, -1, -1, -1, -1, -1, -1, -1, -1, -1, -1]
[0, 2, -1, -1, -1, 1, 8, 3, -1, 5, -1, -1, 7, -1, 9, 4, -1, 6, -1, -1, -1, 10, -1, -1, -1, -1, -1, -1, 11, 13, 15, -1, -1, -1, 12, -1, 14, -1, -1, -1, -1, -1, -1, -1, -1, -1, -1, -1, -1, -1, -1, -1, -1, -1]
[0, 2, -1, -1, -1, 1, 8, 3, -1, 5, -1, -1, 7, -1, 9, 4, -1, 6, -1, -1, -1, 10, -1, -1, -1, -1, -1, -1, 11, 13, -1, 15, -1, -1, 12, -1, 14, -1, -1, -1, -1, -1, -1, -1, -1, -1, -1, -1, -1, -1, -1, -1, -1, -1]
[0, 2, -1, -1, -1, 1, 8, 3, -1, 5, -1, -1, 7, -1, 9, 4, -1, 6, -1, -1, -1, 10, -1, -1, -1, -1, -1, -1, 11, 13, -1, 15, -1, -1, 12, -1, 14, -1, -1, -1, -1, -1, -1, -1, -1, -1, -1, -1, -1, -1, -1, -1, -1, -1]
[0, 2, -1, -1, -1, 1, 8, 3, -1, 5, -1, -1, 7, -1, 9, 4, -1, 6, -1, -1, -1, 10, -1, -1, -1, -1, -1, -1, 11, 13, -1, -1, -1, -1, 12, -1, 14, -1, -1, -1, -1, -1, 15, -1, -1, -1, -1, -1, -1, -1, -1, -1, -1, -1]
[0, 2, -1, -1, -1, 1, 8, 3, -1, 5, -1, -1, 7, -1, 9, 4, -1, 6, -1, -1, -1, 10, -1, -1, -1, -1, -1, -1, 11, 13, -1, -1, -1, -1, 12, -1, 14, -1, -1, -1, -1, -1, 15, -1, -1, -1, -1, -1, -1, -1, -1, -1, -1, -1]
[0, 2, -1, -1, -1, 1, 8, 3, -1, 5, -1, -1, 7, -1, 9, 4, -1, 6, -1, -1, -1, 10, -1, -1, -1, -1, -1, -1, 11, -1, 15, -1, -1, -1, 12, -1, 14, -1, -1, -1, -1, 13, -1, -1, -1, -1, -1, -1, -1, -1, -1, -1, -1, -1]
[0, 2, -1, -1, -1, 1, 8, 3, -1, 5, -1, -1, 7, -1, 9, 4, -1, 6, -1, -1, -1, 10, -1, -1, -1, -1, -1, -1, 11, -1, 15, -1, -1, -1, 12, -1, 14, -1, -1, -1, -1, 13, -1, -1, -1, -1, -1, -1, -1, -1, -1, -1, -1, -1]
[0, 2, -1, -1, -1, 1, 8, 3, -1, 5, -1, -1, 7, -1, 9, 4, -1, 6, -1, -1, -1, 10, -1, -1, -1, -1, -1, -1, 11, -1, -1, 15, -1, -1, 12, -1, 14, -1, -1, -1, -1, 13, -1, -1, -1, -1, -1, -1, -1, -1, -1, -1, -1, -1]
[0, 2, -1, -1, -1, 1, 8, 3, -1, 5, -1, -1, 7, -1, 9, 4, -1, 6, -1, -1, -1, 10, -1, -1, -1, -1, -1, -1, 11, -1, -1, 15, -1, -1, 12, -1, 14, -1, -1, -1, -1, 13, -1, -1, -1, -1, -1, -1, -1, -1, -1, -1, -1, -1]
[0, 2, -1, -1, -1, 1, 8, 3, -1, 5, -1, -1, 7, -1, 9, 4, -1, 6, -1, -1, -1, 10, -1, -1, -1, -1, -1, -1, 11, -1, -1, -1, -1, -1, 12, -1, 14, -1, -1, -1, -1, 13, 15, -1, -1, -1, -1, -1, -1, -1, -1, -1, -1, -1]
[0, 2, -1, -1, -1, 1, 8, 3, -1, 5, -1, -1, 7, -1, 9, 4, -1, 6, -1, -1, -1, 10, -1, -1, -1, -1, -1, -1, 11, -1, -1, -1, -1, -1, 12, -1, 14, -1, -1, -1, -1, 13, 15, -1, -1, -1, -1, -1, -1, -1, -1, -1, -1, -1]
[0, 2, -1, -1, -1, 1, 8, 3, -1, 5, -1, -1, 7, -1, 9, 4, -1, 6, -1, -1, -1, 10, -1, -1, -1, -1, -1, -1, 11, -1, -1, 15, -1, -1, 12, -1, -1, 14, -1, -1, -1, 13, -1, -1, -1, -1, -1, -1, -1, -1, -1, -1, -1, -1]
[0, 2, -1, -1, -1, 1, 8, 3, -1, 5, -1, -1, 7, -1, 9, 4, -1, 6, -1, -1, -1, 10, -1, -1, -1, -1, -1, -1, 11, -1, -1, 15, -1, -1, 12, -1, -1, 14, -1, -1, -1, 13, -1, -1, -1, -1, -1, -1, -1, -1, -1, -1, -1, -1]
[0, 2, -1, -1, -1, 1, 8, 3, -1, 5, -1, -1, 7, -1, 9, 4, -1, 6, -1, -1, -1, 10, -1, -1, -1, -1, -1, -1, 11, -1, -1, -1, 15, -1, 12, -1, -1, 14, -1, -1, -1, 13, -1, -1, -1, -1, -1, -1, -1, -1, -1, -1, -1, -1]
[0, 2, -1, -1, -1, 1, 8, 3, -1, 5, -1, -1, 7, -1, 9, 4, -1, 6, -1, -1, -1, 10, -1, -1, -1, -1, -1, -1, 11, -1, -1, -1, 15, -1, 12, -1, -1, 14, -1, -1, -1, 13, -1, -1, -1, -1, -1, -1, -1, -1, -1, -1, -1, -1]
[0, 2, -1, -1, -1, 1, 8, 3, -1, 5, -1, -1, 7, -1, 9, 4, -1, 6, -1, -1, -1, 10, -1, -1, -1, -1, -1, -1, 11, -1, -1, -1, -1, -1, 12, -1, -1, 14, -1, -1, -1, 13, -1, 15, -1, -1, -1, -1, -1, -1, -1, -1, -1, -1]
[0, 2, -1, -1, -1, 1, 8, 3, -1, 5, -1, -1, 7, -1, 9, 4, -1, 6, -1, -1, -1, 10, -1, -1, -1, -1, -1, -1, 11, -1, -1, -1, -1, -1, 12, -1, -1, 14, -1, -1, -1, 13, -1, 15, -1, -1, -1, -1, -1, -1, -1, -1, -1, -1]
[0, 2, -1, -1, -1, 1, 8, 3, -1, 5, -1, -1, 7, -1, 9, 4, -1, 6, -1, -1, -1, 10, -1, -1, -1, -1, -1, -1, 11, -1, -1, -1, -1, -1, 12, -1, -1, -1, -1, -1, -1, 13, -1, 15, -1, -1, -1, -1, -1, 14, -1, -1, -1, -1]
[0, 2, -1, -1, -1, 1, 8, 3, -1, 5, -1, -1, 7, -1, 9, 4, -1, 6, -1, -1, -1, 10, -1, -1, -1, -1, -1, -1, 11, -1, -1, -1, -1, -1, 12, -1, -1, -1, -1, -1, -1, 13, -1, 15, -1, -1, -1, -1, -1, 14, -1, -1, -1, -1]
[0, 2, -1, -1, -1, 1, 8, 3, -1, 5, -1, -1, 7, -1, 9, 4, -1, 6, -1, -1, -1, 10, -1, -1, -1, -1, -1, -1, 11, -1, -1, -1, -1, -1, 12, -1, -1, -1, -1, -1, -1, 13, -1, -1, 15, -1, -1, -1, -1, 14, -1, -1, -1, -1]
[0, 2, -1, -1, -1, 1, 8, 3, -1, 5, -1, -1, 7, -1, 9, 4, -1, 6, -1, -1, -1, 10, -1, -1, -1, -1, -1, -1, 11, -1, -1, -1, -1, -1, 12, -1, -1, -1, -1, -1, -1, 13, -1, -1, 15, -1, -1, -1, -1, 14, -1, -1, -1, -1]
[0, 2, -1, 14, -1, 1, 13, 3, 10, 5, 15, 12, 7, -1, 9, 4, 11, 6, -1, 8, -1, -1, -1, -1, -1, -1, -1, -1, -1, -1, -1, -1, -1, -1, -1, -1, -1, -1, -1, -1, -1, -1, -1, -1, -1, -1, -1, -1, -1, -1, -1, -1, -1, -1]
[0, 2, -1, 14, -1, 1, 13, 3, 10, 5, 15, 12, 7, -1, 9, 4, 11, 6, -1, 8, -1, -1, -1, -1, -1, -1, -1, -1, -1, -1, -1, -1, -1, -1, -1, -1, -1, -1, -1, -1, -1, -1, -1, -1, -1, -1, -1, -1, -1, -1, -1, -1, -1, -1]
[0, 2, -1, -1, -1, 1, -1, 3, 10, 5, -1, 12, 7, 14, 9, 4, 11, 6, 13, 8, 15, -1, -1, -1, -1, -1, -1, -1, -1, -1, -1, -1, -1, -1, -1, -1, -1, -1, -1, -1, -1, -1, -1, -1, -1, -1, -1, -1, -1, -1, -1, -1, -1, -1]
[0, 2, -1, -1, -1, 1, -1, 3, 10, 5, -1, 12, 7, 14, 9, 4, 11, 6, 13, 8, 15, -1, -1, -1, -1, -1, -1, -1, -1, -1, -1, -1, -1, -1, -1, -1, -1, -1, -1, -1, -1, -1, -1, -1, -1, -1, -1, -1, -1, -1, -1, -1, -1, -1]
[0, 2, -1, -1, -1, 1, -1, 3, 10, 5, -1, 12, 7, -1, 9, 4, 11, 6, 13, 8, 15, -1, -1, -1, -1, 14, -1, -1, -1, -1, -1, -1, -1, -1, -1, -1, -1, -1, -1, -1, -1, -1, -1, -1, -1, -1, -1, -1, -1, -1, -1, -1, -1, -1]
[0, 2, -1, -1, -1, 1, -1, 3, 10, 5, -1, 12, 7, -1, 9, 4, 11, 6, 13, 8, 15, -1, -1, -1, -1, 14, -1, -1, -1, -1, -1, -1, -1, -1, -1, -1, -1, -1, -1, -1, -1, -1, -1, -1, -1, -1, -1, -1, -1, -1, -1, -1, -1, -1]
[0, 2, -1, -1, -1, 1, -1, 3, 10, 5, -1, 12, 7, -1, 9, 4, 11, 6, 13, 8, -1, -1, -1, -1, -1, 14, -1, -1, -1, -1, -1, 15, -1, -1, -1, -1, -1, -1, -1, -1, -1, -1, -1, -1, -1, -1, -1, -1, -1, -1, -1, -1, -1, -1]
[0, 2, -1, -1, -1, 1, -1, 3, 10, 5, -1, 12, 7, -1, 9, 4, 11, 6, 13, 8, -1, -1, -1, -1, -1, 14, -1, -1, -1, -1, -1, 15, -1, -1, -1, -1, -1, -1, -1, -1, -1, -1, -1, -1, -1, -1, -1, -1, -1, -1, -1, -1, -1, -1]
[0, 2, -1, -1, -1, 1, -1, 3, 10, 5, -1, -1, 7, -1, 9, 4, 11, 6, 15, 8, -1, -1, 12, -1, 14, -1, -1, -1, -1, 13, -1, -1, -1, -1, -1, -1, -1, -1, -1, -1, -1, -1, -1, -1, -1, -1, -1, -1, -1, -1, -1, -1, -1, -1]
[0, 2, -1, -1, -1, 1, -1, 3, 10, 5, -1, -1, 7, -1, 9, 4, 11, 6, 15, 8, -1, -1, 12, -1, 14, -1, -1, -1, -1, 13, -1, -1, -1, -1, -1, -1, -1, -1, -1, -1, -1, -1, -1, -1, -1, -1, -1, -1, -1, -1, -1, -1, -1, -1]
[0, 2, -1, -1, -1, 1, -1, 3, 10, 5, -1, -1, 7, -1, 9, 4, 11, 6, -1, 8, -1, -1, 12, -1, 14, -1, -1, -1, -1, 13, 15, -1, -1, -1, -1, -1, -1, -1, -1, -1, -1, -1, -1, -1, -1, -1, -1, -1, -1, -1, -1, -1, -1, -1]
[0, 2, -1, -1, -1, 1, -1, 3, 10, 5, -1, -1, 7, -1, 9, 4, 11, 6, -1, 8, -1, -1, 12, -1, 14, -1, -1, -1, -1, 13, 15, -1, -1, -1, -1, -1, -1, -1, -1, -1, -1, -1, -1, -1, -1, -1, -1, -1, -1, -1, -1, -1, -1, -1]
[0, 2, -1, -1, -1, 1, -1, 3, 10, 5, -1, -1, 7, -1, 9, 4, 11, 6, -1, 8, 15, -1, 12, -1, -1, 14, -1, -1, -1, 13, -1, -1, -1, -1, -1, -1, -1, -1, -1, -1, -1, -1, -1, -1, -1, -1, -1, -1, -1, -1, -1, -1, -1, -1]
[0, 2, -1, -1, -1, 1, -1, 3, 10, 5, -1, -1, 7, -1, 9, 4, 11, 6, -1, 8, 15, -1, 12, -1, -1, 14, -1, -1, -1, 13, -1, -1, -1, -1, -1, -1, -1, -1, -1, -1, -1, -1, -1, -1, -1, -1, -1, -1, -1, -1, -1, -1, -1, -1]
[0, 2, -1, -1, -1, 1, -1, 3, 10, 5, -1, -1, 7, -1, 9, 4, 11, 6, -1, 8, -1, -1, 12, -1, -1, 14, -1, -1, -1, 13, -1, 15, -1, -1, -1, -1, -1, -1, -1, -1, -1, -1, -1, -1, -1, -1, -1, -1, -1, -1, -1, -1, -1, -1]
[0, 2, -1, -1, -1, 1, -1, 3, 10, 5, -1, -1, 7, -1, 9, 4, 11, 6, -1, 8, -1, -1, 12, -1, -1, 14, -1, -1, -1, 13, -1, 15, -1, -1, -1, -1, -1, -1, -1, -1, -1, -1, -1, -1, -1, -1, -1, -1, -1, -1, -1, -1, -1, -1]
[0, 2, -1, -1, -1, 1, -1, 3, 10, 5, -1, -1, 7, -1, 9, 4, 11, 6, -1, 8, -1, -1, 12, -1, -1, -1, -1, -1, -1, 13, 15, -1, -1, -1, -1, -1, 14, -1, -1, -1, -1, -1, -1, -1, -1, -1, -1, -1, -1, -1, -1, -1, -1, -1]
[0, 2, -1, -1, -1, 1, -1, 3, 10, 5, -1, -1, 7, -1, 9, 4, 11, 6, -1, 8, -1, -1, 12, -1, -1, -1, -1, -1, -1, 13, 15, -1, -1, -1, -1, -1, 14, -1, -1, -1, -1, -1, -1, -1, -1, -1, -1, -1, -1, -1, -1, -1, -1, -1]
[0, 2, -1, -1, -1, 1, -1, 3, 10, 5, -1, -1, 7, -1, 9, 4, 11, 6, -1, 8, -1, -1, 12, -1, -1, -1, -1, -1, -1, 13, -1, 15, -1, -1, -1, -1, 14, -1, -1, -1, -1, -1, -1, -1, -1, -1, -1, -1, -1, -1, -1, -1, -1, -1]
[0, 2, -1, -1, -1, 1, -1, 3, 10, 5, -1, -1, 7, -1, 9, 4, 11, 6, -1, 8, -1, -1, 12, -1, -1, -1, -1, -1, -1, 13, -1, 15, -1, -1, -1, -1, 14, -1, -1, -1, -1, -1, -1, -1, -1, -1, -1, -1, -1, -1, -1, -1, -1, -1]
[0, 2, -1, -1, -1, 1, -1, 3, 10, 5, -1, -1, 7, -1, 9, 4, 11, 6, -1, 8, -1, -1, 12, -1, -1, -1, -1, -1, -1, 13, -1, -1, -1, -1, -1, -1, 14, -1, -1, -1, -1, -1, 15, -1, -1, -1, -1, -1, -1, -1, -1, -1, -1, -1]
[0, 2, -1, -1, -1, 1, -1, 3, 10, 5, -1, -1, 7, -1, 9, 4, 11, 6, -1, 8, -1, -1, 12, -1, -1, -1, -1, -1, -1, 13, -1, -1, -1, -1, -1, -1, 14, -1, -1, -1, -1, -1, 15, -1, -1, -1, -1, -1, -1, -1, -1, -1, -1, -1]
[0, 2, -1, 14, -1, 1, 13, 3, -1, 5, 15, 12, 7, -1, 9, 4, 11, 6, -1, 8, -1, 10, -1, -1, -1, -1, -1, -1, -1, -1, -1, -1, -1, -1, -1, -1, -1, -1, -1, -1, -1, -1, -1, -1, -1, -1, -1, -1, -1, -1, -1, -1, -1, -1]
[0, 2, -1, 14, -1, 1, 13, 3, -1, 5, 15, 12, 7, -1, 9, 4, 11, 6, -1, 8, -1, 10, -1, -1, -1, -1, -1, -1, -1, -1, -1, -1, -1, -1, -1, -1, -1, -1, -1, -1, -1, -1, -1, -1, -1, -1, -1, -1, -1, -1, -1, -1, -1, -1]
[0, 2, -1, -1, -1, 1, -1, 3, 15, 5, -1, 12, 7, 14, 9, 4, 11, 6, 13, 8, -1, 10, -1, -1, -1, -1, -1, -1, -1, -1, -1, -1, -1, -1, -1, -1, -1, -1, -1, -1, -1, -1, -1, -1, -1, -1, -1, -1, -1, -1, -1, -1, -1, -1]
[0, 2, -1, -1, -1, 1, -1, 3, 15, 5, -1, 12, 7, 14, 9, 4, 11, 6, 13, 8, -1, 10, -1, -1, -1, -1, -1, -1, -1, -1, -1, -1, -1, -1, -1, -1, -1, -1, -1, -1, -1, -1, -1, -1, -1, -1, -1, -1, -1, -1, -1, -1, -1, -1]
[0, 2, -1, -1, -1, 1, -1, 3, -1, 5, -1, 12, 7, 14, 9, 4, 11, 6, 13, 8, 15, 10, -1, -1, -1, -1, -1, -1, -1, -1, -1, -1, -1, -1, -1, -1, -1, -1, -1, -1, -1, -1, -1, -1, -1, -1, -1, -1, -1, -1, -1, -1, -1, -1]
[0, 2, -1, -1, -1, 1, -1, 3, -1, 5, -1, 12, 7, 14, 9, 4, 11, 6, 13, 8, 15, 10, -1, -1, -1, -1, -1, -1, -1, -1, -1, -1, -1, -1, -1, -1, -1, -1, -1, -1, -1, -1, -1, -1, -1, -1, -1, -1, -1, -1, -1, -1, -1, -1]
[0, 2, -1, -1, -1, 1, -1, 3, -1, 5, -1, 12, 7, -1, 9, 4, 11, 6, 13, 8, 15, 10, -1, -1, -1, 14, -1, -1, -1, -1, -1, -1, -1, -1, -1, -1, -1, -1, -1, -1, -1, -1, -1, -1, -1, -1, -1, -1, -1, -1, -1, -1, -1, -1]
[0, 2, -1, -1, -1, 1, -1, 3, -1, 5, -1, 12, 7, -1, 9, 4, 11, 6, 13, 8, 15, 10, -1, -1, -1, 14, -1, -1, -1, -1, -1, -1, -1, -1, -1, -1, -1, -1, -1, -1, -1, -1, -1, -1, -1, -1, -1, -1, -1, -1, -1, -1, -1, -1]
[0, 2, -1, -1, -1, 1, -1, 3, -1, 5, -1, 12, 7, -1, 9, 4, 11, 6, 13, 8, -1, 10, -1, -1, -1, 14, -1, -1, -1, -1, -1, 15, -1, -1, -1, -1, -1, -1, -1, -1, -1, -1, -1, -1, -1, -1, -1, -1, -1, -1, -1, -1, -1, -1]
[0, 2, -1, -1, -1, 1, -1, 3, -1, 5, -1, 12, 7, -1, 9, 4, 11, 6, 13, 8, -1, 10, -1, -1, -1, 14, -1, -1, -1, -1, -1, 15, -1, -1, -1, -1, -1, -1, -1, -1, -1, -1, -1, -1, -1, -1, -1, -1, -1, -1, -1, -1, -1, -1]
[0, 2, -1, -1, -1, 1, -1, 3, -1, 5, -1, -1, 7, -1, 9, 4, 11, 6, 15, 8, -1, 10, 12, -1, 14, -1, -1, -1, -1, 13, -1, -1, -1, -1, -1, -1, -1, -1, -1, -1, -1, -1, -1, -1, -1, -1, -1, -1, -1, -1, -1, -1, -1, -1]
[0, 2, -1, -1, -1, 1, -1, 3, -1, 5, -1, -1, 7, -1, 9, 4, 11, 6, 15, 8, -1, 10, 12, -1, 14, -1, -1, -1, -1, 13, -1, -1, -1, -1, -1, -1, -1, -1, -1, -1, -1, -1, -1, -1, -1, -1, -1, -1, -1, -1, -1, -1, -1, -1]
[0, 2, -1, -1, -1, 1, -1, 3, -1, 5, -1, -1, 7, -1, 9, 4, 11, 6, -1, 8, -1, 10, 12, -1, 14, -1, -1, -1, -1, 13, 15, -1, -1, -1, -1, -1, -1, -1, -1, -1, -1, -1, -1, -1, -1, -1, -1, -1, -1, -1, -1, -1, -1, -1]
[0, 2, -1, -1, -1, 1, -1, 3, -1, 5, -1, -1, 7, -1, 9, 4, 11, 6, -1, 8, -1, 10, 12, -1, 14, -1, -1, -1, -1, 13, 15, -1, -1, -1, -1, -1, -1, -1, -1, -1, -1, -1, -1, -1, -1, -1, -1, -1, -1, -1, -1, -1, -1, -1]
[0, 2, -1, -1, -1, 1, -1, 3, -1, 5, -1, -1, 7, -1, 9, 4, 11, 6, -1, 8, 15, 10, 12, -1, -1, 14, -1, -1, -1, 13, -1, -1, -1, -1, -1, -1, -1, -1, -1, -1, -1, -1, -1, -1, -1, -1, -1, -1, -1, -1, -1, -1, -1, -1]
[0, 2, -1, -1, -1, 1, -1, 3, -1, 5, -1, -1, 7, -1, 9, 4, 11, 6, -1, 8, 15, 10, 12, -1, -1, 14, -1, -1, -1, 13, -1, -1, -1, -1, -1, -1, -1, -1, -1, -1, -1, -1, -1, -1, -1, -1, -1, -1, -1, -1, -1, -1, -1, -1]
[0, 2, -1, -1, -1, 1, -1, 3, -1, 5, -1, -1, 7, -1, 9, 4, 11, 6, -1, 8, -1, 10, 12, -1, -1, 14, -1, -1, -1, 13, -1, 15, -1, -1, -1, -1, -1, -1, -1, -1, -1, -1, -1, -1, -1, -1, -1, -1, -1, -1, -1, -1, -1, -1]
[0, 2, -1, -1, -1, 1, -1, 3, -1, 5, -1, -1, 7, -1, 9, 4, 11, 6, -1, 8, -1, 10, 12, -1, -1, 14, -1, -1, -1, 13, -1, 15, -1, -1, -1, -1, -1, -1, -1, -1, -1, -1, -1, -1, -1, -1, -1, -1, -1, -1, -1, -1, -1, -1]
[0, 2, -1, -1, -1, 1, -1, 3, -1, 5, -1, -1, 7, -1, 9, 4, 11, 6, -1, 8, -1, 10, 12, -1, -1, -1, -1, -1, -1, 13, 15, -1, -1, -1, -1, -1, 14, -1, -1, -1, -1, -1, -1, -1, -1, -1, -1, -1, -1, -1, -1, -1, -1, -1]
[0, 2, -1, -1, -1, 1, -1, 3, -1, 5, -1, -1, 7, -1, 9, 4, 11, 6, -1, 8, -1, 10, 12, -1, -1, -1, -1, -1, -1, 13, 15, -1, -1, -1, -1, -1, 14, -1, -1, -1, -1, -1, -1, -1, -1, -1, -1, -1, -1, -1, -1, -1, -1, -1]
[0, 2, -1, -1, -1, 1, -1, 3, -1, 5, -1, -1, 7, -1, 9, 4, 11, 6, -1, 8, -1, 10, 12, -1, -1, -1, -1, -1, -1, 13, -1, 15, -1, -1, -1, -1, 14, -1, -1, -1, -1, -1, -1, -1, -1, -1, -1, -1, -1, -1, -1, -1, -1, -1]
[0, 2, -1, -1, -1, 1, -1, 3, -1, 5, -1, -1, 7, -1, 9, 4, 11, 6, -1, 8, -1, 10, 12, -1, -1, -1, -1, -1, -1, 13, -1, 15, -1, -1, -1, -1, 14, -1, -1, -1, -1, -1, -1, -1, -1, -1, -1, -1, -1, -1, -1, -1, -1, -1]
[0, 2, -1, -1, -1, 1, -1, 3, -1, 5, -1, -1, 7, -1, 9, 4, 11, 6, -1, 8, -1, 10, 12, -1, -1, -1, -1, -1, -1, 13, -1, -1, -1, -1, -1, -1, 14, -1, -1, -1, -1, -1, 15, -1, -1, -1, -1, -1, -1, -1, -1, -1, -1, -1]
[0, 2, -1, -1, -1, 1, -1, 3, -1, 5, -1, -1, 7, -1, 9, 4, 11, 6, -1, 8, -1, 10, 12, -1, -1, -1, -1, -1, -1, 13, -1, -1, -1, -1, -1, -1, 14, -1, -1, -1, -1, -1, 15, -1, -1, -1, -1, -1, -1, -1, -1, -1, -1, -1]
[0, 2, -1, -1, -1, 1, -1, 3, 15, 5, -1, -1, 7, 14, 9, 4, -1, 6, 13, 8, -1, 10, -1, 12, -1, -1, -1, -1, 11, -1, -1, -1, -1, -1, -1, -1, -1, -1, -1, -1, -1, -1, -1, -1, -1, -1, -1, -1, -1, -1, -1, -1, -1, -1]
[0, 2, -1, -1, -1, 1, -1, 3, 15, 5, -1, -1, 7, 14, 9, 4, -1, 6, 13, 8, -1, 10, -1, 12, -1, -1, -1, -1, 11, -1, -1, -1, -1, -1, -1, -1, -1, -1, -1, -1, -1, -1, -1, -1, -1, -1, -1, -1, -1, -1, -1, -1, -1, -1]
[0, 2, -1, -1, -1, 1, -1, 3, -1, 5, -1, -1, 7, 14, 9, 4, -1, 6, 13, 8, 15, 10, -1, 12, -1, -1, -1, -1, 11, -1, -1, -1, -1, -1, -1, -1, -1, -1, -1, -1, -1, -1, -1, -1, -1, -1, -1, -1, -1, -1, -1, -1, -1, -1]
[0, 2, -1, -1, -1, 1, -1, 3, -1, 5, -1, -1, 7, 14, 9, 4, -1, 6, 13, 8, 15, 10, -1, 12, -1, -1, -1, -1, 11, -1, -1, -1, -1, -1, -1, -1, -1, -1, -1, -1, -1, -1, -1, -1, -1, -1, -1, -1, -1, -1, -1, -1, -1, -1]
[0, 2, -1, -1, -1, 1, -1, 3, -1, 5, -1, -1, 7, -1, 9, 4, -1, 6, 13, 8, 15, 10, -1, 12, -1, 14, -1, -1, 11, -1, -1, -1, -1, -1, -1, -1, -1, -1, -1, -1, -1, -1, -1, -1, -1, -1, -1, -1, -1, -1, -1, -1, -1, -1]
[0, 2, -1, -1, -1, 1, -1, 3, -1, 5, -1, -1, 7, -1, 9, 4, -1, 6, 13, 8, 15, 10, -1, 12, -1, 14, -1, -1, 11, -1, -1, -1, -1, -1, -1, -1, -1, -1, -1, -1, -1, -1, -1, -1, -1, -1, -1, -1, -1, -1, -1, -1, -1, -1]
[0, 2, -1, -1, -1, 1, -1, 3, -1, 5, -1, -1, 7, -1, 9, 4, -1, 6, 13, 8, -1, 10, -1, 12, -1, 14, -1, -1, 11, -1, -1, 15, -1, -1, -1, -1, -1, -1, -1, -1, -1, -1, -1, -1, -1, -1, -1, -1, -1, -1, -1, -1, -1, -1]
[0, 2, -1, -1, -1, 1, -1, 3, -1, 5, -1, -1, 7, -1, 9, 4, -1, 6, 13, 8, -1, 10, -1, 12, -1, 14, -1, -1, 11, -1, -1, 15, -1, -1, -1, -1, -1, -1, -1, -1, -1, -1, -1, -1, -1, -1, -1, -1, -1, -1, -1, -1, -1, -1]
[0, 2, -1, -1, -1, 1, -1, 3, -1, 5, -1, -1, 7, -1, 9, 4, -1, 6, 15, 8, -1, 10, -1, -1, 14, -1, -1, -1, 11, 13, -1, -1, -1, -1, 12, -1, -1, -1, -1, -1, -1, -1, -1, -1, -1, -1, -1, -1, -1, -1, -1, -1, -1, -1]
[0, 2, -1, -1, -1, 1, -1, 3, -1, 5, -1, -1, 7, -1, 9, 4, -1, 6, 15, 8, -1, 10, -1, -1, 14, -1, -1, -1, 11, 13, -1, -1, -1, -1, 12, -1, -1, -1, -1, -1, -1, -1, -1, -1, -1, -1, -1, -1, -1, -1, -1, -1, -1, -1]
[0, 2, -1, -1, -1, 1, -1, 3, -1, 5, -1, -1, 7, -1, 9, 4, -1, 6, -1, 8, -1, 10, -1, -1, 14, -1, -1, -1, 11, 13, 15, -1, -1, -1, 12, -1, -1, -1, -1, -1, -1, -1, -1, -1, -1, -1, -1, -1, -1, -1, -1, -1, -1, -1]
[0, 2, -1, -1, -1, 1, -1, 3, -1, 5, -1, -1, 7, -1, 9, 4, -1, 6, -1, 8, -1, 10, -1, -1, 14, -1, -1, -1, 11, 13, 15, -1, -1, -1, 12, -1, -1, -1, -1, -1, -1, -1, -1, -1, -1, -1, -1, -1, -1, -1, -1, -1, -1, -1]
[0, 2, -1, -1, -1, 1, -1, 3, -1, 5, -1, -1, 7, -1, 9, 4, -1, 6, -1, 8, 15, 10, -1, -1, -1, 14, -1, -1, 11, 13, -1, -1, -1, -1, 12, -1, -1, -1, -1, -1, -1, -1, -1, -1, -1, -1, -1, -1, -1, -1, -1, -1, -1, -1]
[0, 2, -1, -1, -1, 1, -1, 3, -1, 5, -1, -1, 7, -1, 9, 4, -1, 6, -1, 8, 15, 10, -1, -1, -1, 14, -1, -1, 11, 13, -1, -1, -1, -1, 12, -1, -1, -1, -1, -1, -1, -1, -1, -1, -1, -1, -1, -1, -1, -1, -1, -1, -1, -1]
[0, 2, -1, -1, -1, 1, -1, 3, -1, 5, -1, -1, 7, -1, 9, 4, -1, 6, -1, 8, -1, 10, -1, -1, -1, 14, -1, -1, 11, 13, -1, 15, -1, -1, 12, -1, -1, -1, -1, -1, -1, -1, -1, -1, -1, -1, -1, -1, -1, -1, -1, -1, -1, -1]
[0, 2, -1, -1, -1, 1, -1, 3, -1, 5, -1, -1, 7, -1, 9, 4, -1, 6, -1, 8, -1, 10, -1, -1, -1, 14, -1, -1, 11, 13, -1, 15, -1, -1, 12, -1, -1, -1, -1, -1, -1, -1, -1, -1, -1, -1, -1, -1, -1, -1, -1, -1, -1, -1]
[0, 2, -1, -1, -1, 1, -1, 3, -1, 5, -1, -1, 7, -1, 9, 4, -1, 6, -1, 8, -1, 10, -1, -1, -1, -1, -1, -1, 11, 13, 15, -1, -1, -1, 12, -1, 14, -1, -1, -1, -1, -1, -1, -1, -1, -1, -1, -1, -1, -1, -1, -1, -1, -1]
[0, 2, -1, -1, -1, 1, -1, 3, -1, 5, -1, -1, 7, -1, 9, 4, -1, 6, -1, 8, -1, 10, -1, -1, -1, -1, -1, -1, 11, 13, 15, -1, -1, -1, 12, -1, 14, -1, -1, -1, -1, -1, -1, -1, -1, -1, -1, -1, -1, -1, -1, -1, -1, -1]
[0, 2, -1, -1, -1, 1, -1, 3, -1, 5, -1, -1, 7, -1, 9, 4, -1, 6, -1, 8, -1, 10, -1, -1, -1, -1, -1, -1, 11, 13, -1, 15, -1, -1, 12, -1, 14, -1, -1, -1, -1, -1, -1, -1, -1, -1, -1, -1, -1, -1, -1, -1, -1, -1]
[0, 2, -1, -1, -1, 1, -1, 3, -1, 5, -1, -1, 7, -1, 9, 4, -1, 6, -1, 8, -1, 10, -1, -1, -1, -1, -1, -1, 11, 13, -1, 15, -1, -1, 12, -1, 14, -1, -1, -1, -1, -1, -1, -1, -1, -1, -1, -1, -1, -1, -1, -1, -1, -1]
[0, 2, -1, -1, -1, 1, -1, 3, -1, 5, -1, -1, 7, -1, 9, 4, -1, 6, -1, 8, -1, 10, -1, -1, -1, -1, -1, -1, 11, 13, -1, -1, -1, -1, 12, -1, 14, -1, -1, -1, -1, -1, 15, -1, -1, -1, -1, -1, -1, -1, -1, -1, -1, -1]
[0, 2, -1, -1, -1, 1, -1, 3, -1, 5, -1, -1, 7, -1, 9, 4, -1, 6, -1, 8, -1, 10, -1, -1, -1, -1, -1, -1, 11, 13, -1, -1, -1, -1, 12, -1, 14, -1, -1, -1, -1, -1, 15, -1, -1, -1, -1, -1, -1, -1, -1, -1, -1, -1]
[0, 2, -1, -1, -1, 1, -1, 3, -1, 5, -1, -1, 7, -1, 9, 4, -1, 6, -1, 8, -1, 10, -1, -1, -1, -1, -1, -1, 11, -1, 15, -1, -1, -1, 12, -1, 14, -1, -1, -1, -1, 13, -1, -1, -1, -1, -1, -1, -1, -1, -1, -1, -1, -1]
[0, 2, -1, -1, -1, 1, -1, 3, -1, 5, -1, -1, 7, -1, 9, 4, -1, 6, -1, 8, -1, 10, -1, -1, -1, -1, -1, -1, 11, -1, 15, -1, -1, -1, 12, -1, 14, -1, -1, -1, -1, 13, -1, -1, -1, -1, -1, -1, -1, -1, -1, -1, -1, -1]
[0, 2, -1, -1, -1, 1, -1, 3, -1, 5, -1, -1, 7, -1, 9, 4, -1, 6, -1, 8, -1, 10, -1, -1, -1, -1, -1, -1, 11, -1, -1, 15, -1, -1, 12, -1, 14, -1, -1, -1, -1, 13, -1, -1, -1, -1, -1, -1, -1, -1, -1, -1, -1, -1]
[0, 2, -1, -1, -1, 1, -1, 3, -1, 5, -1, -1, 7, -1, 9, 4, -1, 6, -1, 8, -1, 10, -1, -1, -1, -1, -1, -1, 11, -1, -1, 15, -1, -1, 12, -1, 14, -1, -1, -1, -1, 13, -1, -1, -1, -1, -1, -1, -1, -1, -1, -1, -1, -1]
[0, 2, -1, -1, -1, 1, -1, 3, -1, 5, -1, -1, 7, -1, 9, 4, -1, 6, -1, 8, -1, 10, -1, -1, -1, -1, -1, -1, 11, -1, -1, -1, -1, -1, 12, -1, 14, -1, -1, -1, -1, 13, 15, -1, -1, -1, -1, -1, -1, -1, -1, -1, -1, -1]
[0, 2, -1, -1, -1, 1, -1, 3, -1, 5, -1, -1, 7, -1, 9, 4, -1, 6, -1, 8, -1, 10, -1, -1, -1, -1, -1, -1, 11, -1, -1, -1, -1, -1, 12, -1, 14, -1, -1, -1, -1, 13, 15, -1, -1, -1, -1, -1, -1, -1, -1, -1, -1, -1]
[0, 2, -1, -1, -1, 1, -1, 3, -1, 5, -1, -1, 7, -1, 9, 4, -1, 6, -1, 8, -1, 10, -1, -1, -1, -1, -1, -1, 11, -1, -1, 15, -1, -1, 12, -1, -1, 14, -1, -1, -1, 13, -1, -1, -1, -1, -1, -1, -1, -1, -1, -1, -1, -1]
[0, 2, -1, -1, -1, 1, -1, 3, -1, 5, -1, -1, 7, -1, 9, 4, -1, 6, -1, 8, -1, 10, -1, -1, -1, -1, -1, -1, 11, -1, -1, 15, -1, -1, 12, -1, -1, 14, -1, -1, -1, 13, -1, -1, -1, -1, -1, -1, -1, -1, -1, -1, -1, -1]
[0, 2, -1, -1, -1, 1, -1, 3, -1, 5, -1, -1, 7, -1, 9, 4, -1, 6, -1, 8, -1, 10, -1, -1, -1, -1, -1, -1, 11, -1, -1, -1, 15, -1, 12, -1, -1, 14, -1, -1, -1, 13, -1, -1, -1, -1, -1, -1, -1, -1, -1, -1, -1, -1]
[0, 2, -1, -1, -1, 1, -1, 3, -1, 5, -1, -1, 7, -1, 9, 4, -1, 6, -1, 8, -1, 10, -1, -1, -1, -1, -1, -1, 11, -1, -1, -1, 15, -1, 12, -1, -1, 14, -1, -1, -1, 13, -1, -1, -1, -1, -1, -1, -1, -1, -1, -1, -1, -1]
[0, 2, -1, -1, -1, 1, -1, 3, -1, 5, -1, -1, 7, -1, 9, 4, -1, 6, -1, 8, -1, 10, -1, -1, -1, -1, -1, -1, 11, -1, -1, -1, -1, -1, 12, -1, -1, 14, -1, -1, -1, 13, -1, 15, -1, -1, -1, -1, -1, -1, -1, -1, -1, -1]
[0, 2, -1, -1, -1, 1, -1, 3, -1, 5, -1, -1, 7, -1, 9, 4, -1, 6, -1, 8, -1, 10, -1, -1, -1, -1, -1, -1, 11, -1, -1, -1, -1, -1, 12, -1, -1, 14, -1, -1, -1, 13, -1, 15, -1, -1, -1, -1, -1, -1, -1, -1, -1, -1]
[0, 2, -1, -1, -1, 1, -1, 3, -1, 5, -1, -1, 7, -1, 9, 4, -1, 6, -1, 8, -1, 10, -1, -1, -1, -1, -1, -1, 11, -1, -1, -1, -1, -1, 12, -1, -1, -1, -1, -1, -1, 13, -1, 15, -1, -1, -1, -1, -1, 14, -1, -1, -1, -1]
[0, 2, -1, -1, -1, 1, -1, 3, -1, 5, -1, -1, 7, -1, 9, 4, -1, 6, -1, 8, -1, 10, -1, -1, -1, -1, -1, -1, 11, -1, -1, -1, -1, -1, 12, -1, -1, -1, -1, -1, -1, 13, -1, 15, -1, -1, -1, -1, -1, 14, -1, -1, -1, -1]
[0, 2, -1, -1, -1, 1, -1, 3, -1, 5, -1, -1, 7, -1, 9, 4, -1, 6, -1, 8, -1, 10, -1, -1, -1, -1, -1, -1, 11, -1, -1, -1, -1, -1, 12, -1, -1, -1, -1, -1, -1, 13, -1, -1, 15, -1, -1, -1, -1, 14, -1, -1, -1, -1]
[0, 2, -1, -1, -1, 1, -1, 3, -1, 5, -1, -1, 7, -1, 9, 4, -1, 6, -1, 8, -1, 10, -1, -1, -1, -1, -1, -1, 11, -1, -1, -1, -1, -1, 12, -1, -1, -1, -1, -1, -1, 13, -1, -1, 15, -1, -1, -1, -1, 14, -1, -1, -1, -1]
[0, 2, -1, 14, -1, 1, 13, 3, -1, 5, 15, 12, 7, -1, -1, 4, 11, 6, -1, 8, 10, -1, -1, -1, -1, -1, 9, -1, -1, -1, -1, -1, -1, -1, -1, -1, -1, -1, -1, -1, -1, -1, -1, -1, -1, -1, -1, -1, -1, -1, -1, -1, -1, -1]
[0, 2, -1, 14, -1, 1, 13, 3, -1, 5, 15, 12, 7, -1, -1, 4, 11, 6, -1, 8, 10, -1, -1, -1, -1, -1, 9, -1, -1, -1, -1, -1, -1, -1, -1, -1, -1, -1, -1, -1, -1, -1, -1, -1, -1, -1, -1, -1, -1, -1, -1, -1, -1, -1]
[0, 2, -1, -1, -1, 1, 13, 3, 15, 5, -1, 12, 7, -1, 14, 4, 11, 6, -1, 8, 10, -1, -1, -1, -1, -1, 9, -1, -1, -1, -1, -1, -1, -1, -1, -1, -1, -1, -1, -1, -1, -1, -1, -1, -1, -1, -1, -1, -1, -1, -1, -1, -1, -1]
[0, 2, -1, -1, -1, 1, 13, 3, 15, 5, -1, 12, 7, -1, 14, 4, 11, 6, -1, 8, 10, -1, -1, -1, -1, -1, 9, -1, -1, -1, -1, -1, -1, -1, -1, -1, -1, -1, -1, -1, -1, -1, -1, -1, -1, -1, -1, -1, -1, -1, -1, -1, -1, -1]
[0, 2, -1, -1, -1, 1, 13, 3, -1, 5, -1, 12, 7, -1, 14, 4, 11, 6, -1, 8, 10, 15, -1, -1, -1, -1, 9, -1, -1, -1, -1, -1, -1, -1, -1, -1, -1, -1, -1, -1, -1, -1, -1, -1, -1, -1, -1, -1, -1, -1, -1, -1, -1, -1]
[0, 2, -1, -1, -1, 1, 13, 3, -1, 5, -1, 12, 7, -1, 14, 4, 11, 6, -1, 8, 10, 15, -1, -1, -1, -1, 9, -1, -1, -1, -1, -1, -1, -1, -1, -1, -1, -1, -1, -1, -1, -1, -1, -1, -1, -1, -1, -1, -1, -1, -1, -1, -1, -1]
[0, 2, -1, -1, -1, 1, -1, 3, 15, 5, -1, 12, 7, 14, -1, 4, 11, 6, 13, 8, 10, -1, -1, -1, -1, -1, 9, -1, -1, -1, -1, -1, -1, -1, -1, -1, -1, -1, -1, -1, -1, -1, -1, -1, -1, -1, -1, -1, -1, -1, -1, -1, -1, -1]
[0, 2, -1, -1, -1, 1, -1, 3, 15, 5, -1, 12, 7, 14, -1, 4, 11, 6, 13, 8, 10, -1, -1, -1, -1, -1, 9, -1, -1, -1, -1, -1, -1, -1, -1, -1, -1, -1, -1, -1, -1, -1, -1, -1, -1, -1, -1, -1, -1, -1, -1, -1, -1, -1]
[0, 2, -1, -1, -1, 1, -1, 3, 15, 5, -1, 12, 7, -1, 14, 4, 11, 6, 13, 8, 10, -1, -1, -1, -1, -1, 9, -1, -1, -1, -1, -1, -1, -1, -1, -1, -1, -1, -1, -1, -1, -1, -1, -1, -1, -1, -1, -1, -1, -1, -1, -1, -1, -1]
[0, 2, -1, -1, -1, 1, -1, 3, 15, 5, -1, 12, 7, -1, 14, 4, 11, 6, 13, 8, 10, -1, -1, -1, -1, -1, 9, -1, -1, -1, -1, -1, -1, -1, -1, -1, -1, -1, -1, -1, -1, -1, -1, -1, -1, -1, -1, -1, -1, -1, -1, -1, -1, -1]
[0, 2, -1, -1, -1, 1, -1, 3, -1, 5, -1, 12, 7, -1, 14, 4, 11, 6, 13, 8, 10, 15, -1, -1, -1, -1, 9, -1, -1, -1, -1, -1, -1, -1, -1, -1, -1, -1, -1, -1, -1, -1, -1, -1, -1, -1, -1, -1, -1, -1, -1, -1, -1, -1]
[0, 2, -1, -1, -1, 1, -1, 3, -1, 5, -1, 12, 7, -1, 14, 4, 11, 6, 13, 8, 10, 15, -1, -1, -1, -1, 9, -1, -1, -1, -1, -1, -1, -1, -1, -1, -1, -1, -1, -1, -1, -1, -1, -1, -1, -1, -1, -1, -1, -1, -1, -1, -1, -1]
[0, 2, -1, -1, -1, 1, -1, 3, -1, 5, -1, 12, 7, -1, -1, 4, 11, 6, 13, 8, 10, -1, -1, -1, -1, 14, 9, -1, -1, -1, -1, 15, -1, -1, -1, -1, -1, -1, -1, -1, -1, -1, -1, -1, -1, -1, -1, -1, -1, -1, -1, -1, -1, -1]
[0, 2, -1, -1, -1, 1, -1, 3, -1, 5, -1, 12, 7, -1, -1, 4, 11, 6, 13, 8, 10, -1, -1, -1, -1, 14, 9, -1, -1, -1, -1, 15, -1, -1, -1, -1, -1, -1, -1, -1, -1, -1, -1, -1, -1, -1, -1, -1, -1, -1, -1, -1, -1, -1]
[0, 2, -1, -1, -1, 1, -1, 3, -1, 5, -1, -1, 7, -1, -1, 4, 11, 6, 15, 8, 10, -1, 12, -1, 14, -1, 9, -1, -1, 13, -1, -1, -1, -1, -1, -1, -1, -1, -1, -1, -1, -1, -1, -1, -1, -1, -1, -1, -1, -1, -1, -1, -1, -1]
[0, 2, -1, -1, -1, 1, -1, 3, -1, 5, -1, -1, 7, -1, -1, 4, 11, 6, 15, 8, 10, -1, 12, -1, 14, -1, 9, -1, -1, 13, -1, -1, -1, -1, -1, -1, -1, -1, -1, -1, -1, -1, -1, -1, -1, -1, -1, -1, -1, -1, -1, -1, -1, -1]
[0, 2, -1, -1, -1, 1, -1, 3, -1, 5, -1, -1, 7, -1, -1, 4, 11, 6, -1, 8, 10, -1, 12, -1, 14, -1, 9, -1, -1, 13, 15, -1, -1, -1, -1, -1, -1, -1, -1, -1, -1, -1, -1, -1, -1, -1, -1, -1, -1, -1, -1, -1, -1, -1]
[0, 2, -1, -1, -1, 1, -1, 3, -1, 5, -1, -1, 7, -1, -1, 4, 11, 6, -1, 8, 10, -1, 12, -1, 14, -1, 9, -1, -1, 13, 15, -1, -1, -1, -1, -1, -1, -1, -1, -1, -1, -1, -1, -1, -1, -1, -1, -1, -1, -1, -1, -1, -1, -1]
