[0, 2, 9, -1, -1, 1, 8, 3, -1, 5, -1, -1, 7, -1, -1, 4, -1, 6, -1, -1, -1, -1, -1, -1, -1, -1, -1, -1, -1, -1, -1, -1, -1, -1, -1, -1, -1, -1, -1, -1, -1, -1, -1, -1, -1, -1, -1, -1, -1, -1, -1, -1, -1, -1]
[0, 2, 9, -1, -1, 1, 8, 3, -1, 5, -1, -1, 7, -1, -1, 4, -1, 6, -1, -1, -1, -1, -1, -1, -1, -1, -1, -1, -1, -1, -1, -1, -1, -1, -1, -1, -1, -1, -1, -1, -1, -1, -1, -1, -1, -1, -1, -1, -1, -1, -1, -1, -1, -1]
[0, 2, -1, 9, -1, 1, 8, 3, -1, 5, -1, -1, 7, -1, -1, 4, -1, 6, -1, -1, -1, -1, -1, -1, -1, -1, -1, -1, -1, -1, -1, -1, -1, -1, -1, -1, -1, -1, -1, -1, -1, -1, -1, -1, -1, -1, -1, -1, -1, -1, -1, -1, -1, -1]
[0, 2, -1, 9, -1, 1, 8, 3, -1, 5, -1, -1, 7, -1, -1, 4, -1, 6, -1, -1, -1, -1, -1, -1, -1, -1, -1, -1, -1, -1, -1, -1, -1, -1, -1, -1, -1, -1, -1, -1, -1, -1, -1, -1, -1, -1, -1, -1, -1, -1, -1, -1, -1, -1]
[0, 2, -1, -1, -1, 1, 8, 3, -1, 5, -1, -1, 7, -1, 9, 4, -1, 6, -1, -1, -1, -1, -1, -1, -1, -1, -1, -1, -1, -1, -1, -1, -1, -1, -1, -1, -1, -1, -1, -1, -1, -1, -1, -1, -1, -1, -1, -1, -1, -1, -1, -1, -1, -1]
[0, 2, -1, -1, -1, 1, 8, 3, -1, 5, -1, -1, 7, -1, 9, 4, -1, 6, -1, -1, -1, -1, -1, -1, -1, -1, -1, -1, -1, -1, -1, -1, -1, -1, -1, -1, -1, -1, -1, -1, -1, -1, -1, -1, -1, -1, -1, -1, -1, -1, -1, -1, -1, -1]
[0, 2, -1, -1, -1, 1, -1, 3, -1, 5, -1, -1, 7, -1, 9, 4, -1, 6, -1, 8, -1, -1, -1, -1, -1, -1, -1, -1, -1, -1, -1, -1, -1, -1, -1, -1, -1, -1, -1, -1, -1, -1, -1, -1, -1, -1, -1, -1, -1, -1, -1, -1, -1, -1]
[0, 2, -1, -1, -1, 1, -1, 3, -1, 5, -1, -1, 7, -1, 9, 4, -1, 6, -1, 8, -1, -1, -1, -1, -1, -1, -1, -1, -1, -1, -1, -1, -1, -1, -1, -1, -1, -1, -1, -1, -1, -1, -1, -1, -1, -1, -1, -1, -1, -1, -1, -1, -1, -1]
[0, 2, -1, -1, -1, 1, -1, 3, -1, 5, -1, -1, 7, -1, -1, 4, -1, 6, -1, 8, -1, -1, -1, -1, -1, -1, 9, -1, -1, -1, -1, -1, -1, -1, -1, -1, -1, -1, -1, -1, -1, -1, -1, -1, -1, -1, -1, -1, -1, -1, -1, -1, -1, -1]
[0, 2, -1, -1, -1, 1, -1, 3, -1, 5, -1, -1, 7, -1, -1, 4, -1, 6, -1, 8, -1, -1, -1, -1, -1, -1, 9, -1, -1, -1, -1, -1, -1, -1, -1, -1, -1, -1, -1, -1, -1, -1, -1, -1, -1, -1, -1, -1, -1, -1, -1, -1, -1, -1]
[0, 2, -1, -1, 9, 1, -1, 3, 8, 5, -1, -1, -1, 7, -1, 4, -1, 6, -1, -1, -1, -1, -1, -1, -1, -1, -1, -1, -1, -1, -1, -1, -1, -1, -1, -1, -1, -1, -1, -1, -1, -1, -1, -1, -1, -1, -1, -1, -1, -1, -1, -1, -1, -1]
[0, 2, -1, -1, 9, 1, -1, 3, 8, 5, -1, -1, -1, 7, -1, 4, -1, 6, -1, -1, -1, -1, -1, -1, -1, -1, -1, -1, -1, -1, -1, -1, -1, -1, -1, -1, -1, -1, -1, -1, -1, -1, -1, -1, -1, -1, -1, -1, -1, -1, -1, -1, -1, -1]
[0, 2, -1, -1, -1, 1, -1, 3, 8, 5, -1, -1, -1, 7, -1, 4, 9, 6, -1, -1, -1, -1, -1, -1, -1, -1, -1, -1, -1, -1, -1, -1, -1, -1, -1, -1, -1, -1, -1, -1, -1, -1, -1, -1, -1, -1, -1, -1, -1, -1, -1, -1, -1, -1]
[0, 2, -1, -1, -1, 1, -1, 3, 8, 5, -1, -1, -1, 7, -1, 4, 9, 6, -1, -1, -1, -1, -1, -1, -1, -1, -1, -1, -1, -1, -1, -1, -1, -1, -1, -1, -1, -1, -1, -1, -1, -1, -1, -1, -1, -1, -1, -1, -1, -1, -1, -1, -1, -1]
[0, 2, -1, -1, -1, 1, -1, 3, -1, 5, -1, -1, -1, 7, -1, 4, 9, 6, -1, -1, 8, -1, -1, -1, -1, -1, -1, -1, -1, -1, -1, -1, -1, -1, -1, -1, -1, -1, -1, -1, -1, -1, -1, -1, -1, -1, -1, -1, -1, -1, -1, -1, -1, -1]
[0, 2, -1, -1, -1, 1, -1, 3, -1, 5, -1, -1, -1, 7, -1, 4, 9, 6, -1, -1, 8, -1, -1, -1, -1, -1, -1, -1, -1, -1, -1, -1, -1, -1, -1, -1, -1, -1, -1, -1, -1, -1, -1, -1, -1, -1, -1, -1, -1, -1, -1, -1, -1, -1]
[0, 2, -1, -1, -1, 1, -1, 3, -1, 5, -1, -1, -1, 7, -1, 4, -1, 6, -1, -1, 8, -1, -1, -1, -1, -1, -1, 9, -1, -1, -1, -1, -1, -1, -1, -1, -1, -1, -1, -1, -1, -1, -1, -1, -1, -1, -1, -1, -1, -1, -1, -1, -1, -1]
[0, 2, -1, -1, -1, 1, -1, 3, -1, 5, -1, -1, -1, 7, -1, 4, -1, 6, -1, -1, 8, -1, -1, -1, -1, -1, -1, 9, -1, -1, -1, -1, -1, -1, -1, -1, -1, -1, -1, -1, -1, -1, -1, -1, -1, -1, -1, -1, -1, -1, -1, -1, -1, -1]
[0, 2, -1, -1, -1, 1, -1, 3, -1, 5, -1, -1, -1, 9, -1, 4, -1, 6, 8, -1, -1, -1, -1, -1, 7, -1, -1, -1, -1, -1, -1, -1, -1, -1, -1, -1, -1, -1, -1, -1, -1, -1, -1, -1, -1, -1, -1, -1, -1, -1, -1, -1, -1, -1]
[0, 2, -1, -1, -1, 1, -1, 3, -1, 5, -1, -1, -1, 9, -1, 4, -1, 6, 8, -1, -1, -1, -1, -1, 7, -1, -1, -1, -1, -1, -1, -1, -1, -1, -1, -1, -1, -1, -1, -1, -1, -1, -1, -1, -1, -1, -1, -1, -1, -1, -1, -1, -1, -1]
[0, 2, -1, -1, -1, 1, -1, 3, -1, 5, -1, -1, -1, -1, 9, 4, -1, 6, 8, -1, -1, -1, -1, -1, 7, -1, -1, -1, -1, -1, -1, -1, -1, -1, -1, -1, -1, -1, -1, -1, -1, -1, -1, -1, -1, -1, -1, -1, -1, -1, -1, -1, -1, -1]
[0, 2, -1, -1, -1, 1, -1, 3, -1, 5, -1, -1, -1, -1, 9, 4, -1, 6, 8, -1, -1, -1, -1, -1, 7, -1, -1, -1, -1, -1, -1, -1, -1, -1, -1, -1, -1, -1, -1, -1, -1, -1, -1, -1, -1, -1, -1, -1, -1, -1, -1, -1, -1, -1]
[0, 2, -1, -1, -1, 1, -1, 3, -1, 5, -1, -1, -1, -1, -1, 4, -1, 6, 8, -1, -1, -1, -1, -1, 7, 9, -1, -1, -1, -1, -1, -1, -1, -1, -1, -1, -1, -1, -1, -1, -1, -1, -1, -1, -1, -1, -1, -1, -1, -1, -1, -1, -1, -1]
[0, 2, -1, -1, -1, 1, -1, 3, -1, 5, -1, -1, -1, -1, -1, 4, -1, 6, 8, -1, -1, -1, -1, -1, 7, 9, -1, -1, -1, -1, -1, -1, -1, -1, -1, -1, -1, -1, -1, -1, -1, -1, -1, -1, -1, -1, -1, -1, -1, -1, -1, -1, -1, -1]
[0, 2, -1, -1, -1, 1, -1, 3, -1, 5, -1, -1, -1, -1, 9, 4, -1, 6, -1, 8, -1, -1, -1, -1, 7, -1, -1, -1, -1, -1, -1, -1, -1, -1, -1, -1, -1, -1, -1, -1, -1, -1, -1, -1, -1, -1, -1, -1, -1, -1, -1, -1, -1, -1]
[0, 2, -1, -1, -1, 1, -1, 3, -1, 5, -1, -1, -1, -1, 9, 4, -1, 6, -1, 8, -1, -1, -1, -1, 7, -1, -1, -1, -1, -1, -1, -1, -1, -1, -1, -1, -1, -1, -1, -1, -1, -1, -1, -1, -1, -1, -1, -1, -1, -1, -1, -1, -1, -1]
[0, 2, -1, -1, -1, 1, -1, 3, -1, 5, -1, -1, -1, -1, -1, 4, -1, 6, -1, 8, -1, -1, -1, -1, 7, -1, 9, -1, -1, -1, -1, -1, -1, -1, -1, -1, -1, -1, -1, -1, -1, -1, -1, -1, -1, -1, -1, -1, -1, -1, -1, -1, -1, -1]
[0, 2, -1, -1, -1, 1, -1, 3, -1, 5, -1, -1, -1, -1, -1, 4, -1, 6, -1, 8, -1, -1, -1, -1, 7, -1, 9, -1, -1, -1, -1, -1, -1, -1, -1, -1, -1, -1, -1, -1, -1, -1, -1, -1, -1, -1, -1, -1, -1, -1, -1, -1, -1, -1]
[0, 2, -1, -1, -1, 1, -1, 3, -1, 5, -1, -1, -1, -1, -1, 4, -1, 6, -1, -1, -1, -1, -1, -1, 7, 9, -1, -1, -1, -1, 8, -1, -1, -1, -1, -1, -1, -1, -1, -1, -1, -1, -1, -1, -1, -1, -1, -1, -1, -1, -1, -1, -1, -1]
[0, 2, -1, -1, -1, 1, -1, 3, -1, 5, -1, -1, -1, -1, -1, 4, -1, 6, -1, -1, -1, -1, -1, -1, 7, 9, -1, -1, -1, -1, 8, -1, -1, -1, -1, -1, -1, -1, -1, -1, -1, -1, -1, -1, -1, -1, -1, -1, -1, -1, -1, -1, -1, -1]
[0, 2, -1, -1, -1, 1, -1, 3, -1, 5, -1, -1, -1, -1, -1, 4, -1, 6, -1, -1, -1, -1, -1, -1, 7, -1, 9, -1, -1, -1, 8, -1, -1, -1, -1, -1, -1, -1, -1, -1, -1, -1, -1, -1, -1, -1, -1, -1, -1, -1, -1, -1, -1, -1]
[0, 2, -1, -1, -1, 1, -1, 3, -1, 5, -1, -1, -1, -1, -1, 4, -1, 6, -1, -1, -1, -1, -1, -1, 7, -1, 9, -1, -1, -1, 8, -1, -1, -1, -1, -1, -1, -1, -1, -1, -1, -1, -1, -1, -1, -1, -1, -1, -1, -1, -1, -1, -1, -1]
[0, 2, -1, -1, -1, 1, -1, 3, -1, 5, -1, -1, -1, -1, -1, 4, -1, 6, -1, -1, -1, -1, -1, -1, 7, -1, -1, -1, -1, -1, 8, -1, -1, -1, -1, -1, -1, 9, -1, -1, -1, -1, -1, -1, -1, -1, -1, -1, -1, -1, -1, -1, -1, -1]
[0, 2, -1, -1, -1, 1, -1, 3, -1, 5, -1, -1, -1, -1, -1, 4, -1, 6, -1, -1, -1, -1, -1, -1, 7, -1, -1, -1, -1, -1, 8, -1, -1, -1, -1, -1, -1, 9, -1, -1, -1, -1, -1, -1, -1, -1, -1, -1, -1, -1, -1, -1, -1, -1]
[0, 2, -1, -1, -1, 1, 6, 3, -1, -1, -1, 5, 7, -1, 9, 4, -1, -1, -1, 8, -1, -1, -1, -1, -1, -1, -1, -1, -1, -1, -1, -1, -1, -1, -1, -1, -1, -1, -1, -1, -1, -1, -1, -1, -1, -1, -1, -1, -1, -1, -1, -1, -1, -1]
[0, 2, -1, -1, -1, 1, 6, 3, -1, -1, -1, 5, 7, -1, 9, 4, -1, -1, -1, 8, -1, -1, -1, -1, -1, -1, -1, -1, -1, -1, -1, -1, -1, -1, -1, -1, -1, -1, -1, -1, -1, -1, -1, -1, -1, -1, -1, -1, -1, -1, -1, -1, -1, -1]
[0, 2, -1, -1, -1, 1, 6, 3, -1, -1, -1, 5, 7, -1, -1, 4, -1, -1, -1, 8, -1, -1, -1, -1, -1, -1, 9, -1, -1, -1, -1, -1, -1, -1, -1, -1, -1, -1, -1, -1, -1, -1, -1, -1, -1, -1, -1, -1, -1, -1, -1, -1, -1, -1]
[0, 2, -1, -1, -1, 1, 6, 3, -1, -1, -1, 5, 7, -1, -1, 4, -1, -1, -1, 8, -1, -1, -1, -1, -1, -1, 9, -1, -1, -1, -1, -1, -1, -1, -1, -1, -1, -1, -1, -1, -1, -1, -1, -1, -1, -1, -1, -1, -1, -1, -1, -1, -1, -1]
[0, 2, -1, -1, 9, 1, 6, 3, 8, -1, -1, 5, -1, -1, 7, 4, -1, -1, -1, -1, -1, -1, -1, -1, -1, -1, -1, -1, -1, -1, -1, -1, -1, -1, -1, -1, -1, -1, -1, -1, -1, -1, -1, -1, -1, -1, -1, -1, -1, -1, -1, -1, -1, -1]
[0, 2, -1, -1, 9, 1, 6, 3, 8, -1, -1, 5, -1, -1, 7, 4, -1, -1, -1, -1, -1, -1, -1, -1, -1, -1, -1, -1, -1, -1, -1, -1, -1, -1, -1, -1, -1, -1, -1, -1, -1, -1, -1, -1, -1, -1, -1, -1, -1, -1, -1, -1, -1, -1]
[0, 2, -1, -1, -1, 1, 6, 3, 8, -1, -1, 5, -1, -1, 7, 4, 9, -1, -1, -1, -1, -1, -1, -1, -1, -1, -1, -1, -1, -1, -1, -1, -1, -1, -1, -1, -1, -1, -1, -1, -1, -1, -1, -1, -1, -1, -1, -1, -1, -1, -1, -1, -1, -1]
[0, 2, -1, -1, -1, 1, 6, 3, 8, -1, -1, 5, -1, -1, 7, 4, 9, -1, -1, -1, -1, -1, -1, -1, -1, -1, -1, -1, -1, -1, -1, -1, -1, -1, -1, -1, -1, -1, -1, -1, -1, -1, -1, -1, -1, -1, -1, -1, -1, -1, -1, -1, -1, -1]
[0, 2, -1, -1, 9, 1, 6, 3, -1, 8, -1, 5, -1, -1, 7, 4, -1, -1, -1, -1, -1, -1, -1, -1, -1, -1, -1, -1, -1, -1, -1, -1, -1, -1, -1, -1, -1, -1, -1, -1, -1, -1, -1, -1, -1, -1, -1, -1, -1, -1, -1, -1, -1, -1]
[0, 2, -1, -1, 9, 1, 6, 3, -1, 8, -1, 5, -1, -1, 7, 4, -1, -1, -1, -1, -1, -1, -1, -1, -1, -1, -1, -1, -1, -1, -1, -1, -1, -1, -1, -1, -1, -1, -1, -1, -1, -1, -1, -1, -1, -1, -1, -1, -1, -1, -1, -1, -1, -1]
[0, 2, -1, -1, -1, 1, 6, 3, -1, 8, -1, 5, -1, -1, 7, 4, -1, 9, -1, -1, -1, -1, -1, -1, -1, -1, -1, -1, -1, -1, -1, -1, -1, -1, -1, -1, -1, -1, -1, -1, -1, -1, -1, -1, -1, -1, -1, -1, -1, -1, -1, -1, -1, -1]
[0, 2, -1, -1, -1, 1, 6, 3, -1, 8, -1, 5, -1, -1, 7, 4, -1, 9, -1, -1, -1, -1, -1, -1, -1, -1, -1, -1, -1, -1, -1, -1, -1, -1, -1, -1, -1, -1, -1, -1, -1, -1, -1, -1, -1, -1, -1, -1, -1, -1, -1, -1, -1, -1]
[0, 2, -1, -1, -1, 1, 6, 3, -1, -1, -1, 5, -1, -1, 7, 4, 9, -1, -1, -1, -1, 8, -1, -1, -1, -1, -1, -1, -1, -1, -1, -1, -1, -1, -1, -1, -1, -1, -1, -1, -1, -1, -1, -1, -1, -1, -1, -1, -1, -1, -1, -1, -1, -1]
[0, 2, -1, -1, -1, 1, 6, 3, -1, -1, -1, 5, -1, -1, 7, 4, 9, -1, -1, -1, -1, 8, -1, -1, -1, -1, -1, -1, -1, -1, -1, -1, -1, -1, -1, -1, -1, -1, -1, -1, -1, -1, -1, -1, -1, -1, -1, -1, -1, -1, -1, -1, -1, -1]
[0, 2, -1, -1, -1, 1, 6, 3, -1, -1, -1, 5, -1, -1, 7, 4, -1, 9, -1, -1, -1, 8, -1, -1, -1, -1, -1, -1, -1, -1, -1, -1, -1, -1, -1, -1, -1, -1, -1, -1, -1, -1, -1, -1, -1, -1, -1, -1, -1, -1, -1, -1, -1, -1]
[0, 2, -1, -1, -1, 1, 6, 3, -1, -1, -1, 5, -1, -1, 7, 4, -1, 9, -1, -1, -1, 8, -1, -1, -1, -1, -1, -1, -1, -1, -1, -1, -1, -1, -1, -1, -1, -1, -1, -1, -1, -1, -1, -1, -1, -1, -1, -1, -1, -1, -1, -1, -1, -1]
[0, 2, -1, -1, -1, 1, 6, 3, -1, -1, -1, 5, -1, -1, 7, 4, -1, -1, -1, -1, -1, 8, -1, -1, -1, -1, -1, -1, 9, -1, -1, -1, -1, -1, -1, -1, -1, -1, -1, -1, -1, -1, -1, -1, -1, -1, -1, -1, -1, -1, -1, -1, -1, -1]
[0, 2, -1, -1, -1, 1, 6, 3, -1, -1, -1, 5, -1, -1, 7, 4, -1, -1, -1, -1, -1, 8, -1, -1, -1, -1, -1, -1, 9, -1, -1, -1, -1, -1, -1, -1, -1, -1, -1, -1, -1, -1, -1, -1, -1, -1, -1, -1, -1, -1, -1, -1, -1, -1]
[0, 2, -1, -1, 9, 1, -1, 3, 8, -1, -1, 5, -1, 7, -1, 4, -1, -1, 6, -1, -1, -1, -1, -1, -1, -1, -1, -1, -1, -1, -1, -1, -1, -1, -1, -1, -1, -1, -1, -1, -1, -1, -1, -1, -1, -1, -1, -1, -1, -1, -1, -1, -1, -1]
[0, 2, -1, -1, 9, 1, -1, 3, 8, -1, -1, 5, -1, 7, -1, 4, -1, -1, 6, -1, -1, -1, -1, -1, -1, -1, -1, -1, -1, -1, -1, -1, -1, -1, -1, -1, -1, -1, -1, -1, -1, -1, -1, -1, -1, -1, -1, -1, -1, -1, -1, -1, -1, -1]
[0, 2, -1, -1, -1, 1, -1, 3, 8, -1, -1, 5, -1, 7, -1, 4, 9, -1, 6, -1, -1, -1, -1, -1, -1, -1, -1, -1, -1, -1, -1, -1, -1, -1, -1, -1, -1, -1, -1, -1, -1, -1, -1, -1, -1, -1, -1, -1, -1, -1, -1, -1, -1, -1]
[0, 2, -1, -1, -1, 1, -1, 3, 8, -1, -1, 5, -1, 7, -1, 4, 9, -1, 6, -1, -1, -1, -1, -1, -1, -1, -1, -1, -1, -1, -1, -1, -1, -1, -1, -1, -1, -1, -1, -1, -1, -1, -1, -1, -1, -1, -1, -1, -1, -1, -1, -1, -1, -1]
[0, 2, -1, -1, -1, 1, -1, 3, -1, -1, -1, 5, -1, 7, -1, 4, 9, -1, 6, -1, 8, -1, -1, -1, -1, -1, -1, -1, -1, -1, -1, -1, -1, -1, -1, -1, -1, -1, -1, -1, -1, -1, -1, -1, -1, -1, -1, -1, -1, -1, -1, -1, -1, -1]
[0, 2, -1, -1, -1, 1, -1, 3, -1, -1, -1, 5, -1, 7, -1, 4, 9, -1, 6, -1, 8, -1, -1, -1, -1, -1, -1, -1, -1, -1, -1, -1, -1, -1, -1, -1, -1, -1, -1, -1, -1, -1, -1, -1, -1, -1, -1, -1, -1, -1, -1, -1, -1, -1]
[0, 2, -1, -1, -1, 1, -1, 3, -1, -1, -1, 5, -1, 7, -1, 4, -1, -1, 6, -1, 8, -1, -1, -1, -1, -1, -1, 9, -1, -1, -1, -1, -1, -1, -1, -1, -1, -1, -1, -1, -1, -1, -1, -1, -1, -1, -1, -1, -1, -1, -1, -1, -1, -1]
[0, 2, -1, -1, -1, 1, -1, 3, -1, -1, -1, 5, -1, 7, -1, 4, -1, -1, 6, -1, 8, -1, -1, -1, -1, -1, -1, 9, -1, -1, -1, -1, -1, -1, -1, -1, -1, -1, -1, -1, -1, -1, -1, -1, -1, -1, -1, -1, -1, -1, -1, -1, -1, -1]
[0, 2, -1, -1, 9, 1, -1, 3, 8, -1, -1, 5, -1, -1, 7, 4, -1, -1, 6, -1, -1, -1, -1, -1, -1, -1, -1, -1, -1, -1, -1, -1, -1, -1, -1, -1, -1, -1, -1, -1, -1, -1, -1, -1, -1, -1, -1, -1, -1, -1, -1, -1, -1, -1]
[0, 2, -1, -1, 9, 1, -1, 3, 8, -1, -1, 5, -1, -1, 7, 4, -1, -1, 6, -1, -1, -1, -1, -1, -1, -1, -1, -1, -1, -1, -1, -1, -1, -1, -1, -1, -1, -1, -1, -1, -1, -1, -1, -1, -1, -1, -1, -1, -1, -1, -1, -1, -1, -1]
[0, 2, -1, -1, -1, 1, -1, 3, 8, -1, -1, 5, -1, -1, 7, 4, 9, -1, 6, -1, -1, -1, -1, -1, -1, -1, -1, -1, -1, -1, -1, -1, -1, -1, -1, -1, -1, -1, -1, -1, -1, -1, -1, -1, -1, -1, -1, -1, -1, -1, -1, -1, -1, -1]
[0, 2, -1, -1, -1, 1, -1, 3, 8, -1, -1, 5, -1, -1, 7, 4, 9, -1, 6, -1, -1, -1, -1, -1, -1, -1, -1, -1, -1, -1, -1, -1, -1, -1, -1, -1, -1, -1, -1, -1, -1, -1, -1, -1, -1, -1, -1, -1, -1, -1, -1, -1, -1, -1]
[0, 2, -1, -1, 9, 1, -1, 3, -1, 8, -1, 5, -1, -1, 7, 4, -1, -1, 6, -1, -1, -1, -1, -1, -1, -1, -1, -1, -1, -1, -1, -1, -1, -1, -1, -1, -1, -1, -1, -1, -1, -1, -1, -1, -1, -1, -1, -1, -1, -1, -1, -1, -1, -1]
[0, 2, -1, -1, 9, 1, -1, 3, -1, 8, -1, 5, -1, -1, 7, 4, -1, -1, 6, -1, -1, -1, -1, -1, -1, -1, -1, -1, -1, -1, -1, -1, -1, -1, -1, -1, -1, -1, -1, -1, -1, -1, -1, -1, -1, -1, -1, -1, -1, -1, -1, -1, -1, -1]
[0, 2, -1, -1, -1, 1, -1, 3, -1, 8, -1, 5, -1, -1, 7, 4, -1, 9, 6, -1, -1, -1, -1, -1, -1, -1, -1, -1, -1, -1, -1, -1, -1, -1, -1, -1, -1, -1, -1, -1, -1, -1, -1, -1, -1, -1, -1, -1, -1, -1, -1, -1, -1, -1]
[0, 2, -1, -1, -1, 1, -1, 3, -1, 8, -1, 5, -1, -1, 7, 4, -1, 9, 6, -1, -1, -1, -1, -1, -1, -1, -1, -1, -1, -1, -1, -1, -1, -1, -1, -1, -1, -1, -1, -1, -1, -1, -1, -1, -1, -1, -1, -1, -1, -1, -1, -1, -1, -1]
[0, 2, -1, -1, -1, 1, -1, 3, -1, -1, -1, 5, -1, -1, 7, 4, 9, -1, 6, -1, -1, 8, -1, -1, -1, -1, -1, -1, -1, -1, -1, -1, -1, -1, -1, -1, -1, -1, -1, -1, -1, -1, -1, -1, -1, -1, -1, -1, -1, -1, -1, -1, -1, -1]
[0, 2, -1, -1, -1, 1, -1, 3, -1, -1, -1, 5, -1, -1, 7, 4, 9, -1, 6, -1, -1, 8, -1, -1, -1, -1, -1, -1, -1, -1, -1, -1, -1, -1, -1, -1, -1, -1, -1, -1, -1, -1, -1, -1, -1, -1, -1, -1, -1, -1, -1, -1, -1, -1]
[0, 2, -1, -1, -1, 1, -1, 3, -1, -1, -1, 5, -1, -1, 7, 4, -1, 9, 6, -1, -1, 8, -1, -1, -1, -1, -1, -1, -1, -1, -1, -1, -1, -1, -1, -1, -1, -1, -1, -1, -1, -1, -1, -1, -1, -1, -1, -1, -1, -1, -1, -1, -1, -1]
[0, 2, -1, -1, -1, 1, -1, 3, -1, -1, -1, 5, -1, -1, 7, 4, -1, 9, 6, -1, -1, 8, -1, -1, -1, -1, -1, -1, -1, -1, -1, -1, -1, -1, -1, -1, -1, -1, -1, -1, -1, -1, -1, -1, -1, -1, -1, -1, -1, -1, -1, -1, -1, -1]
[0, 2, -1, -1, -1, 1, -1, 3, -1, -1, -1, 5, -1, -1, 7, 4, -1, -1, 6, -1, -1, 8, -1, -1, -1, -1, -1, -1, 9, -1, -1, -1, -1, -1, -1, -1, -1, -1, -1, -1, -1, -1, -1, -1, -1, -1, -1, -1, -1, -1, -1, -1, -1, -1]
[0, 2, -1, -1, -1, 1, -1, 3, -1, -1, -1, 5, -1, -1, 7, 4, -1, -1, 6, -1, -1, 8, -1, -1, -1, -1, -1, -1, 9, -1, -1, -1, -1, -1, -1, -1, -1, -1, -1, -1, -1, -1, -1, -1, -1, -1, -1, -1, -1, -1, -1, -1, -1, -1]
[0, 2, -1, -1, -1, 1, -1, 3, -1, -1, -1, 5, -1, -1, 9, 4, -1, -1, 6, 8, -1, -1, -1, -1, -1, 7, -1, -1, -1, -1, -1, -1, -1, -1, -1, -1, -1, -1, -1, -1, -1, -1, -1, -1, -1, -1, -1, -1, -1, -1, -1, -1, -1, -1]
[0, 2, -1, -1, -1, 1, -1, 3, -1, -1, -1, 5, -1, -1, 9, 4, -1, -1, 6, 8, -1, -1, -1, -1, -1, 7, -1, -1, -1, -1, -1, -1, -1, -1, -1, -1, -1, -1, -1, -1, -1, -1, -1, -1, -1, -1, -1, -1, -1, -1, -1, -1, -1, -1]
[0, 2, -1, -1, -1, 1, -1, 3, -1, -1, -1, 5, -1, -1, -1, 4, -1, -1, 6, 8, -1, -1, -1, -1, -1, 7, 9, -1, -1, -1, -1, -1, -1, -1, -1, -1, -1, -1, -1, -1, -1, -1, -1, -1, -1, -1, -1, -1, -1, -1, -1, -1, -1, -1]
[0, 2, -1, -1, -1, 1, -1, 3, -1, -1, -1, 5, -1, -1, -1, 4, -1, -1, 6, 8, -1, -1, -1, -1, -1, 7, 9, -1, -1, -1, -1, -1, -1, -1, -1, -1, -1, -1, -1, -1, -1, -1, -1, -1, -1, -1, -1, -1, -1, -1, -1, -1, -1, -1]
[0, 2, -1, -1, -1, 1, -1, 3, -1, -1, -1, 5, -1, -1, -1, 4, 9, -1, 6, -1, 8, -1, -1, -1, -1, 7, -1, -1, -1, -1, -1, -1, -1, -1, -1, -1, -1, -1, -1, -1, -1, -1, -1, -1, -1, -1, -1, -1, -1, -1, -1, -1, -1, -1]
[0, 2, -1, -1, -1, 1, -1, 3, -1, -1, -1, 5, -1, -1, -1, 4, 9, -1, 6, -1, 8, -1, -1, -1, -1, 7, -1, -1, -1, -1, -1, -1, -1, -1, -1, -1, -1, -1, -1, -1, -1, -1, -1, -1, -1, -1, -1, -1, -1, -1, -1, -1, -1, -1]
[0, 2, -1, -1, -1, 1, -1, 3, -1, -1, -1, 5, -1, -1, -1, 4, -1, -1, 6, -1, 8, -1, -1, -1, -1, 7, -1, 9, -1, -1, -1, -1, -1, -1, -1, -1, -1, -1, -1, -1, -1, -1, -1, -1, -1, -1, -1, -1, -1, -1, -1, -1, -1, -1]
[0, 2, -1, -1, -1, 1, -1, 3, -1, -1, -1, 5, -1, -1, -1, 4, -1, -1, 6, -1, 8, -1, -1, -1, -1, 7, -1, 9, -1, -1, -1, -1, -1, -1, -1, -1, -1, -1, -1, -1, -1, -1, -1, -1, -1, -1, -1, -1, -1, -1, -1, -1, -1, -1]
[0, 2, -1, -1, -1, 1, -1, 3, -1, -1, -1, 5, -1, -1, -1, 4, -1, -1, 6, -1, -1, -1, -1, -1, -1, 7, 9, -1, -1, -1, -1, 8, -1, -1, -1, -1, -1, -1, -1, -1, -1, -1, -1, -1, -1, -1, -1, -1, -1, -1, -1, -1, -1, -1]
[0, 2, -1, -1, -1, 1, -1, 3, -1, -1, -1, 5, -1, -1, -1, 4, -1, -1, 6, -1, -1, -1, -1, -1, -1, 7, 9, -1, -1, -1, -1, 8, -1, -1, -1, -1, -1, -1, -1, -1, -1, -1, -1, -1, -1, -1, -1, -1, -1, -1, -1, -1, -1, -1]
[0, 2, -1, -1, -1, 1, -1, 3, -1, -1, -1, 5, -1, -1, -1, 4, -1, -1, 6, -1, -1, -1, -1, -1, -1, 7, -1, 9, -1, -1, -1, 8, -1, -1, -1, -1, -1, -1, -1, -1, -1, -1, -1, -1, -1, -1, -1, -1, -1, -1, -1, -1, -1, -1]
[0, 2, -1, -1, -1, 1, -1, 3, -1, -1, -1, 5, -1, -1, -1, 4, -1, -1, 6, -1, -1, -1, -1, -1, -1, 7, -1, 9, -1, -1, -1, 8, -1, -1, -1, -1, -1, -1, -1, -1, -1, -1, -1, -1, -1, -1, -1, -1, -1, -1, -1, -1, -1, -1]
[0, 2, -1, -1, -1, 1, -1, 3, -1, -1, -1, 5, -1, -1, -1, 4, -1, -1, 6, -1, -1, -1, -1, -1, -1, 7, -1, -1, -1, -1, -1, 8, -1, -1, -1, -1, -1, -1, 9, -1, -1, -1, -1, -1, -1, -1, -1, -1, -1, -1, -1, -1, -1, -1]
[0, 2, -1, -1, -1, 1, -1, 3, -1, -1, -1, 5, -1, -1, -1, 4, -1, -1, 6, -1, -1, -1, -1, -1, -1, 7, -1, -1, -1, -1, -1, 8, -1, -1, -1, -1, -1, -1, 9, -1, -1, -1, -1, -1, -1, -1, -1, -1, -1, -1, -1, -1, -1, -1]
[0, 9, -1, -1, -1, 1, 8, 3, -1, 5, -1, -1, 7, 2, -1, 4, -1, 6, -1, -1, -1, -1, -1, -1, -1, -1, -1, -1, -1, -1, -1, -1, -1, -1, -1, -1, -1, -1, -1, -1, -1, -1, -1, -1, -1, -1, -1, -1, -1, -1, -1, -1, -1, -1]
[0, 9, -1, -1, -1, 1, 8, 3, -1, 5, -1, -1, 7, 2, -1, 4, -1, 6, -1, -1, -1, -1, -1, -1, -1, -1, -1, -1, -1, -1, -1, -1, -1, -1, -1, -1, -1, -1, -1, -1, -1, -1, -1, -1, -1, -1, -1, -1, -1, -1, -1, -1, -1, -1]
[0, -1, 9, -1, -1, 1, 8, 3, -1, 5, -1, -1, 7, 2, -1, 4, -1, 6, -1, -1, -1, -1, -1, -1, -1, -1, -1, -1, -1, -1, -1, -1, -1, -1, -1, -1, -1, -1, -1, -1, -1, -1, -1, -1, -1, -1, -1, -1, -1, -1, -1, -1, -1, -1]
[0, -1, 9, -1, -1, 1, 8, 3, -1, 5, -1, -1, 7, 2, -1, 4, -1, 6, -1, -1, -1, -1, -1, -1, -1, -1, -1, -1, -1, -1, -1, -1, -1, -1, -1, -1, -1, -1, -1, -1, -1, -1, -1, -1, -1, -1, -1, -1, -1, -1, -1, -1, -1, -1]
[0, -1, -1, 9, -1, 1, 8, 3, -1, 5, -1, -1, 7, 2, -1, 4, -1, 6, -1, -1, -1, -1, -1, -1, -1, -1, -1, -1, -1, -1, -1, -1, -1, -1, -1, -1, -1, -1, -1, -1, -1, -1, -1, -1, -1, -1, -1, -1, -1, -1, -1, -1, -1, -1]
[0, -1, -1, 9, -1, 1, 8, 3, -1, 5, -1, -1, 7, 2, -1, 4, -1, 6, -1, -1, -1, -1, -1, -1, -1, -1, -1, -1, -1, -1, -1, -1, -1, -1, -1, -1, -1, -1, -1, -1, -1, -1, -1, -1, -1, -1, -1, -1, -1, -1, -1, -1, -1, -1]
[0, -1, -1, -1, -1, 1, 8, 3, -1, 5, -1, -1, 7, 2, 9, 4, -1, 6, -1, -1, -1, -1, -1, -1, -1, -1, -1, -1, -1, -1, -1, -1, -1, -1, -1, -1, -1, -1, -1, -1, -1, -1, -1, -1, -1, -1, -1, -1, -1, -1, -1, -1, -1, -1]
[0, -1, -1, -1, -1, 1, 8, 3, -1, 5, -1, -1, 7, 2, 9, 4, -1, 6, -1, -1, -1, -1, -1, -1, -1, -1, -1, -1, -1, -1, -1, -1, -1, -1, -1, -1, -1, -1, -1, -1, -1, -1, -1, -1, -1, -1, -1, -1, -1, -1, -1, -1, -1, -1]
[0, -1, -1, -1, -1, 1, -1, 3, -1, 5, -1, -1, 7, 2, 9, 4, -1, 6, -1, 8, -1, -1, -1, -1, -1, -1, -1, -1, -1, -1, -1, -1, -1, -1, -1, -1, -1, -1, -1, -1, -1, -1, -1, -1, -1, -1, -1, -1, -1, -1, -1, -1, -1, -1]
[0, -1, -1, -1, -1, 1, -1, 3, -1, 5, -1, -1, 7, 2, 9, 4, -1, 6, -1, 8, -1, -1, -1, -1, -1, -1, -1, -1, -1, -1, -1, -1, -1, -1, -1, -1, -1, -1, -1, -1, -1, -1, -1, -1, -1, -1, -1, -1, -1, -1, -1, -1, -1, -1]
[0, -1, -1, -1, -1, 1, -1, 3, -1, 5, -1, -1, 7, 2, -1, 4, -1, 6, -1, 8, -1, -1, -1, -1, -1, -1, 9, -1, -1, -1, -1, -1, -1, -1, -1, -1, -1, -1, -1, -1, -1, -1, -1, -1, -1, -1, -1, -1, -1, -1, -1, -1, -1, -1]
[0, -1, -1, -1, -1, 1, -1, 3, -1, 5, -1, -1, 7, 2, -1, 4, -1, 6, -1, 8, -1, -1, -1, -1, -1, -1, 9, -1, -1, -1, -1, -1, -1, -1, -1, -1, -1, -1, -1, -1, -1, -1, -1, -1, -1, -1, -1, -1, -1, -1, -1, -1, -1, -1]
[0, -1, -1, -1, -1, 1, -1, 3, -1, 5, -1, -1, -1, 2, 9, 4, -1, 6, 8, -1, -1, -1, -1, -1, 7, -1, -1, -1, -1, -1, -1, -1, -1, -1, -1, -1, -1, -1, -1, -1, -1, -1, -1, -1, -1, -1, -1, -1, -1, -1, -1, -1, -1, -1]
[0, -1, -1, -1, -1, 1, -1, 3, -1, 5, -1, -1, -1, 2, 9, 4, -1, 6, 8, -1, -1, -1, -1, -1, 7, -1, -1, -1, -1, -1, -1, -1, -1, -1, -1, -1, -1, -1, -1, -1, -1, -1, -1, -1, -1, -1, -1, -1, -1, -1, -1, -1, -1, -1]
[0, -1, -1, -1, -1, 1, -1, 3, -1, 5, -1, -1, -1, 2, -1, 4, -1, 6, 8, -1, -1, -1, -1, -1, 7, 9, -1, -1, -1, -1, -1, -1, -1, -1, -1, -1, -1, -1, -1, -1, -1, -1, -1, -1, -1, -1, -1, -1, -1, -1, -1, -1, -1, -1]
[0, -1, -1, -1, -1, 1, -1, 3, -1, 5, -1, -1, -1, 2, -1, 4, -1, 6, 8, -1, -1, -1, -1, -1, 7, 9, -1, -1, -1, -1, -1, -1, -1, -1, -1, -1, -1, -1, -1, -1, -1, -1, -1, -1, -1, -1, -1, -1, -1, -1, -1, -1, -1, -1]
[0, -1, -1, -1, -1, 1, -1, 3, -1, 5, -1, -1, -1, 2, 9, 4, -1, 6, -1, 8, -1, -1, -1, -1, 7, -1, -1, -1, -1, -1, -1, -1, -1, -1, -1, -1, -1, -1, -1, -1, -1, -1, -1, -1, -1, -1, -1, -1, -1, -1, -1, -1, -1, -1]
[0, -1, -1, -1, -1, 1, -1, 3, -1, 5, -1, -1, -1, 2, 9, 4, -1, 6, -1, 8, -1, -1, -1, -1, 7, -1, -1, -1, -1, -1, -1, -1, -1, -1, -1, -1, -1, -1, -1, -1, -1, -1, -1, -1, -1, -1, -1, -1, -1, -1, -1, -1, -1, -1]
[0, -1, -1, -1, -1, 1, -1, 3, -1, 5, -1, -1, -1, 2, -1, 4, -1, 6, -1, 8, -1, -1, -1, -1, 7, -1, 9, -1, -1, -1, -1, -1, -1, -1, -1, -1, -1, -1, -1, -1, -1, -1, -1, -1, -1, -1, -1, -1, -1, -1, -1, -1, -1, -1]
[0, -1, -1, -1, -1, 1, -1, 3, -1, 5, -1, -1, -1, 2, -1, 4, -1, 6, -1, 8, -1, -1, -1, -1, 7, -1, 9, -1, -1, -1, -1, -1, -1, -1, -1, -1, -1, -1, -1, -1, -1, -1, -1, -1, -1, -1, -1, -1, -1, -1, -1, -1, -1, -1]
[0, -1, -1, -1, -1, 1, -1, 3, -1, 5, -1, -1, -1, 2, -1, 4, -1, 6, -1, -1, -1, -1, -1, -1, 7, 9, -1, -1, -1, -1, 8, -1, -1, -1, -1, -1, -1, -1, -1, -1, -1, -1, -1, -1, -1, -1, -1, -1, -1, -1, -1, -1, -1, -1]
[0, -1, -1, -1, -1, 1, -1, 3, -1, 5, -1, -1, -1, 2, -1, 4, -1, 6, -1, -1, -1, -1, -1, -1, 7, 9, -1, -1, -1, -1, 8, -1, -1, -1, -1, -1, -1, -1, -1, -1, -1, -1, -1, -1, -1, -1, -1, -1, -1, -1, -1, -1, -1, -1]
[0, -1, -1, -1, -1, 1, -1, 3, -1, 5, -1, -1, -1, 2, -1, 4, -1, 6, -1, -1, -1, -1, -1, -1, 7, -1, 9, -1, -1, -1, 8, -1, -1, -1, -1, -1, -1, -1, -1, -1, -1, -1, -1, -1, -1, -1, -1, -1, -1, -1, -1, -1, -1, -1]
[0, -1, -1, -1, -1, 1, -1, 3, -1, 5, -1, -1, -1, 2, -1, 4, -1, 6, -1, -1, -1, -1, -1, -1, 7, -1, 9, -1, -1, -1, 8, -1, -1, -1, -1, -1, -1, -1, -1, -1, -1, -1, -1, -1, -1, -1, -1, -1, -1, -1, -1, -1, -1, -1]
[0, -1, -1, -1, -1, 1, -1, 3, -1, 5, -1, -1, -1, 2, -1, 4, -1, 6, -1, -1, -1, -1, -1, -1, 7, -1, -1, -1, -1, -1, 8, -1, -1, -1, -1, -1, -1, 9, -1, -1, -1, -1, -1, -1, -1, -1, -1, -1, -1, -1, -1, -1, -1, -1]
[0, -1, -1, -1, -1, 1, -1, 3, -1, 5, -1, -1, -1, 2, -1, 4, -1, 6, -1, -1, -1, -1, -1, -1, 7, -1, -1, -1, -1, -1, 8, -1, -1, -1, -1, -1, -1, 9, -1, -1, -1, -1, -1, -1, -1, -1, -1, -1, -1, -1, -1, -1, -1, -1]
[0, -1, -1, -1, -1, 1, 6, 3, -1, -1, -1, 5, 7, 2, 9, 4, -1, -1, -1, 8, -1, -1, -1, -1, -1, -1, -1, -1, -1, -1, -1, -1, -1, -1, -1, -1, -1, -1, -1, -1, -1, -1, -1, -1, -1, -1, -1, -1, -1, -1, -1, -1, -1, -1]
[0, -1, -1, -1, -1, 1, 6, 3, -1, -1, -1, 5, 7, 2, 9, 4, -1, -1, -1, 8, -1, -1, -1, -1, -1, -1, -1, -1, -1, -1, -1, -1, -1, -1, -1, -1, -1, -1, -1, -1, -1, -1, -1, -1, -1, -1, -1, -1, -1, -1, -1, -1, -1, -1]
[0, -1, -1, -1, -1, 1, 6, 3, -1, -1, -1, 5, 7, 2, -1, 4, -1, -1, -1, 8, -1, -1, -1, -1, -1, -1, 9, -1, -1, -1, -1, -1, -1, -1, -1, -1, -1, -1, -1, -1, -1, -1, -1, -1, -1, -1, -1, -1, -1, -1, -1, -1, -1, -1]
[0, -1, -1, -1, -1, 1, 6, 3, -1, -1, -1, 5, 7, 2, -1, 4, -1, -1, -1, 8, -1, -1, -1, -1, -1, -1, 9, -1, -1, -1, -1, -1, -1, -1, -1, -1, -1, -1, -1, -1, -1, -1, -1, -1, -1, -1, -1, -1, -1, -1, -1, -1, -1, -1]
[0, -1, -1, -1, 9, 1, 6, 3, 8, -1, -1, 5, -1, 2, 7, 4, -1, -1, -1, -1, -1, -1, -1, -1, -1, -1, -1, -1, -1, -1, -1, -1, -1, -1, -1, -1, -1, -1, -1, -1, -1, -1, -1, -1, -1, -1, -1, -1, -1, -1, -1, -1, -1, -1]
[0, -1, -1, -1, 9, 1, 6, 3, 8, -1, -1, 5, -1, 2, 7, 4, -1, -1, -1, -1, -1, -1, -1, -1, -1, -1, -1, -1, -1, -1, -1, -1, -1, -1, -1, -1, -1, -1, -1, -1, -1, -1, -1, -1, -1, -1, -1, -1, -1, -1, -1, -1, -1, -1]
[0, -1, -1, -1, -1, 1, 6, 3, 8, -1, -1, 5, -1, 2, 7, 4, 9, -1, -1, -1, -1, -1, -1, -1, -1, -1, -1, -1, -1, -1, -1, -1, -1, -1, -1, -1, -1, -1, -1, -1, -1, -1, -1, -1, -1, -1, -1, -1, -1, -1, -1, -1, -1, -1]
[0, -1, -1, -1, -1, 1, 6, 3, 8, -1, -1, 5, -1, 2, 7, 4, 9, -1, -1, -1, -1, -1, -1, -1, -1, -1, -1, -1, -1, -1, -1, -1, -1, -1, -1, -1, -1, -1, -1, -1, -1, -1, -1, -1, -1, -1, -1, -1, -1, -1, -1, -1, -1, -1]
[0, -1, -1, -1, 9, 1, 6, 3, -1, 8, -1, 5, -1, 2, 7, 4, -1, -1, -1, -1, -1, -1, -1, -1, -1, -1, -1, -1, -1, -1, -1, -1, -1, -1, -1, -1, -1, -1, -1, -1, -1, -1, -1, -1, -1, -1, -1, -1, -1, -1, -1, -1, -1, -1]
[0, -1, -1, -1, 9, 1, 6, 3, -1, 8, -1, 5, -1, 2, 7, 4, -1, -1, -1, -1, -1, -1, -1, -1, -1, -1, -1, -1, -1, -1, -1, -1, -1, -1, -1, -1, -1, -1, -1, -1, -1, -1, -1, -1, -1, -1, -1, -1, -1, -1, -1, -1, -1, -1]
[0, -1, -1, -1, -1, 1, 6, 3, -1, 8, -1, 5, -1, 2, 7, 4, -1, 9, -1, -1, -1, -1, -1, -1, -1, -1, -1, -1, -1, -1, -1, -1, -1, -1, -1, -1, -1, -1, -1, -1, -1, -1, -1, -1, -1, -1, -1, -1, -1, -1, -1, -1, -1, -1]
[0, -1, -1, -1, -1, 1, 6, 3, -1, 8, -1, 5, -1, 2, 7, 4, -1, 9, -1, -1, -1, -1, -1, -1, -1, -1, -1, -1, -1, -1, -1, -1, -1, -1, -1, -1, -1, -1, -1, -1, -1, -1, -1, -1, -1, -1, -1, -1, -1, -1, -1, -1, -1, -1]
[0, -1, -1, -1, -1, 1, 6, 3, -1, -1, -1, 5, -1, 2, 7, 4, 9, -1, -1, -1, -1, 8, -1, -1, -1, -1, -1, -1, -1, -1, -1, -1, -1, -1, -1, -1, -1, -1, -1, -1, -1, -1, -1, -1, -1, -1, -1, -1, -1, -1, -1, -1, -1, -1]
[0, -1, -1, -1, -1, 1, 6, 3, -1, -1, -1, 5, -1, 2, 7, 4, 9, -1, -1, -1, -1, 8, -1, -1, -1, -1, -1, -1, -1, -1, -1, -1, -1, -1, -1, -1, -1, -1, -1, -1, -1, -1, -1, -1, -1, -1, -1, -1, -1, -1, -1, -1, -1, -1]
[0, -1, -1, -1, -1, 1, 6, 3, -1, -1, -1, 5, -1, 2, 7, 4, -1, 9, -1, -1, -1, 8, -1, -1, -1, -1, -1, -1, -1, -1, -1, -1, -1, -1, -1, -1, -1, -1, -1, -1, -1, -1, -1, -1, -1, -1, -1, -1, -1, -1, -1, -1, -1, -1]
[0, -1, -1, -1, -1, 1, 6, 3, -1, -1, -1, 5, -1, 2, 7, 4, -1, 9, -1, -1, -1, 8, -1, -1, -1, -1, -1, -1, -1, -1, -1, -1, -1, -1, -1, -1, -1, -1, -1, -1, -1, -1, -1, -1, -1, -1, -1, -1, -1, -1, -1, -1, -1, -1]
[0, -1, -1, -1, -1, 1, 6, 3, -1, -1, -1, 5, -1, 2, 7, 4, -1, -1, -1, -1, -1, 8, -1, -1, -1, -1, -1, -1, 9, -1, -1, -1, -1, -1, -1, -1, -1, -1, -1, -1, -1, -1, -1, -1, -1, -1, -1, -1, -1, -1, -1, -1, -1, -1]
[0, -1, -1, -1, -1, 1, 6, 3, -1, -1, -1, 5, -1, 2, 7, 4, -1, -1, -1, -1, -1, 8, -1, -1, -1, -1, -1, -1, 9, -1, -1, -1, -1, -1, -1, -1, -1, -1, -1, -1, -1, -1, -1, -1, -1, -1, -1, -1, -1, -1, -1, -1, -1, -1]
[0, -1, -1, -1, 9, 1, -1, 3, 8, -1, -1, 5, -1, 2, 7, 4, -1, -1, 6, -1, -1, -1, -1, -1, -1, -1, -1, -1, -1, -1, -1, -1, -1, -1, -1, -1, -1, -1, -1, -1, -1, -1, -1, -1, -1, -1, -1, -1, -1, -1, -1, -1, -1, -1]
[0, -1, -1, -1, 9, 1, -1, 3, 8, -1, -1, 5, -1, 2, 7, 4, -1, -1, 6, -1, -1, -1, -1, -1, -1, -1, -1, -1, -1, -1, -1, -1, -1, -1, -1, -1, -1, -1, -1, -1, -1, -1, -1, -1, -1, -1, -1, -1, -1, -1, -1, -1, -1, -1]
[0, -1, -1, -1, -1, 1, -1, 3, 8, -1, -1, 5, -1, 2, 7, 4, 9, -1, 6, -1, -1, -1, -1, -1, -1, -1, -1, -1, -1, -1, -1, -1, -1, -1, -1, -1, -1, -1, -1, -1, -1, -1, -1, -1, -1, -1, -1, -1, -1, -1, -1, -1, -1, -1]
[0, -1, -1, -1, -1, 1, -1, 3, 8, -1, -1, 5, -1, 2, 7, 4, 9, -1, 6, -1, -1, -1, -1, -1, -1, -1, -1, -1, -1, -1, -1, -1, -1, -1, -1, -1, -1, -1, -1, -1, -1, -1, -1, -1, -1, -1, -1, -1, -1, -1, -1, -1, -1, -1]
[0, -1, -1, -1, 9, 1, -1, 3, -1, 8, -1, 5, -1, 2, 7, 4, -1, -1, 6, -1, -1, -1, -1, -1, -1, -1, -1, -1, -1, -1, -1, -1, -1, -1, -1, -1, -1, -1, -1, -1, -1, -1, -1, -1, -1, -1, -1, -1, -1, -1, -1, -1, -1, -1]
[0, -1, -1, -1, 9, 1, -1, 3, -1, 8, -1, 5, -1, 2, 7, 4, -1, -1, 6, -1, -1, -1, -1, -1, -1, -1, -1, -1, -1, -1, -1, -1, -1, -1, -1, -1, -1, -1, -1, -1, -1, -1, -1, -1, -1, -1, -1, -1, -1, -1, -1, -1, -1, -1]
[0, -1, -1, -1, -1, 1, -1, 3, -1, 8, -1, 5, -1, 2, 7, 4, -1, 9, 6, -1, -1, -1, -1, -1, -1, -1, -1, -1, -1, -1, -1, -1, -1, -1, -1, -1, -1, -1, -1, -1, -1, -1, -1, -1, -1, -1, -1, -1, -1, -1, -1, -1, -1, -1]
[0, -1, -1, -1, -1, 1, -1, 3, -1, 8, -1, 5, -1, 2, 7, 4, -1, 9, 6, -1, -1, -1, -1, -1, -1, -1, -1, -1, -1, -1, -1, -1, -1, -1, -1, -1, -1, -1, -1, -1, -1, -1, -1, -1, -1, -1, -1, -1, -1, -1, -1, -1, -1, -1]
[0, -1, -1, -1, -1, 1, -1, 3, -1, -1, -1, 5, -1, 2, 7, 4, 9, -1, 6, -1, -1, 8, -1, -1, -1, -1, -1, -1, -1, -1, -1, -1, -1, -1, -1, -1, -1, -1, -1, -1, -1, -1, -1, -1, -1, -1, -1, -1, -1, -1, -1, -1, -1, -1]
[0, -1, -1, -1, -1, 1, -1, 3, -1, -1, -1, 5, -1, 2, 7, 4, 9, -1, 6, -1, -1, 8, -1, -1, -1, -1, -1, -1, -1, -1, -1, -1, -1, -1, -1, -1, -1, -1, -1, -1, -1, -1, -1, -1, -1, -1, -1, -1, -1, -1, -1, -1, -1, -1]
[0, -1, -1, -1, -1, 1, -1, 3, -1, -1, -1, 5, -1, 2, 7, 4, -1, 9, 6, -1, -1, 8, -1, -1, -1, -1, -1, -1, -1, -1, -1, -1, -1, -1, -1, -1, -1, -1, -1, -1, -1, -1, -1, -1, -1, -1, -1, -1, -1, -1, -1, -1, -1, -1]
[0, -1, -1, -1, -1, 1, -1, 3, -1, -1, -1, 5, -1, 2, 7, 4, -1, 9, 6, -1, -1, 8, -1, -1, -1, -1, -1, -1, -1, -1, -1, -1, -1, -1, -1, -1, -1, -1, -1, -1, -1, -1, -1, -1, -1, -1, -1, -1, -1, -1, -1, -1, -1, -1]
[0, -1, -1, -1, -1, 1, -1, 3, -1, -1, -1, 5, -1, 2, 7, 4, -1, -1, 6, -1, -1, 8, -1, -1, -1, -1, -1, -1, 9, -1, -1, -1, -1, -1, -1, -1, -1, -1, -1, -1, -1, -1, -1, -1, -1, -1, -1, -1, -1, -1, -1, -1, -1, -1]
[0, -1, -1, -1, -1, 1, -1, 3, -1, -1, -1, 5, -1, 2, 7, 4, -1, -1, 6, -1, -1, 8, -1, -1, -1, -1, -1, -1, 9, -1, -1, -1, -1, -1, -1, -1, -1, -1, -1, -1, -1, -1, -1, -1, -1, -1, -1, -1, -1, -1, -1, -1, -1, -1]
[0, -1, -1, -1, -1, 1, -1, 3, -1, -1, -1, 5, -1, 2, 9, 4, -1, -1, 6, 8, -1, -1, -1, -1, -1, 7, -1, -1, -1, -1, -1, -1, -1, -1, -1, -1, -1, -1, -1, -1, -1, -1, -1, -1, -1, -1, -1, -1, -1, -1, -1, -1, -1, -1]
[0, -1, -1, -1, -1, 1, -1, 3, -1, -1, -1, 5, -1, 2, 9, 4, -1, -1, 6, 8, -1, -1, -1, -1, -1, 7, -1, -1, -1, -1, -1, -1, -1, -1, -1, -1, -1, -1, -1, -1, -1, -1, -1, -1, -1, -1, -1, -1, -1, -1, -1, -1, -1, -1]
[0, -1, -1, -1, -1, 1, -1, 3, -1, -1, -1, 5, -1, 2, -1, 4, -1, -1, 6, 8, -1, -1, -1, -1, -1, 7, 9, -1, -1, -1, -1, -1, -1, -1, -1, -1, -1, -1, -1, -1, -1, -1, -1, -1, -1, -1, -1, -1, -1, -1, -1, -1, -1, -1]
[0, -1, -1, -1, -1, 1, -1, 3, -1, -1, -1, 5, -1, 2, -1, 4, -1, -1, 6, 8, -1, -1, -1, -1, -1, 7, 9, -1, -1, -1, -1, -1, -1, -1, -1, -1, -1, -1, -1, -1, -1, -1, -1, -1, -1, -1, -1, -1, -1, -1, -1, -1, -1, -1]
[0, -1, -1, -1, -1, 1, -1, 3, -1, -1, -1, 5, -1, 2, -1, 4, 9, -1, 6, -1, 8, -1, -1, -1, -1, 7, -1, -1, -1, -1, -1, -1, -1, -1, -1, -1, -1, -1, -1, -1, -1, -1, -1, -1, -1, -1, -1, -1, -1, -1, -1, -1, -1, -1]
[0, -1, -1, -1, -1, 1, -1, 3, -1, -1, -1, 5, -1, 2, -1, 4, 9, -1, 6, -1, 8, -1, -1, -1, -1, 7, -1, -1, -1, -1, -1, -1, -1, -1, -1, -1, -1, -1, -1, -1, -1, -1, -1, -1, -1, -1, -1, -1, -1, -1, -1, -1, -1, -1]
[0, -1, -1, -1, -1, 1, -1, 3, -1, -1, -1, 5, -1, 2, -1, 4, -1, -1, 6, -1, 8, -1, -1, -1, -1, 7, -1, 9, -1, -1, -1, -1, -1, -1, -1, -1, -1, -1, -1, -1, -1, -1, -1, -1, -1, -1, -1, -1, -1, -1, -1, -1, -1, -1]
[0, -1, -1, -1, -1, 1, -1, 3, -1, -1, -1, 5, -1, 2, -1, 4, -1, -1, 6, -1, 8, -1, -1, -1, -1, 7, -1, 9, -1, -1, -1, -1, -1, -1, -1, -1, -1, -1, -1, -1, -1, -1, -1, -1, -1, -1, -1, -1, -1, -1, -1, -1, -1, -1]
[0, -1, -1, -1, -1, 1, -1, 3, -1, -1, -1, 5, -1, 2, -1, 4, -1, -1, 6, -1, -1, -1, -1, -1, -1, 7, 9, -1, -1, -1, -1, 8, -1, -1, -1, -1, -1, -1, -1, -1, -1, -1, -1, -1, -1, -1, -1, -1, -1, -1, -1, -1, -1, -1]
[0, -1, -1, -1, -1, 1, -1, 3, -1, -1, -1, 5, -1, 2, -1, 4, -1, -1, 6, -1, -1, -1, -1, -1, -1, 7, 9, -1, -1, -1, -1, 8, -1, -1, -1, -1, -1, -1, -1, -1, -1, -1, -1, -1, -1, -1, -1, -1, -1, -1, -1, -1, -1, -1]
[0, -1, -1, -1, -1, 1, -1, 3, -1, -1, -1, 5, -1, 2, -1, 4, -1, -1, 6, -1, -1, -1, -1, -1, -1, 7, -1, 9, -1, -1, -1, 8, -1, -1, -1, -1, -1, -1, -1, -1, -1, -1, -1, -1, -1, -1, -1, -1, -1, -1, -1, -1, -1, -1]
[0, -1, -1, -1, -1, 1, -1, 3, -1, -1, -1, 5, -1, 2, -1, 4, -1, -1, 6, -1, -1, -1, -1, -1, -1, 7, -1, 9, -1, -1, -1, 8, -1, -1, -1, -1, -1, -1, -1, -1, -1, -1, -1, -1, -1, -1, -1, -1, -1, -1, -1, -1, -1, -1]
[0, -1, -1, -1, -1, 1, -1, 3, -1, -1, -1, 5, -1, 2, -1, 4, -1, -1, 6, -1, -1, -1, -1, -1, -1, 7, -1, -1, -1, -1, -1, 8, -1, -1, -1, -1, -1, -1, 9, -1, -1, -1, -1, -1, -1, -1, -1, -1, -1, -1, -1, -1, -1, -1]
[0, -1, -1, -1, -1, 1, -1, 3, -1, -1, -1, 5, -1, 2, -1, 4, -1, -1, 6, -1, -1, -1, -1, -1, -1, 7, -1, -1, -1, -1, -1, 8, -1, -1, -1, -1, -1, -1, 9, -1, -1, -1, -1, -1, -1, -1, -1, -1, -1, -1, -1, -1, -1, -1]
[0, 9, -1, -1, 4, 1, 8, -1, 3, 5, -1, -1, 7, 2, -1, -1, -1, 6, -1, -1, -1, -1, -1, -1, -1, -1, -1, -1, -1, -1, -1, -1, -1, -1, -1, -1, -1, -1, -1, -1, -1, -1, -1, -1, -1, -1, -1, -1, -1, -1, -1, -1, -1, -1]
[0, 9, -1, -1, 4, 1, 8, -1, 3, 5, -1, -1, 7, 2, -1, -1, -1, 6, -1, -1, -1, -1, -1, -1, -1, -1, -1, -1, -1, -1, -1, -1, -1, -1, -1, -1, -1, -1, -1, -1, -1, -1, -1, -1, -1, -1, -1, -1, -1, -1, -1, -1, -1, -1]
[0, -1, 9, -1, 4, 1, 8, -1, 3, 5, -1, -1, 7, 2, -1, -1, -1, 6, -1, -1, -1, -1, -1, -1, -1, -1, -1, -1, -1, -1, -1, -1, -1, -1, -1, -1, -1, -1, -1, -1, -1, -1, -1, -1, -1, -1, -1, -1, -1, -1, -1, -1, -1, -1]
[0, -1, 9, -1, 4, 1, 8, -1, 3, 5, -1, -1, 7, 2, -1, -1, -1, 6, -1, -1, -1, -1, -1, -1, -1, -1, -1, -1, -1, -1, -1, -1, -1, -1, -1, -1, -1, -1, -1, -1, -1, -1, -1, -1, -1, -1, -1, -1, -1, -1, -1, -1, -1, -1]
[0, -1, -1, 9, 4, 1, 8, -1, 3, 5, -1, -1, 7, 2, -1, -1, -1, 6, -1, -1, -1, -1, -1, -1, -1, -1, -1, -1, -1, -1, -1, -1, -1, -1, -1, -1, -1, -1, -1, -1, -1, -1, -1, -1, -1, -1, -1, -1, -1, -1, -1, -1, -1, -1]
[0, -1, -1, 9, 4, 1, 8, -1, 3, 5, -1, -1, 7, 2, -1, -1, -1, 6, -1, -1, -1, -1, -1, -1, -1, -1, -1, -1, -1, -1, -1, -1, -1, -1, -1, -1, -1, -1, -1, -1, -1, -1, -1, -1, -1, -1, -1, -1, -1, -1, -1, -1, -1, -1]
[0, -1, -1, -1, 4, 1, 8, -1, 3, 5, -1, -1, 7, 2, 9, -1, -1, 6, -1, -1, -1, -1, -1, -1, -1, -1, -1, -1, -1, -1, -1, -1, -1, -1, -1, -1, -1, -1, -1, -1, -1, -1, -1, -1, -1, -1, -1, -1, -1, -1, -1, -1, -1, -1]
[0, -1, -1, -1, 4, 1, 8, -1, 3, 5, -1, -1, 7, 2, 9, -1, -1, 6, -1, -1, -1, -1, -1, -1, -1, -1, -1, -1, -1, -1, -1, -1, -1, -1, -1, -1, -1, -1, -1, -1, -1, -1, -1, -1, -1, -1, -1, -1, -1, -1, -1, -1, -1, -1]
[0, -1, -1, 9, 4, 1, -1, 8, 3, 5, -1, -1, 7, 2, -1, -1, -1, 6, -1, -1, -1, -1, -1, -1, -1, -1, -1, -1, -1, -1, -1, -1, -1, -1, -1, -1, -1, -1, -1, -1, -1, -1, -1, -1, -1, -1, -1, -1, -1, -1, -1, -1, -1, -1]
[0, -1, -1, 9, 4, 1, -1, 8, 3, 5, -1, -1, 7, 2, -1, -1, -1, 6, -1, -1, -1, -1, -1, -1, -1, -1, -1, -1, -1, -1, -1, -1, -1, -1, -1, -1, -1, -1, -1, -1, -1, -1, -1, -1, -1, -1, -1, -1, -1, -1, -1, -1, -1, -1]
[0, -1, -1, -1, 4, 1, -1, 8, 3, 5, -1, -1, 7, 2, -1, 9, -1, 6, -1, -1, -1, -1, -1, -1, -1, -1, -1, -1, -1, -1, -1, -1, -1, -1, -1, -1, -1, -1, -1, -1, -1, -1, -1, -1, -1, -1, -1, -1, -1, -1, -1, -1, -1, -1]
[0, -1, -1, -1, 4, 1, -1, 8, 3, 5, -1, -1, 7, 2, -1, 9, -1, 6, -1, -1, -1, -1, -1, -1, -1, -1, -1, -1, -1, -1, -1, -1, -1, -1, -1, -1, -1, -1, -1, -1, -1, -1, -1, -1, -1, -1, -1, -1, -1, -1, -1, -1, -1, -1]
[0, -1, -1, -1, 4, 1, -1, -1, 3, 5, -1, -1, 7, 2, 9, -1, -1, 6, -1, 8, -1, -1, -1, -1, -1, -1, -1, -1, -1, -1, -1, -1, -1, -1, -1, -1, -1, -1, -1, -1, -1, -1, -1, -1, -1, -1, -1, -1, -1, -1, -1, -1, -1, -1]
[0, -1, -1, -1, 4, 1, -1, -1, 3, 5, -1, -1, 7, 2, 9, -1, -1, 6, -1, 8, -1, -1, -1, -1, -1, -1, -1, -1, -1, -1, -1, -1, -1, -1, -1, -1, -1, -1, -1, -1, -1, -1, -1, -1, -1, -1, -1, -1, -1, -1, -1, -1, -1, -1]
[0, -1, -1, -1, 4, 1, -1, -1, 3, 5, -1, -1, 7, 2, -1, 9, -1, 6, -1, 8, -1, -1, -1, -1, -1, -1, -1, -1, -1, -1, -1, -1, -1, -1, -1, -1, -1, -1, -1, -1, -1, -1, -1, -1, -1, -1, -1, -1, -1, -1, -1, -1, -1, -1]
[0, -1, -1, -1, 4, 1, -1, -1, 3, 5, -1, -1, 7, 2, -1, 9, -1, 6, -1, 8, -1, -1, -1, -1, -1, -1, -1, -1, -1, -1, -1, -1, -1, -1, -1, -1, -1, -1, -1, -1, -1, -1, -1, -1, -1, -1, -1, -1, -1, -1, -1, -1, -1, -1]
[0, -1, -1, -1, 4, 1, -1, -1, 3, 5, -1, -1, 7, 2, -1, -1, -1, 6, -1, 8, -1, -1, -1, -1, -1, -1, 9, -1, -1, -1, -1, -1, -1, -1, -1, -1, -1, -1, -1, -1, -1, -1, -1, -1, -1, -1, -1, -1, -1, -1, -1, -1, -1, -1]
[0, -1, -1, -1, 4, 1, -1, -1, 3, 5, -1, -1, 7, 2, -1, -1, -1, 6, -1, 8, -1, -1, -1, -1, -1, -1, 9, -1, -1, -1, -1, -1, -1, -1, -1, -1, -1, -1, -1, -1, -1, -1, -1, -1, -1, -1, -1, -1, -1, -1, -1, -1, -1, -1]
[0, -1, -1, -1, 4, 1, -1, -1, 3, 5, -1, -1, -1, 2, 9, -1, -1, 6, 8, -1, -1, -1, -1, -1, 7, -1, -1, -1, -1, -1, -1, -1, -1, -1, -1, -1, -1, -1, -1, -1, -1, -1, -1, -1, -1, -1, -1, -1, -1, -1, -1, -1, -1, -1]
[0, -1, -1, -1, 4, 1, -1, -1, 3, 5, -1, -1, -1, 2, 9, -1, -1, 6, 8, -1, -1, -1, -1, -1, 7, -1, -1, -1, -1, -1, -1, -1, -1, -1, -1, -1, -1, -1, -1, -1, -1, -1, -1, -1, -1, -1, -1, -1, -1, -1, -1, -1, -1, -1]
[0, -1, -1, -1, 4, 1, -1, -1, 3, 5, -1, -1, -1, 2, -1, -1, -1, 6, 8, -1, -1, -1, -1, -1, 7, 9, -1, -1, -1, -1, -1, -1, -1, -1, -1, -1, -1, -1, -1, -1, -1, -1, -1, -1, -1, -1, -1, -1, -1, -1, -1, -1, -1, -1]
[0, -1, -1, -1, 4, 1, -1, -1, 3, 5, -1, -1, -1, 2, -1, -1, -1, 6, 8, -1, -1, -1, -1, -1, 7, 9, -1, -1, -1, -1, -1, -1, -1, -1, -1, -1, -1, -1, -1, -1, -1, -1, -1, -1, -1, -1, -1, -1, -1, -1, -1, -1, -1, -1]
[0, -1, -1, -1, 4, 1, -1, -1, 3, 5, -1, -1, -1, 2, 9, -1, -1, 6, -1, 8, -1, -1, -1, -1, 7, -1, -1, -1, -1, -1, -1, -1, -1, -1, -1, -1, -1, -1, -1, -1, -1, -1, -1, -1, -1, -1, -1, -1, -1, -1, -1, -1, -1, -1]
[0, -1, -1, -1, 4, 1, -1, -1, 3, 5, -1, -1, -1, 2, 9, -1, -1, 6, -1, 8, -1, -1, -1, -1, 7, -1, -1, -1, -1, -1, -1, -1, -1, -1, -1, -1, -1, -1, -1, -1, -1, -1, -1, -1, -1, -1, -1, -1, -1, -1, -1, -1, -1, -1]
[0, -1, -1, -1, 4, 1, -1, -1, 3, 5, -1, -1, -1, 2, -1, 9, -1, 6, -1, 8, -1, -1, -1, -1, 7, -1, -1, -1, -1, -1, -1, -1, -1, -1, -1, -1, -1, -1, -1, -1, -1, -1, -1, -1, -1, -1, -1, -1, -1, -1, -1, -1, -1, -1]
[0, -1, -1, -1, 4, 1, -1, -1, 3, 5, -1, -1, -1, 2, -1, 9, -1, 6, -1, 8, -1, -1, -1, -1, 7, -1, -1, -1, -1, -1, -1, -1, -1, -1, -1, -1, -1, -1, -1, -1, -1, -1, -1, -1, -1, -1, -1, -1, -1, -1, -1, -1, -1, -1]
[0, -1, -1, -1, 4, 1, -1, -1, 3, 5, -1, -1, -1, 2, -1, -1, -1, 6, -1, 8, -1, -1, -1, -1, 7, -1, 9, -1, -1, -1, -1, -1, -1, -1, -1, -1, -1, -1, -1, -1, -1, -1, -1, -1, -1, -1, -1, -1, -1, -1, -1, -1, -1, -1]
[0, -1, -1, -1, 4, 1, -1, -1, 3, 5, -1, -1, -1, 2, -1, -1, -1, 6, -1, 8, -1, -1, -1, -1, 7, -1, 9, -1, -1, -1, -1, -1, -1, -1, -1, -1, -1, -1, -1, -1, -1, -1, -1, -1, -1, -1, -1, -1, -1, -1, -1, -1, -1, -1]
[0, -1, -1, -1, 4, 1, -1, -1, 3, 5, -1, -1, -1, 2, -1, -1, -1, 6, -1, -1, -1, -1, -1, -1, 7, 9, -1, -1, -1, -1, 8, -1, -1, -1, -1, -1, -1, -1, -1, -1, -1, -1, -1, -1, -1, -1, -1, -1, -1, -1, -1, -1, -1, -1]
[0, -1, -1, -1, 4, 1, -1, -1, 3, 5, -1, -1, -1, 2, -1, -1, -1, 6, -1, -1, -1, -1, -1, -1, 7, 9, -1, -1, -1, -1, 8, -1, -1, -1, -1, -1, -1, -1, -1, -1, -1, -1, -1, -1, -1, -1, -1, -1, -1, -1, -1, -1, -1, -1]
[0, -1, -1, -1, 4, 1, -1, -1, 3, 5, -1, -1, -1, 2, -1, -1, -1, 6, -1, -1, -1, -1, -1, -1, 7, -1, 9, -1, -1, -1, 8, -1, -1, -1, -1, -1, -1, -1, -1, -1, -1, -1, -1, -1, -1, -1, -1, -1, -1, -1, -1, -1, -1, -1]
[0, -1, -1, -1, 4, 1, -1, -1, 3, 5, -1, -1, -1, 2, -1, -1, -1, 6, -1, -1, -1, -1, -1, -1, 7, -1, 9, -1, -1, -1, 8, -1, -1, -1, -1, -1, -1, -1, -1, -1, -1, -1, -1, -1, -1, -1, -1, -1, -1, -1, -1, -1, -1, -1]
[0, -1, -1, -1, 4, 1, -1, -1, 3, 5, -1, -1, -1, 2, -1, -1, -1, 6, -1, -1, -1, -1, -1, -1, 7, -1, -1, -1, -1, -1, 8, -1, -1, -1, -1, -1, -1, 9, -1, -1, -1, -1, -1, -1, -1, -1, -1, -1, -1, -1, -1, -1, -1, -1]
[0, -1, -1, -1, 4, 1, -1, -1, 3, 5, -1, -1, -1, 2, -1, -1, -1, 6, -1, -1, -1, -1, -1, -1, 7, -1, -1, -1, -1, -1, 8, -1, -1, -1, -1, -1, -1, 9, -1, -1, -1, -1, -1, -1, -1, -1, -1, -1, -1, -1, -1, -1, -1, -1]
[0, 7, -1, 9, -1, 1, 6, 8, 3, -1, -1, 5, -1, 2, -1, -1, 4, -1, -1, -1, -1, -1, -1, -1, -1, -1, -1, -1, -1, -1, -1, -1, -1, -1, -1, -1, -1, -1, -1, -1, -1, -1, -1, -1, -1, -1, -1, -1, -1, -1, -1, -1, -1, -1]
[0, 7, -1, 9, -1, 1, 6, 8, 3, -1, -1, 5, -1, 2, -1, -1, 4, -1, -1, -1, -1, -1, -1, -1, -1, -1, -1, -1, -1, -1, -1, -1, -1, -1, -1, -1, -1, -1, -1, -1, -1, -1, -1, -1, -1, -1, -1, -1, -1, -1, -1, -1, -1, -1]
[0, 7, -1, -1, -1, 1, 6, 8, 3, -1, -1, 5, -1, 2, -1, 9, 4, -1, -1, -1, -1, -1, -1, -1, -1, -1, -1, -1, -1, -1, -1, -1, -1, -1, -1, -1, -1, -1, -1, -1, -1, -1, -1, -1, -1, -1, -1, -1, -1, -1, -1, -1, -1, -1]
[0, 7, -1, -1, -1, 1, 6, 8, 3, -1, -1, 5, -1, 2, -1, 9, 4, -1, -1, -1, -1, -1, -1, -1, -1, -1, -1, -1, -1, -1, -1, -1, -1, -1, -1, -1, -1, -1, -1, -1, -1, -1, -1, -1, -1, -1, -1, -1, -1, -1, -1, -1, -1, -1]
[0, -1, -1, 9, -1, 1, 6, 8, 3, -1, -1, 5, 7, 2, -1, -1, 4, -1, -1, -1, -1, -1, -1, -1, -1, -1, -1, -1, -1, -1, -1, -1, -1, -1, -1, -1, -1, -1, -1, -1, -1, -1, -1, -1, -1, -1, -1, -1, -1, -1, -1, -1, -1, -1]
[0, -1, -1, 9, -1, 1, 6, 8, 3, -1, -1, 5, 7, 2, -1, -1, 4, -1, -1, -1, -1, -1, -1, -1, -1, -1, -1, -1, -1, -1, -1, -1, -1, -1, -1, -1, -1, -1, -1, -1, -1, -1, -1, -1, -1, -1, -1, -1, -1, -1, -1, -1, -1, -1]
