[0, 2, -1, -1, -1, 1, 8, 3, 10, 5, 12, -1, 7, -1, 9, 4, 11, 6, -1, -1, -1, -1, -1, -1, -1, -1, -1, -1, -1, -1, -1, -1, -1, -1, -1, -1, -1, -1, -1, -1, -1, -1, -1, -1, -1, -1, -1, -1, -1, -1, -1, -1, -1, -1]
[0, 2, -1, -1, -1, 1, 8, 3, 10, 5, 12, -1, 7, -1, 9, 4, 11, 6, -1, -1, -1, -1, -1, -1, -1, -1, -1, -1, -1, -1, -1, -1, -1, -1, -1, -1, -1, -1, -1, -1, -1, -1, -1, -1, -1, -1, -1, -1, -1, -1, -1, -1, -1, -1]
[0, 2, -1, -1, -1, 1, 8, 3, 10, 5, -1, 12, 7, -1, 9, 4, 11, 6, -1, -1, -1, -1, -1, -1, -1, -1, -1, -1, -1, -1, -1, -1, -1, -1, -1, -1, -1, -1, -1, -1, -1, -1, -1, -1, -1, -1, -1, -1, -1, -1, -1, -1, -1, -1]
[0, 2, -1, -1, -1, 1, 8, 3, 10, 5, -1, 12, 7, -1, 9, 4, 11, 6, -1, -1, -1, -1, -1, -1, -1, -1, -1, -1, -1, -1, -1, -1, -1, -1, -1, -1, -1, -1, -1, -1, -1, -1, -1, -1, -1, -1, -1, -1, -1, -1, -1, -1, -1, -1]
[0, 2, -1, -1, -1, 1, 8, 3, 10, 5, -1, -1, 7, -1, 9, 4, 11, 6, -1, -1, -1, -1, 12, -1, -1, -1, -1, -1, -1, -1, -1, -1, -1, -1, -1, -1, -1, -1, -1, -1, -1, -1, -1, -1, -1, -1, -1, -1, -1, -1, -1, -1, -1, -1]
[0, 2, -1, -1, -1, 1, 8, 3, 10, 5, -1, -1, 7, -1, 9, 4, 11, 6, -1, -1, -1, -1, 12, -1, -1, -1, -1, -1, -1, -1, -1, -1, -1, -1, -1, -1, -1, -1, -1, -1, -1, -1, -1, -1, -1, -1, -1, -1, -1, -1, -1, -1, -1, -1]
[0, 2, -1, -1, -1, 1, 8, 3, -1, 5, 12, -1, 7, -1, 9, 4, 11, 6, -1, -1, -1, 10, -1, -1, -1, -1, -1, -1, -1, -1, -1, -1, -1, -1, -1, -1, -1, -1, -1, -1, -1, -1, -1, -1, -1, -1, -1, -1, -1, -1, -1, -1, -1, -1]
[0, 2, -1, -1, -1, 1, 8, 3, -1, 5, 12, -1, 7, -1, 9, 4, 11, 6, -1, -1, -1, 10, -1, -1, -1, -1, -1, -1, -1, -1, -1, -1, -1, -1, -1, -1, -1, -1, -1, -1, -1, -1, -1, -1, -1, -1, -1, -1, -1, -1, -1, -1, -1, -1]
[0, 2, -1, -1, -1, 1, 8, 3, -1, 5, -1, 12, 7, -1, 9, 4, 11, 6, -1, -1, -1, 10, -1, -1, -1, -1, -1, -1, -1, -1, -1, -1, -1, -1, -1, -1, -1, -1, -1, -1, -1, -1, -1, -1, -1, -1, -1, -1, -1, -1, -1, -1, -1, -1]
[0, 2, -1, -1, -1, 1, 8, 3, -1, 5, -1, 12, 7, -1, 9, 4, 11, 6, -1, -1, -1, 10, -1, -1, -1, -1, -1, -1, -1, -1, -1, -1, -1, -1, -1, -1, -1, -1, -1, -1, -1, -1, -1, -1, -1, -1, -1, -1, -1, -1, -1, -1, -1, -1]
[0, 2, -1, -1, -1, 1, 8, 3, -1, 5, -1, -1, 7, -1, 9, 4, 11, 6, -1, -1, -1, 10, 12, -1, -1, -1, -1, -1, -1, -1, -1, -1, -1, -1, -1, -1, -1, -1, -1, -1, -1, -1, -1, -1, -1, -1, -1, -1, -1, -1, -1, -1, -1, -1]
[0, 2, -1, -1, -1, 1, 8, 3, -1, 5, -1, -1, 7, -1, 9, 4, 11, 6, -1, -1, -1, 10, 12, -1, -1, -1, -1, -1, -1, -1, -1, -1, -1, -1, -1, -1, -1, -1, -1, -1, -1, -1, -1, -1, -1, -1, -1, -1, -1, -1, -1, -1, -1, -1]
[0, 2, -1, -1, -1, 1, 8, 3, -1, 5, -1, -1, 7, -1, 9, 4, -1, 6, -1, -1, -1, 10, -1, 12, -1, -1, -1, -1, 11, -1, -1, -1, -1, -1, -1, -1, -1, -1, -1, -1, -1, -1, -1, -1, -1, -1, -1, -1, -1, -1, -1, -1, -1, -1]
[0, 2, -1, -1, -1, 1, 8, 3, -1, 5, -1, -1, 7, -1, 9, 4, -1, 6, -1, -1, -1, 10, -1, 12, -1, -1, -1, -1, 11, -1, -1, -1, -1, -1, -1, -1, -1, -1, -1, -1, -1, -1, -1, -1, -1, -1, -1, -1, -1, -1, -1, -1, -1, -1]
[0, 2, -1, -1, -1, 1, 8, 3, -1, 5, -1, -1, 7, -1, 9, 4, -1, 6, -1, -1, -1, 10, -1, -1, -1, -1, -1, -1, 11, -1, -1, -1, -1, -1, 12, -1, -1, -1, -1, -1, -1, -1, -1, -1, -1, -1, -1, -1, -1, -1, -1, -1, -1, -1]
[0, 2, -1, -1, -1, 1, 8, 3, -1, 5, -1, -1, 7, -1, 9, 4, -1, 6, -1, -1, -1, 10, -1, -1, -1, -1, -1, -1, 11, -1, -1, -1, -1, -1, 12, -1, -1, -1, -1, -1, -1, -1, -1, -1, -1, -1, -1, -1, -1, -1, -1, -1, -1, -1]
[0, 2, -1, -1, -1, 1, -1, 3, 10, 5, 12, -1, 7, -1, 9, 4, 11, 6, -1, 8, -1, -1, -1, -1, -1, -1, -1, -1, -1, -1, -1, -1, -1, -1, -1, -1, -1, -1, -1, -1, -1, -1, -1, -1, -1, -1, -1, -1, -1, -1, -1, -1, -1, -1]
[0, 2, -1, -1, -1, 1, -1, 3, 10, 5, 12, -1, 7, -1, 9, 4, 11, 6, -1, 8, -1, -1, -1, -1, -1, -1, -1, -1, -1, -1, -1, -1, -1, -1, -1, -1, -1, -1, -1, -1, -1, -1, -1, -1, -1, -1, -1, -1, -1, -1, -1, -1, -1, -1]
[0, 2, -1, -1, -1, 1, -1, 3, 10, 5, -1, 12, 7, -1, 9, 4, 11, 6, -1, 8, -1, -1, -1, -1, -1, -1, -1, -1, -1, -1, -1, -1, -1, -1, -1, -1, -1, -1, -1, -1, -1, -1, -1, -1, -1, -1, -1, -1, -1, -1, -1, -1, -1, -1]
[0, 2, -1, -1, -1, 1, -1, 3, 10, 5, -1, 12, 7, -1, 9, 4, 11, 6, -1, 8, -1, -1, -1, -1, -1, -1, -1, -1, -1, -1, -1, -1, -1, -1, -1, -1, -1, -1, -1, -1, -1, -1, -1, -1, -1, -1, -1, -1, -1, -1, -1, -1, -1, -1]
[0, 2, -1, -1, -1, 1, -1, 3, 10, 5, -1, -1, 7, -1, 9, 4, 11, 6, -1, 8, -1, -1, 12, -1, -1, -1, -1, -1, -1, -1, -1, -1, -1, -1, -1, -1, -1, -1, -1, -1, -1, -1, -1, -1, -1, -1, -1, -1, -1, -1, -1, -1, -1, -1]
[0, 2, -1, -1, -1, 1, -1, 3, 10, 5, -1, -1, 7, -1, 9, 4, 11, 6, -1, 8, -1, -1, 12, -1, -1, -1, -1, -1, -1, -1, -1, -1, -1, -1, -1, -1, -1, -1, -1, -1, -1, -1, -1, -1, -1, -1, -1, -1, -1, -1, -1, -1, -1, -1]
[0, 2, -1, -1, -1, 1, -1, 3, -1, 5, 12, -1, 7, -1, 9, 4, 11, 6, -1, 8, -1, 10, -1, -1, -1, -1, -1, -1, -1, -1, -1, -1, -1, -1, -1, -1, -1, -1, -1, -1, -1, -1, -1, -1, -1, -1, -1, -1, -1, -1, -1, -1, -1, -1]
[0, 2, -1, -1, -1, 1, -1, 3, -1, 5, 12, -1, 7, -1, 9, 4, 11, 6, -1, 8, -1, 10, -1, -1, -1, -1, -1, -1, -1, -1, -1, -1, -1, -1, -1, -1, -1, -1, -1, -1, -1, -1, -1, -1, -1, -1, -1, -1, -1, -1, -1, -1, -1, -1]
[0, 2, -1, -1, -1, 1, -1, 3, -1, 5, -1, 12, 7, -1, 9, 4, 11, 6, -1, 8, -1, 10, -1, -1, -1, -1, -1, -1, -1, -1, -1, -1, -1, -1, -1, -1, -1, -1, -1, -1, -1, -1, -1, -1, -1, -1, -1, -1, -1, -1, -1, -1, -1, -1]
[0, 2, -1, -1, -1, 1, -1, 3, -1, 5, -1, 12, 7, -1, 9, 4, 11, 6, -1, 8, -1, 10, -1, -1, -1, -1, -1, -1, -1, -1, -1, -1, -1, -1, -1, -1, -1, -1, -1, -1, -1, -1, -1, -1, -1, -1, -1, -1, -1, -1, -1, -1, -1, -1]
[0, 2, -1, -1, -1, 1, -1, 3, -1, 5, -1, -1, 7, -1, 9, 4, 11, 6, -1, 8, -1, 10, 12, -1, -1, -1, -1, -1, -1, -1, -1, -1, -1, -1, -1, -1, -1, -1, -1, -1, -1, -1, -1, -1, -1, -1, -1, -1, -1, -1, -1, -1, -1, -1]
[0, 2, -1, -1, -1, 1, -1, 3, -1, 5, -1, -1, 7, -1, 9, 4, 11, 6, -1, 8, -1, 10, 12, -1, -1, -1, -1, -1, -1, -1, -1, -1, -1, -1, -1, -1, -1, -1, -1, -1, -1, -1, -1, -1, -1, -1, -1, -1, -1, -1, -1, -1, -1, -1]
[0, 2, -1, -1, -1, 1, -1, 3, -1, 5, -1, -1, 7, -1, 9, 4, -1, 6, -1, 8, -1, 10, -1, 12, -1, -1, -1, -1, 11, -1, -1, -1, -1, -1, -1, -1, -1, -1, -1, -1, -1, -1, -1, -1, -1, -1, -1, -1, -1, -1, -1, -1, -1, -1]
[0, 2, -1, -1, -1, 1, -1, 3, -1, 5, -1, -1, 7, -1, 9, 4, -1, 6, -1, 8, -1, 10, -1, 12, -1, -1, -1, -1, 11, -1, -1, -1, -1, -1, -1, -1, -1, -1, -1, -1, -1, -1, -1, -1, -1, -1, -1, -1, -1, -1, -1, -1, -1, -1]
[0, 2, -1, -1, -1, 1, -1, 3, -1, 5, -1, -1, 7, -1, 9, 4, -1, 6, -1, 8, -1, 10, -1, -1, -1, -1, -1, -1, 11, -1, -1, -1, -1, -1, 12, -1, -1, -1, -1, -1, -1, -1, -1, -1, -1, -1, -1, -1, -1, -1, -1, -1, -1, -1]
[0, 2, -1, -1, -1, 1, -1, 3, -1, 5, -1, -1, 7, -1, 9, 4, -1, 6, -1, 8, -1, 10, -1, -1, -1, -1, -1, -1, 11, -1, -1, -1, -1, -1, 12, -1, -1, -1, -1, -1, -1, -1, -1, -1, -1, -1, -1, -1, -1, -1, -1, -1, -1, -1]
[0, 2, -1, -1, -1, 1, -1, 3, -1, 5, 12, -1, 7, -1, -1, 4, 11, 6, -1, 8, 10, -1, -1, -1, -1, -1, 9, -1, -1, -1, -1, -1, -1, -1, -1, -1, -1, -1, -1, -1, -1, -1, -1, -1, -1, -1, -1, -1, -1, -1, -1, -1, -1, -1]
[0, 2, -1, -1, -1, 1, -1, 3, -1, 5, 12, -1, 7, -1, -1, 4, 11, 6, -1, 8, 10, -1, -1, -1, -1, -1, 9, -1, -1, -1, -1, -1, -1, -1, -1, -1, -1, -1, -1, -1, -1, -1, -1, -1, -1, -1, -1, -1, -1, -1, -1, -1, -1, -1]
[0, 2, -1, -1, -1, 1, -1, 3, -1, 5, -1, 12, 7, -1, -1, 4, 11, 6, -1, 8, 10, -1, -1, -1, -1, -1, 9, -1, -1, -1, -1, -1, -1, -1, -1, -1, -1, -1, -1, -1, -1, -1, -1, -1, -1, -1, -1, -1, -1, -1, -1, -1, -1, -1]
[0, 2, -1, -1, -1, 1, -1, 3, -1, 5, -1, 12, 7, -1, -1, 4, 11, 6, -1, 8, 10, -1, -1, -1, -1, -1, 9, -1, -1, -1, -1, -1, -1, -1, -1, -1, -1, -1, -1, -1, -1, -1, -1, -1, -1, -1, -1, -1, -1, -1, -1, -1, -1, -1]
[0, 2, -1, -1, -1, 1, -1, 3, -1, 5, -1, -1, 7, -1, -1, 4, 11, 6, -1, 8, 10, -1, 12, -1, -1, -1, 9, -1, -1, -1, -1, -1, -1, -1, -1, -1, -1, -1, -1, -1, -1, -1, -1, -1, -1, -1, -1, -1, -1, -1, -1, -1, -1, -1]
[0, 2, -1, -1, -1, 1, -1, 3, -1, 5, -1, -1, 7, -1, -1, 4, 11, 6, -1, 8, 10, -1, 12, -1, -1, -1, 9, -1, -1, -1, -1, -1, -1, -1, -1, -1, -1, -1, -1, -1, -1, -1, -1, -1, -1, -1, -1, -1, -1, -1, -1, -1, -1, -1]
[0, 2, -1, -1, -1, 1, -1, 3, -1, 5, -1, -1, 7, -1, -1, 4, -1, 6, -1, 8, 10, 12, -1, -1, -1, -1, 9, 11, -1, -1, -1, -1, -1, -1, -1, -1, -1, -1, -1, -1, -1, -1, -1, -1, -1, -1, -1, -1, -1, -1, -1, -1, -1, -1]
[0, 2, -1, -1, -1, 1, -1, 3, -1, 5, -1, -1, 7, -1, -1, 4, -1, 6, -1, 8, 10, 12, -1, -1, -1, -1, 9, 11, -1, -1, -1, -1, -1, -1, -1, -1, -1, -1, -1, -1, -1, -1, -1, -1, -1, -1, -1, -1, -1, -1, -1, -1, -1, -1]
[0, 2, -1, -1, -1, 1, -1, 3, -1, 5, -1, -1, 7, -1, -1, 4, -1, 6, -1, 8, 10, -1, 12, -1, -1, -1, 9, 11, -1, -1, -1, -1, -1, -1, -1, -1, -1, -1, -1, -1, -1, -1, -1, -1, -1, -1, -1, -1, -1, -1, -1, -1, -1, -1]
[0, 2, -1, -1, -1, 1, -1, 3, -1, 5, -1, -1, 7, -1, -1, 4, -1, 6, -1, 8, 10, -1, 12, -1, -1, -1, 9, 11, -1, -1, -1, -1, -1, -1, -1, -1, -1, -1, -1, -1, -1, -1, -1, -1, -1, -1, -1, -1, -1, -1, -1, -1, -1, -1]
[0, 2, -1, -1, -1, 1, -1, 3, -1, 5, -1, -1, 7, -1, -1, 4, -1, 6, -1, 8, 10, -1, -1, 12, -1, -1, 9, 11, -1, -1, -1, -1, -1, -1, -1, -1, -1, -1, -1, -1, -1, -1, -1, -1, -1, -1, -1, -1, -1, -1, -1, -1, -1, -1]
[0, 2, -1, -1, -1, 1, -1, 3, -1, 5, -1, -1, 7, -1, -1, 4, -1, 6, -1, 8, 10, -1, -1, 12, -1, -1, 9, 11, -1, -1, -1, -1, -1, -1, -1, -1, -1, -1, -1, -1, -1, -1, -1, -1, -1, -1, -1, -1, -1, -1, -1, -1, -1, -1]
[0, 2, -1, -1, -1, 1, -1, 3, -1, 5, -1, -1, 7, -1, -1, 4, -1, 6, -1, 8, 10, -1, -1, -1, -1, -1, 9, 11, -1, -1, -1, -1, -1, 12, -1, -1, -1, -1, -1, -1, -1, -1, -1, -1, -1, -1, -1, -1, -1, -1, -1, -1, -1, -1]
[0, 2, -1, -1, -1, 1, -1, 3, -1, 5, -1, -1, 7, -1, -1, 4, -1, 6, -1, 8, 10, -1, -1, -1, -1, -1, 9, 11, -1, -1, -1, -1, -1, 12, -1, -1, -1, -1, -1, -1, -1, -1, -1, -1, -1, -1, -1, -1, -1, -1, -1, -1, -1, -1]
[0, 2, -1, -1, -1, 1, -1, 3, -1, 5, 12, -1, 7, -1, -1, 4, 11, 6, -1, 8, -1, 10, -1, -1, -1, -1, 9, -1, -1, -1, -1, -1, -1, -1, -1, -1, -1, -1, -1, -1, -1, -1, -1, -1, -1, -1, -1, -1, -1, -1, -1, -1, -1, -1]
[0, 2, -1, -1, -1, 1, -1, 3, -1, 5, 12, -1, 7, -1, -1, 4, 11, 6, -1, 8, -1, 10, -1, -1, -1, -1, 9, -1, -1, -1, -1, -1, -1, -1, -1, -1, -1, -1, -1, -1, -1, -1, -1, -1, -1, -1, -1, -1, -1, -1, -1, -1, -1, -1]
[0, 2, -1, -1, -1, 1, -1, 3, -1, 5, -1, 12, 7, -1, -1, 4, 11, 6, -1, 8, -1, 10, -1, -1, -1, -1, 9, -1, -1, -1, -1, -1, -1, -1, -1, -1, -1, -1, -1, -1, -1, -1, -1, -1, -1, -1, -1, -1, -1, -1, -1, -1, -1, -1]
[0, 2, -1, -1, -1, 1, -1, 3, -1, 5, -1, 12, 7, -1, -1, 4, 11, 6, -1, 8, -1, 10, -1, -1, -1, -1, 9, -1, -1, -1, -1, -1, -1, -1, -1, -1, -1, -1, -1, -1, -1, -1, -1, -1, -1, -1, -1, -1, -1, -1, -1, -1, -1, -1]
[0, 2, -1, -1, -1, 1, -1, 3, -1, 5, -1, -1, 7, -1, -1, 4, 11, 6, -1, 8, -1, 10, 12, -1, -1, -1, 9, -1, -1, -1, -1, -1, -1, -1, -1, -1, -1, -1, -1, -1, -1, -1, -1, -1, -1, -1, -1, -1, -1, -1, -1, -1, -1, -1]
[0, 2, -1, -1, -1, 1, -1, 3, -1, 5, -1, -1, 7, -1, -1, 4, 11, 6, -1, 8, -1, 10, 12, -1, -1, -1, 9, -1, -1, -1, -1, -1, -1, -1, -1, -1, -1, -1, -1, -1, -1, -1, -1, -1, -1, -1, -1, -1, -1, -1, -1, -1, -1, -1]
[0, 2, -1, -1, -1, 1, -1, 3, -1, 5, -1, -1, 7, -1, -1, 4, -1, 6, -1, 8, -1, 10, -1, 12, -1, -1, 9, -1, 11, -1, -1, -1, -1, -1, -1, -1, -1, -1, -1, -1, -1, -1, -1, -1, -1, -1, -1, -1, -1, -1, -1, -1, -1, -1]
[0, 2, -1, -1, -1, 1, -1, 3, -1, 5, -1, -1, 7, -1, -1, 4, -1, 6, -1, 8, -1, 10, -1, 12, -1, -1, 9, -1, 11, -1, -1, -1, -1, -1, -1, -1, -1, -1, -1, -1, -1, -1, -1, -1, -1, -1, -1, -1, -1, -1, -1, -1, -1, -1]
[0, 2, -1, -1, -1, 1, -1, 3, -1, 5, -1, -1, 7, -1, -1, 4, -1, 6, -1, 8, -1, 10, -1, -1, -1, -1, 9, -1, 11, -1, -1, -1, -1, -1, 12, -1, -1, -1, -1, -1, -1, -1, -1, -1, -1, -1, -1, -1, -1, -1, -1, -1, -1, -1]
[0, 2, -1, -1, -1, 1, -1, 3, -1, 5, -1, -1, 7, -1, -1, 4, -1, 6, -1, 8, -1, 10, -1, -1, -1, -1, 9, -1, 11, -1, -1, -1, -1, -1, 12, -1, -1, -1, -1, -1, -1, -1, -1, -1, -1, -1, -1, -1, -1, -1, -1, -1, -1, -1]
[0, 2, -1, -1, -1, 1, -1, 3, -1, 5, -1, -1, 7, -1, -1, 4, -1, 6, -1, 8, -1, 12, -1, -1, -1, -1, 9, 11, -1, -1, -1, -1, 10, -1, -1, -1, -1, -1, -1, -1, -1, -1, -1, -1, -1, -1, -1, -1, -1, -1, -1, -1, -1, -1]
[0, 2, -1, -1, -1, 1, -1, 3, -1, 5, -1, -1, 7, -1, -1, 4, -1, 6, -1, 8, -1, 12, -1, -1, -1, -1, 9, 11, -1, -1, -1, -1, 10, -1, -1, -1, -1, -1, -1, -1, -1, -1, -1, -1, -1, -1, -1, -1, -1, -1, -1, -1, -1, -1]
[0, 2, -1, -1, -1, 1, -1, 3, -1, 5, -1, -1, 7, -1, -1, 4, -1, 6, -1, 8, -1, -1, 12, -1, -1, -1, 9, 11, -1, -1, -1, -1, 10, -1, -1, -1, -1, -1, -1, -1, -1, -1, -1, -1, -1, -1, -1, -1, -1, -1, -1, -1, -1, -1]
[0, 2, -1, -1, -1, 1, -1, 3, -1, 5, -1, -1, 7, -1, -1, 4, -1, 6, -1, 8, -1, -1, 12, -1, -1, -1, 9, 11, -1, -1, -1, -1, 10, -1, -1, -1, -1, -1, -1, -1, -1, -1, -1, -1, -1, -1, -1, -1, -1, -1, -1, -1, -1, -1]
[0, 2, -1, -1, -1, 1, -1, 3, -1, 5, -1, -1, 7, -1, -1, 4, -1, 6, -1, 8, -1, -1, -1, 12, -1, -1, 9, 11, -1, -1, -1, -1, 10, -1, -1, -1, -1, -1, -1, -1, -1, -1, -1, -1, -1, -1, -1, -1, -1, -1, -1, -1, -1, -1]
[0, 2, -1, -1, -1, 1, -1, 3, -1, 5, -1, -1, 7, -1, -1, 4, -1, 6, -1, 8, -1, -1, -1, 12, -1, -1, 9, 11, -1, -1, -1, -1, 10, -1, -1, -1, -1, -1, -1, -1, -1, -1, -1, -1, -1, -1, -1, -1, -1, -1, -1, -1, -1, -1]
[0, 2, -1, -1, -1, 1, -1, 3, -1, 5, -1, -1, 7, -1, -1, 4, -1, 6, -1, 8, -1, -1, -1, -1, -1, -1, 9, 11, -1, -1, -1, -1, 10, 12, -1, -1, -1, -1, -1, -1, -1, -1, -1, -1, -1, -1, -1, -1, -1, -1, -1, -1, -1, -1]
[0, 2, -1, -1, -1, 1, -1, 3, -1, 5, -1, -1, 7, -1, -1, 4, -1, 6, -1, 8, -1, -1, -1, -1, -1, -1, 9, 11, -1, -1, -1, -1, 10, 12, -1, -1, -1, -1, -1, -1, -1, -1, -1, -1, -1, -1, -1, -1, -1, -1, -1, -1, -1, -1]
[0, 2, -1, -1, -1, 1, -1, 3, -1, 5, -1, -1, 7, -1, -1, 4, -1, 6, -1, 8, -1, -1, -1, 12, -1, -1, 9, -1, 11, -1, -1, -1, 10, -1, -1, -1, -1, -1, -1, -1, -1, -1, -1, -1, -1, -1, -1, -1, -1, -1, -1, -1, -1, -1]
[0, 2, -1, -1, -1, 1, -1, 3, -1, 5, -1, -1, 7, -1, -1, 4, -1, 6, -1, 8, -1, -1, -1, 12, -1, -1, 9, -1, 11, -1, -1, -1, 10, -1, -1, -1, -1, -1, -1, -1, -1, -1, -1, -1, -1, -1, -1, -1, -1, -1, -1, -1, -1, -1]
[0, 2, -1, -1, -1, 1, -1, 3, -1, 5, -1, -1, 7, -1, -1, 4, -1, 6, -1, 8, -1, -1, -1, -1, -1, -1, 9, -1, 11, -1, -1, -1, 10, -1, 12, -1, -1, -1, -1, -1, -1, -1, -1, -1, -1, -1, -1, -1, -1, -1, -1, -1, -1, -1]
[0, 2, -1, -1, -1, 1, -1, 3, -1, 5, -1, -1, 7, -1, -1, 4, -1, 6, -1, 8, -1, -1, -1, -1, -1, -1, 9, -1, 11, -1, -1, -1, 10, -1, 12, -1, -1, -1, -1, -1, -1, -1, -1, -1, -1, -1, -1, -1, -1, -1, -1, -1, -1, -1]
[0, 2, -1, -1, -1, 1, -1, 3, -1, 5, -1, -1, 7, -1, -1, 4, -1, 6, -1, 8, -1, -1, -1, -1, -1, -1, 9, -1, -1, -1, -1, -1, 10, 12, -1, -1, -1, -1, -1, 11, -1, -1, -1, -1, -1, -1, -1, -1, -1, -1, -1, -1, -1, -1]
[0, 2, -1, -1, -1, 1, -1, 3, -1, 5, -1, -1, 7, -1, -1, 4, -1, 6, -1, 8, -1, -1, -1, -1, -1, -1, 9, -1, -1, -1, -1, -1, 10, 12, -1, -1, -1, -1, -1, 11, -1, -1, -1, -1, -1, -1, -1, -1, -1, -1, -1, -1, -1, -1]
[0, 2, -1, -1, -1, 1, -1, 3, -1, 5, -1, -1, 7, -1, -1, 4, -1, 6, -1, 8, -1, -1, -1, -1, -1, -1, 9, -1, -1, -1, -1, -1, 10, -1, -1, 12, -1, -1, -1, 11, -1, -1, -1, -1, -1, -1, -1, -1, -1, -1, -1, -1, -1, -1]
[0, 2, -1, -1, -1, 1, -1, 3, -1, 5, -1, -1, 7, -1, -1, 4, -1, 6, -1, 8, -1, -1, -1, -1, -1, -1, 9, -1, -1, -1, -1, -1, 10, -1, -1, 12, -1, -1, -1, 11, -1, -1, -1, -1, -1, -1, -1, -1, -1, -1, -1, -1, -1, -1]
[0, 2, -1, -1, -1, 1, -1, 3, -1, 5, -1, -1, 7, -1, -1, 4, -1, 6, -1, 8, -1, -1, -1, -1, -1, -1, 9, -1, -1, -1, -1, -1, 10, -1, -1, -1, -1, -1, -1, 11, -1, -1, -1, -1, -1, 12, -1, -1, -1, -1, -1, -1, -1, -1]
[0, 2, -1, -1, -1, 1, -1, 3, -1, 5, -1, -1, 7, -1, -1, 4, -1, 6, -1, 8, -1, -1, -1, -1, -1, -1, 9, -1, -1, -1, -1, -1, 10, -1, -1, -1, -1, -1, -1, 11, -1, -1, -1, -1, -1, 12, -1, -1, -1, -1, -1, -1, -1, -1]
[0, 2, 12, -1, -1, 1, 11, 3, 8, 5, -1, 10, -1, 7, -1, 4, 9, 6, -1, -1, -1, -1, -1, -1, -1, -1, -1, -1, -1, -1, -1, -1, -1, -1, -1, -1, -1, -1, -1, -1, -1, -1, -1, -1, -1, -1, -1, -1, -1, -1, -1, -1, -1, -1]
[0, 2, 12, -1, -1, 1, 11, 3, 8, 5, -1, 10, -1, 7, -1, 4, 9, 6, -1, -1, -1, -1, -1, -1, -1, -1, -1, -1, -1, -1, -1, -1, -1, -1, -1, -1, -1, -1, -1, -1, -1, -1, -1, -1, -1, -1, -1, -1, -1, -1, -1, -1, -1, -1]
[0, 2, -1, 12, -1, 1, 11, 3, 8, 5, -1, 10, -1, 7, -1, 4, 9, 6, -1, -1, -1, -1, -1, -1, -1, -1, -1, -1, -1, -1, -1, -1, -1, -1, -1, -1, -1, -1, -1, -1, -1, -1, -1, -1, -1, -1, -1, -1, -1, -1, -1, -1, -1, -1]
[0, 2, -1, 12, -1, 1, 11, 3, 8, 5, -1, 10, -1, 7, -1, 4, 9, 6, -1, -1, -1, -1, -1, -1, -1, -1, -1, -1, -1, -1, -1, -1, -1, -1, -1, -1, -1, -1, -1, -1, -1, -1, -1, -1, -1, -1, -1, -1, -1, -1, -1, -1, -1, -1]
[0, 2, -1, -1, -1, 1, 11, 3, 8, 5, -1, 10, 12, 7, -1, 4, 9, 6, -1, -1, -1, -1, -1, -1, -1, -1, -1, -1, -1, -1, -1, -1, -1, -1, -1, -1, -1, -1, -1, -1, -1, -1, -1, -1, -1, -1, -1, -1, -1, -1, -1, -1, -1, -1]
[0, 2, -1, -1, -1, 1, 11, 3, 8, 5, -1, 10, 12, 7, -1, 4, 9, 6, -1, -1, -1, -1, -1, -1, -1, -1, -1, -1, -1, -1, -1, -1, -1, -1, -1, -1, -1, -1, -1, -1, -1, -1, -1, -1, -1, -1, -1, -1, -1, -1, -1, -1, -1, -1]
[0, 2, -1, -1, -1, 1, 11, 3, 8, 5, -1, 10, -1, 7, 12, 4, 9, 6, -1, -1, -1, -1, -1, -1, -1, -1, -1, -1, -1, -1, -1, -1, -1, -1, -1, -1, -1, -1, -1, -1, -1, -1, -1, -1, -1, -1, -1, -1, -1, -1, -1, -1, -1, -1]
[0, 2, -1, -1, -1, 1, 11, 3, 8, 5, -1, 10, -1, 7, 12, 4, 9, 6, -1, -1, -1, -1, -1, -1, -1, -1, -1, -1, -1, -1, -1, -1, -1, -1, -1, -1, -1, -1, -1, -1, -1, -1, -1, -1, -1, -1, -1, -1, -1, -1, -1, -1, -1, -1]
[0, 2, -1, -1, -1, 1, -1, 3, 8, 5, -1, 10, -1, 7, 12, 4, 9, 6, 11, -1, -1, -1, -1, -1, -1, -1, -1, -1, -1, -1, -1, -1, -1, -1, -1, -1, -1, -1, -1, -1, -1, -1, -1, -1, -1, -1, -1, -1, -1, -1, -1, -1, -1, -1]
[0, 2, -1, -1, -1, 1, -1, 3, 8, 5, -1, 10, -1, 7, 12, 4, 9, 6, 11, -1, -1, -1, -1, -1, -1, -1, -1, -1, -1, -1, -1, -1, -1, -1, -1, -1, -1, -1, -1, -1, -1, -1, -1, -1, -1, -1, -1, -1, -1, -1, -1, -1, -1, -1]
[0, 2, -1, -1, -1, 1, -1, 3, 8, 5, -1, 10, -1, 7, -1, 4, 9, 6, 11, -1, -1, -1, -1, -1, -1, 12, -1, -1, -1, -1, -1, -1, -1, -1, -1, -1, -1, -1, -1, -1, -1, -1, -1, -1, -1, -1, -1, -1, -1, -1, -1, -1, -1, -1]
[0, 2, -1, -1, -1, 1, -1, 3, 8, 5, -1, 10, -1, 7, -1, 4, 9, 6, 11, -1, -1, -1, -1, -1, -1, 12, -1, -1, -1, -1, -1, -1, -1, -1, -1, -1, -1, -1, -1, -1, -1, -1, -1, -1, -1, -1, -1, -1, -1, -1, -1, -1, -1, -1]
[0, 2, -1, -1, -1, 1, -1, 3, 8, 5, -1, -1, -1, 7, -1, 4, 9, 6, -1, -1, -1, -1, 10, -1, 12, -1, -1, -1, -1, 11, -1, -1, -1, -1, -1, -1, -1, -1, -1, -1, -1, -1, -1, -1, -1, -1, -1, -1, -1, -1, -1, -1, -1, -1]
[0, 2, -1, -1, -1, 1, -1, 3, 8, 5, -1, -1, -1, 7, -1, 4, 9, 6, -1, -1, -1, -1, 10, -1, 12, -1, -1, -1, -1, 11, -1, -1, -1, -1, -1, -1, -1, -1, -1, -1, -1, -1, -1, -1, -1, -1, -1, -1, -1, -1, -1, -1, -1, -1]
[0, 2, -1, -1, -1, 1, -1, 3, 8, 5, -1, -1, -1, 7, -1, 4, 9, 6, -1, -1, -1, -1, 10, -1, -1, 12, -1, -1, -1, 11, -1, -1, -1, -1, -1, -1, -1, -1, -1, -1, -1, -1, -1, -1, -1, -1, -1, -1, -1, -1, -1, -1, -1, -1]
[0, 2, -1, -1, -1, 1, -1, 3, 8, 5, -1, -1, -1, 7, -1, 4, 9, 6, -1, -1, -1, -1, 10, -1, -1, 12, -1, -1, -1, 11, -1, -1, -1, -1, -1, -1, -1, -1, -1, -1, -1, -1, -1, -1, -1, -1, -1, -1, -1, -1, -1, -1, -1, -1]
[0, 2, -1, -1, -1, 1, -1, 3, 8, 5, -1, -1, -1, 7, -1, 4, 9, 6, -1, -1, -1, -1, 10, -1, -1, -1, -1, -1, -1, 11, -1, -1, -1, -1, -1, -1, 12, -1, -1, -1, -1, -1, -1, -1, -1, -1, -1, -1, -1, -1, -1, -1, -1, -1]
[0, 2, -1, -1, -1, 1, -1, 3, 8, 5, -1, -1, -1, 7, -1, 4, 9, 6, -1, -1, -1, -1, 10, -1, -1, -1, -1, -1, -1, 11, -1, -1, -1, -1, -1, -1, 12, -1, -1, -1, -1, -1, -1, -1, -1, -1, -1, -1, -1, -1, -1, -1, -1, -1]
[0, 2, 12, -1, -1, 1, 11, 3, -1, 5, -1, 10, -1, 7, -1, 4, 9, 6, -1, -1, 8, -1, -1, -1, -1, -1, -1, -1, -1, -1, -1, -1, -1, -1, -1, -1, -1, -1, -1, -1, -1, -1, -1, -1, -1, -1, -1, -1, -1, -1, -1, -1, -1, -1]
[0, 2, 12, -1, -1, 1, 11, 3, -1, 5, -1, 10, -1, 7, -1, 4, 9, 6, -1, -1, 8, -1, -1, -1, -1, -1, -1, -1, -1, -1, -1, -1, -1, -1, -1, -1, -1, -1, -1, -1, -1, -1, -1, -1, -1, -1, -1, -1, -1, -1, -1, -1, -1, -1]
[0, 2, -1, 12, -1, 1, 11, 3, -1, 5, -1, 10, -1, 7, -1, 4, 9, 6, -1, -1, 8, -1, -1, -1, -1, -1, -1, -1, -1, -1, -1, -1, -1, -1, -1, -1, -1, -1, -1, -1, -1, -1, -1, -1, -1, -1, -1, -1, -1, -1, -1, -1, -1, -1]
[0, 2, -1, 12, -1, 1, 11, 3, -1, 5, -1, 10, -1, 7, -1, 4, 9, 6, -1, -1, 8, -1, -1, -1, -1, -1, -1, -1, -1, -1, -1, -1, -1, -1, -1, -1, -1, -1, -1, -1, -1, -1, -1, -1, -1, -1, -1, -1, -1, -1, -1, -1, -1, -1]
[0, 2, -1, -1, -1, 1, 11, 3, -1, 5, -1, 10, 12, 7, -1, 4, 9, 6, -1, -1, 8, -1, -1, -1, -1, -1, -1, -1, -1, -1, -1, -1, -1, -1, -1, -1, -1, -1, -1, -1, -1, -1, -1, -1, -1, -1, -1, -1, -1, -1, -1, -1, -1, -1]
[0, 2, -1, -1, -1, 1, 11, 3, -1, 5, -1, 10, 12, 7, -1, 4, 9, 6, -1, -1, 8, -1, -1, -1, -1, -1, -1, -1, -1, -1, -1, -1, -1, -1, -1, -1, -1, -1, -1, -1, -1, -1, -1, -1, -1, -1, -1, -1, -1, -1, -1, -1, -1, -1]
[0, 2, -1, -1, -1, 1, 11, 3, -1, 5, -1, 10, -1, 7, 12, 4, 9, 6, -1, -1, 8, -1, -1, -1, -1, -1, -1, -1, -1, -1, -1, -1, -1, -1, -1, -1, -1, -1, -1, -1, -1, -1, -1, -1, -1, -1, -1, -1, -1, -1, -1, -1, -1, -1]
[0, 2, -1, -1, -1, 1, 11, 3, -1, 5, -1, 10, -1, 7, 12, 4, 9, 6, -1, -1, 8, -1, -1, -1, -1, -1, -1, -1, -1, -1, -1, -1, -1, -1, -1, -1, -1, -1, -1, -1, -1, -1, -1, -1, -1, -1, -1, -1, -1, -1, -1, -1, -1, -1]
[0, 2, -1, -1, -1, 1, -1, 3, -1, 5, -1, 10, -1, 7, 12, 4, 9, 6, 11, -1, 8, -1, -1, -1, -1, -1, -1, -1, -1, -1, -1, -1, -1, -1, -1, -1, -1, -1, -1, -1, -1, -1, -1, -1, -1, -1, -1, -1, -1, -1, -1, -1, -1, -1]
[0, 2, -1, -1, -1, 1, -1, 3, -1, 5, -1, 10, -1, 7, 12, 4, 9, 6, 11, -1, 8, -1, -1, -1, -1, -1, -1, -1, -1, -1, -1, -1, -1, -1, -1, -1, -1, -1, -1, -1, -1, -1, -1, -1, -1, -1, -1, -1, -1, -1, -1, -1, -1, -1]
[0, 2, -1, -1, -1, 1, -1, 3, -1, 5, -1, 10, -1, 7, -1, 4, 9, 6, 11, -1, 8, -1, -1, -1, -1, 12, -1, -1, -1, -1, -1, -1, -1, -1, -1, -1, -1, -1, -1, -1, -1, -1, -1, -1, -1, -1, -1, -1, -1, -1, -1, -1, -1, -1]
[0, 2, -1, -1, -1, 1, -1, 3, -1, 5, -1, 10, -1, 7, -1, 4, 9, 6, 11, -1, 8, -1, -1, -1, -1, 12, -1, -1, -1, -1, -1, -1, -1, -1, -1, -1, -1, -1, -1, -1, -1, -1, -1, -1, -1, -1, -1, -1, -1, -1, -1, -1, -1, -1]
[0, 2, -1, -1, -1, 1, -1, 3, -1, 5, -1, -1, -1, 7, -1, 4, 9, 6, -1, -1, 8, -1, 10, -1, 12, -1, -1, -1, -1, 11, -1, -1, -1, -1, -1, -1, -1, -1, -1, -1, -1, -1, -1, -1, -1, -1, -1, -1, -1, -1, -1, -1, -1, -1]
[0, 2, -1, -1, -1, 1, -1, 3, -1, 5, -1, -1, -1, 7, -1, 4, 9, 6, -1, -1, 8, -1, 10, -1, 12, -1, -1, -1, -1, 11, -1, -1, -1, -1, -1, -1, -1, -1, -1, -1, -1, -1, -1, -1, -1, -1, -1, -1, -1, -1, -1, -1, -1, -1]
[0, 2, -1, -1, -1, 1, -1, 3, -1, 5, -1, -1, -1, 7, -1, 4, 9, 6, -1, -1, 8, -1, 10, -1, -1, 12, -1, -1, -1, 11, -1, -1, -1, -1, -1, -1, -1, -1, -1, -1, -1, -1, -1, -1, -1, -1, -1, -1, -1, -1, -1, -1, -1, -1]
[0, 2, -1, -1, -1, 1, -1, 3, -1, 5, -1, -1, -1, 7, -1, 4, 9, 6, -1, -1, 8, -1, 10, -1, -1, 12, -1, -1, -1, 11, -1, -1, -1, -1, -1, -1, -1, -1, -1, -1, -1, -1, -1, -1, -1, -1, -1, -1, -1, -1, -1, -1, -1, -1]
[0, 2, -1, -1, -1, 1, -1, 3, -1, 5, -1, -1, -1, 7, -1, 4, 9, 6, -1, -1, 8, -1, 10, -1, -1, -1, -1, -1, -1, 11, -1, -1, -1, -1, -1, -1, 12, -1, -1, -1, -1, -1, -1, -1, -1, -1, -1, -1, -1, -1, -1, -1, -1, -1]
[0, 2, -1, -1, -1, 1, -1, 3, -1, 5, -1, -1, -1, 7, -1, 4, 9, 6, -1, -1, 8, -1, 10, -1, -1, -1, -1, -1, -1, 11, -1, -1, -1, -1, -1, -1, 12, -1, -1, -1, -1, -1, -1, -1, -1, -1, -1, -1, -1, -1, -1, -1, -1, -1]
[0, 2, -1, -1, -1, 1, -1, 3, -1, 5, 12, -1, -1, 7, -1, 4, 11, 6, -1, -1, 8, 10, -1, -1, -1, -1, -1, 9, -1, -1, -1, -1, -1, -1, -1, -1, -1, -1, -1, -1, -1, -1, -1, -1, -1, -1, -1, -1, -1, -1, -1, -1, -1, -1]
[0, 2, -1, -1, -1, 1, -1, 3, -1, 5, 12, -1, -1, 7, -1, 4, 11, 6, -1, -1, 8, 10, -1, -1, -1, -1, -1, 9, -1, -1, -1, -1, -1, -1, -1, -1, -1, -1, -1, -1, -1, -1, -1, -1, -1, -1, -1, -1, -1, -1, -1, -1, -1, -1]
[0, 2, -1, -1, -1, 1, -1, 3, -1, 5, -1, 12, -1, 7, -1, 4, 11, 6, -1, -1, 8, 10, -1, -1, -1, -1, -1, 9, -1, -1, -1, -1, -1, -1, -1, -1, -1, -1, -1, -1, -1, -1, -1, -1, -1, -1, -1, -1, -1, -1, -1, -1, -1, -1]
[0, 2, -1, -1, -1, 1, -1, 3, -1, 5, -1, 12, -1, 7, -1, 4, 11, 6, -1, -1, 8, 10, -1, -1, -1, -1, -1, 9, -1, -1, -1, -1, -1, -1, -1, -1, -1, -1, -1, -1, -1, -1, -1, -1, -1, -1, -1, -1, -1, -1, -1, -1, -1, -1]
[0, 2, -1, -1, -1, 1, -1, 3, -1, 5, -1, -1, -1, 7, -1, 4, 11, 6, -1, -1, 8, 10, 12, -1, -1, -1, -1, 9, -1, -1, -1, -1, -1, -1, -1, -1, -1, -1, -1, -1, -1, -1, -1, -1, -1, -1, -1, -1, -1, -1, -1, -1, -1, -1]
[0, 2, -1, -1, -1, 1, -1, 3, -1, 5, -1, -1, -1, 7, -1, 4, 11, 6, -1, -1, 8, 10, 12, -1, -1, -1, -1, 9, -1, -1, -1, -1, -1, -1, -1, -1, -1, -1, -1, -1, -1, -1, -1, -1, -1, -1, -1, -1, -1, -1, -1, -1, -1, -1]
[0, 2, -1, -1, -1, 1, -1, 3, -1, 5, -1, -1, -1, 7, -1, 4, -1, 6, -1, -1, 8, 10, -1, 12, -1, -1, -1, 9, 11, -1, -1, -1, -1, -1, -1, -1, -1, -1, -1, -1, -1, -1, -1, -1, -1, -1, -1, -1, -1, -1, -1, -1, -1, -1]
[0, 2, -1, -1, -1, 1, -1, 3, -1, 5, -1, -1, -1, 7, -1, 4, -1, 6, -1, -1, 8, 10, -1, 12, -1, -1, -1, 9, 11, -1, -1, -1, -1, -1, -1, -1, -1, -1, -1, -1, -1, -1, -1, -1, -1, -1, -1, -1, -1, -1, -1, -1, -1, -1]
[0, 2, -1, -1, -1, 1, -1, 3, -1, 5, -1, -1, -1, 7, -1, 4, -1, 6, -1, -1, 8, 10, -1, -1, -1, -1, -1, 9, 11, -1, -1, -1, -1, -1, 12, -1, -1, -1, -1, -1, -1, -1, -1, -1, -1, -1, -1, -1, -1, -1, -1, -1, -1, -1]
[0, 2, -1, -1, -1, 1, -1, 3, -1, 5, -1, -1, -1, 7, -1, 4, -1, 6, -1, -1, 8, 10, -1, -1, -1, -1, -1, 9, 11, -1, -1, -1, -1, -1, 12, -1, -1, -1, -1, -1, -1, -1, -1, -1, -1, -1, -1, -1, -1, -1, -1, -1, -1, -1]
[0, 2, -1, -1, -1, 1, -1, 3, -1, 5, -1, -1, -1, 7, -1, 4, -1, 6, -1, -1, 8, -1, 10, -1, 12, -1, -1, 9, -1, 11, -1, -1, -1, -1, -1, -1, -1, -1, -1, -1, -1, -1, -1, -1, -1, -1, -1, -1, -1, -1, -1, -1, -1, -1]
[0, 2, -1, -1, -1, 1, -1, 3, -1, 5, -1, -1, -1, 7, -1, 4, -1, 6, -1, -1, 8, -1, 10, -1, 12, -1, -1, 9, -1, 11, -1, -1, -1, -1, -1, -1, -1, -1, -1, -1, -1, -1, -1, -1, -1, -1, -1, -1, -1, -1, -1, -1, -1, -1]
[0, 2, -1, -1, -1, 1, -1, 3, -1, 5, -1, -1, -1, 7, -1, 4, -1, 6, -1, -1, 8, -1, 10, -1, -1, 12, -1, 9, -1, 11, -1, -1, -1, -1, -1, -1, -1, -1, -1, -1, -1, -1, -1, -1, -1, -1, -1, -1, -1, -1, -1, -1, -1, -1]
[0, 2, -1, -1, -1, 1, -1, 3, -1, 5, -1, -1, -1, 7, -1, 4, -1, 6, -1, -1, 8, -1, 10, -1, -1, 12, -1, 9, -1, 11, -1, -1, -1, -1, -1, -1, -1, -1, -1, -1, -1, -1, -1, -1, -1, -1, -1, -1, -1, -1, -1, -1, -1, -1]
[0, 2, -1, -1, -1, 1, -1, 3, -1, 5, -1, -1, -1, 7, -1, 4, -1, 6, -1, -1, 8, -1, 10, -1, -1, -1, -1, 9, -1, 11, -1, -1, -1, -1, -1, -1, 12, -1, -1, -1, -1, -1, -1, -1, -1, -1, -1, -1, -1, -1, -1, -1, -1, -1]
[0, 2, -1, -1, -1, 1, -1, 3, -1, 5, -1, -1, -1, 7, -1, 4, -1, 6, -1, -1, 8, -1, 10, -1, -1, -1, -1, 9, -1, 11, -1, -1, -1, -1, -1, -1, 12, -1, -1, -1, -1, -1, -1, -1, -1, -1, -1, -1, -1, -1, -1, -1, -1, -1]
[0, 2, -1, -1, -1, 1, -1, 3, -1, 5, -1, -1, -1, 7, 12, 4, -1, 6, 11, -1, 8, -1, -1, 10, -1, -1, -1, 9, -1, -1, -1, -1, -1, -1, -1, -1, -1, -1, -1, -1, -1, -1, -1, -1, -1, -1, -1, -1, -1, -1, -1, -1, -1, -1]
[0, 2, -1, -1, -1, 1, -1, 3, -1, 5, -1, -1, -1, 7, 12, 4, -1, 6, 11, -1, 8, -1, -1, 10, -1, -1, -1, 9, -1, -1, -1, -1, -1, -1, -1, -1, -1, -1, -1, -1, -1, -1, -1, -1, -1, -1, -1, -1, -1, -1, -1, -1, -1, -1]
[0, 2, -1, -1, -1, 1, -1, 3, -1, 5, -1, -1, -1, 7, -1, 4, -1, 6, 11, -1, 8, -1, -1, 10, -1, 12, -1, 9, -1, -1, -1, -1, -1, -1, -1, -1, -1, -1, -1, -1, -1, -1, -1, -1, -1, -1, -1, -1, -1, -1, -1, -1, -1, -1]
[0, 2, -1, -1, -1, 1, -1, 3, -1, 5, -1, -1, -1, 7, -1, 4, -1, 6, 11, -1, 8, -1, -1, 10, -1, 12, -1, 9, -1, -1, -1, -1, -1, -1, -1, -1, -1, -1, -1, -1, -1, -1, -1, -1, -1, -1, -1, -1, -1, -1, -1, -1, -1, -1]
[0, 2, -1, -1, -1, 1, -1, 3, -1, 5, -1, -1, -1, 7, -1, 4, -1, 6, -1, -1, 8, -1, -1, 12, -1, -1, -1, 9, 11, -1, -1, -1, -1, 10, -1, -1, -1, -1, -1, -1, -1, -1, -1, -1, -1, -1, -1, -1, -1, -1, -1, -1, -1, -1]
[0, 2, -1, -1, -1, 1, -1, 3, -1, 5, -1, -1, -1, 7, -1, 4, -1, 6, -1, -1, 8, -1, -1, 12, -1, -1, -1, 9, 11, -1, -1, -1, -1, 10, -1, -1, -1, -1, -1, -1, -1, -1, -1, -1, -1, -1, -1, -1, -1, -1, -1, -1, -1, -1]
[0, 2, -1, -1, -1, 1, -1, 3, -1, 5, -1, -1, -1, 7, -1, 4, -1, 6, -1, -1, 8, -1, -1, -1, -1, -1, -1, 9, 11, -1, -1, -1, -1, 10, 12, -1, -1, -1, -1, -1, -1, -1, -1, -1, -1, -1, -1, -1, -1, -1, -1, -1, -1, -1]
[0, 2, -1, -1, -1, 1, -1, 3, -1, 5, -1, -1, -1, 7, -1, 4, -1, 6, -1, -1, 8, -1, -1, -1, -1, -1, -1, 9, 11, -1, -1, -1, -1, 10, 12, -1, -1, -1, -1, -1, -1, -1, -1, -1, -1, -1, -1, -1, -1, -1, -1, -1, -1, -1]
[0, 2, -1, -1, -1, 1, -1, 3, -1, 5, -1, -1, -1, 7, -1, 4, -1, 6, -1, -1, 8, -1, -1, -1, 12, -1, -1, 9, -1, 11, -1, -1, -1, 10, -1, -1, -1, -1, -1, -1, -1, -1, -1, -1, -1, -1, -1, -1, -1, -1, -1, -1, -1, -1]
[0, 2, -1, -1, -1, 1, -1, 3, -1, 5, -1, -1, -1, 7, -1, 4, -1, 6, -1, -1, 8, -1, -1, -1, 12, -1, -1, 9, -1, 11, -1, -1, -1, 10, -1, -1, -1, -1, -1, -1, -1, -1, -1, -1, -1, -1, -1, -1, -1, -1, -1, -1, -1, -1]
[0, 2, -1, -1, -1, 1, -1, 3, -1, 5, -1, -1, -1, 7, -1, 4, -1, 6, -1, -1, 8, -1, -1, -1, -1, 12, -1, 9, -1, 11, -1, -1, -1, 10, -1, -1, -1, -1, -1, -1, -1, -1, -1, -1, -1, -1, -1, -1, -1, -1, -1, -1, -1, -1]
[0, 2, -1, -1, -1, 1, -1, 3, -1, 5, -1, -1, -1, 7, -1, 4, -1, 6, -1, -1, 8, -1, -1, -1, -1, 12, -1, 9, -1, 11, -1, -1, -1, 10, -1, -1, -1, -1, -1, -1, -1, -1, -1, -1, -1, -1, -1, -1, -1, -1, -1, -1, -1, -1]
[0, 2, -1, -1, -1, 1, -1, 3, -1, 5, -1, -1, -1, 7, -1, 4, -1, 6, -1, -1, 8, -1, -1, -1, -1, -1, -1, 9, -1, 11, -1, -1, -1, 10, -1, -1, 12, -1, -1, -1, -1, -1, -1, -1, -1, -1, -1, -1, -1, -1, -1, -1, -1, -1]
[0, 2, -1, -1, -1, 1, -1, 3, -1, 5, -1, -1, -1, 7, -1, 4, -1, 6, -1, -1, 8, -1, -1, -1, -1, -1, -1, 9, -1, 11, -1, -1, -1, 10, -1, -1, 12, -1, -1, -1, -1, -1, -1, -1, -1, -1, -1, -1, -1, -1, -1, -1, -1, -1]
[0, 2, -1, -1, -1, 1, -1, 3, -1, 5, -1, -1, -1, 7, -1, 4, -1, 6, -1, -1, 8, -1, -1, -1, -1, -1, -1, 9, -1, -1, -1, -1, -1, 10, -1, 12, -1, -1, -1, -1, 11, -1, -1, -1, -1, -1, -1, -1, -1, -1, -1, -1, -1, -1]
[0, 2, -1, -1, -1, 1, -1, 3, -1, 5, -1, -1, -1, 7, -1, 4, -1, 6, -1, -1, 8, -1, -1, -1, -1, -1, -1, 9, -1, -1, -1, -1, -1, 10, -1, 12, -1, -1, -1, -1, 11, -1, -1, -1, -1, -1, -1, -1, -1, -1, -1, -1, -1, -1]
[0, 2, -1, -1, -1, 1, -1, 3, -1, 5, -1, -1, -1, 7, -1, 4, -1, 6, -1, -1, 8, -1, -1, -1, -1, -1, -1, 9, -1, -1, -1, -1, -1, 10, -1, -1, -1, -1, -1, -1, 11, -1, -1, -1, -1, -1, 12, -1, -1, -1, -1, -1, -1, -1]
[0, 2, -1, -1, -1, 1, -1, 3, -1, 5, -1, -1, -1, 7, -1, 4, -1, 6, -1, -1, 8, -1, -1, -1, -1, -1, -1, 9, -1, -1, -1, -1, -1, 10, -1, -1, -1, -1, -1, -1, 11, -1, -1, -1, -1, -1, 12, -1, -1, -1, -1, -1, -1, -1]
[0, 2, -1, -1, -1, 1, -1, 3, 10, 5, 12, -1, -1, 9, -1, 4, 11, 6, 8, -1, -1, -1, -1, -1, 7, -1, -1, -1, -1, -1, -1, -1, -1, -1, -1, -1, -1, -1, -1, -1, -1, -1, -1, -1, -1, -1, -1, -1, -1, -1, -1, -1, -1, -1]
[0, 2, -1, -1, -1, 1, -1, 3, 10, 5, 12, -1, -1, 9, -1, 4, 11, 6, 8, -1, -1, -1, -1, -1, 7, -1, -1, -1, -1, -1, -1, -1, -1, -1, -1, -1, -1, -1, -1, -1, -1, -1, -1, -1, -1, -1, -1, -1, -1, -1, -1, -1, -1, -1]
[0, 2, -1, -1, -1, 1, -1, 3, 10, 5, -1, 12, -1, 9, -1, 4, 11, 6, 8, -1, -1, -1, -1, -1, 7, -1, -1, -1, -1, -1, -1, -1, -1, -1, -1, -1, -1, -1, -1, -1, -1, -1, -1, -1, -1, -1, -1, -1, -1, -1, -1, -1, -1, -1]
[0, 2, -1, -1, -1, 1, -1, 3, 10, 5, -1, 12, -1, 9, -1, 4, 11, 6, 8, -1, -1, -1, -1, -1, 7, -1, -1, -1, -1, -1, -1, -1, -1, -1, -1, -1, -1, -1, -1, -1, -1, -1, -1, -1, -1, -1, -1, -1, -1, -1, -1, -1, -1, -1]
[0, 2, -1, -1, -1, 1, -1, 3, 10, 5, -1, -1, -1, 9, -1, 4, 11, 6, 8, -1, -1, -1, 12, -1, 7, -1, -1, -1, -1, -1, -1, -1, -1, -1, -1, -1, -1, -1, -1, -1, -1, -1, -1, -1, -1, -1, -1, -1, -1, -1, -1, -1, -1, -1]
[0, 2, -1, -1, -1, 1, -1, 3, 10, 5, -1, -1, -1, 9, -1, 4, 11, 6, 8, -1, -1, -1, 12, -1, 7, -1, -1, -1, -1, -1, -1, -1, -1, -1, -1, -1, -1, -1, -1, -1, -1, -1, -1, -1, -1, -1, -1, -1, -1, -1, -1, -1, -1, -1]
[0, 2, -1, -1, -1, 1, -1, 3, -1, 5, 12, -1, -1, 9, -1, 4, 11, 6, 8, -1, 10, -1, -1, -1, 7, -1, -1, -1, -1, -1, -1, -1, -1, -1, -1, -1, -1, -1, -1, -1, -1, -1, -1, -1, -1, -1, -1, -1, -1, -1, -1, -1, -1, -1]
[0, 2, -1, -1, -1, 1, -1, 3, -1, 5, 12, -1, -1, 9, -1, 4, 11, 6, 8, -1, 10, -1, -1, -1, 7, -1, -1, -1, -1, -1, -1, -1, -1, -1, -1, -1, -1, -1, -1, -1, -1, -1, -1, -1, -1, -1, -1, -1, -1, -1, -1, -1, -1, -1]
[0, 2, -1, -1, -1, 1, -1, 3, -1, 5, -1, 12, -1, 9, -1, 4, 11, 6, 8, -1, 10, -1, -1, -1, 7, -1, -1, -1, -1, -1, -1, -1, -1, -1, -1, -1, -1, -1, -1, -1, -1, -1, -1, -1, -1, -1, -1, -1, -1, -1, -1, -1, -1, -1]
[0, 2, -1, -1, -1, 1, -1, 3, -1, 5, -1, 12, -1, 9, -1, 4, 11, 6, 8, -1, 10, -1, -1, -1, 7, -1, -1, -1, -1, -1, -1, -1, -1, -1, -1, -1, -1, -1, -1, -1, -1, -1, -1, -1, -1, -1, -1, -1, -1, -1, -1, -1, -1, -1]
[0, 2, -1, -1, -1, 1, -1, 3, -1, 5, -1, -1, -1, 9, -1, 4, 11, 6, 8, -1, 10, -1, 12, -1, 7, -1, -1, -1, -1, -1, -1, -1, -1, -1, -1, -1, -1, -1, -1, -1, -1, -1, -1, -1, -1, -1, -1, -1, -1, -1, -1, -1, -1, -1]
[0, 2, -1, -1, -1, 1, -1, 3, -1, 5, -1, -1, -1, 9, -1, 4, 11, 6, 8, -1, 10, -1, 12, -1, 7, -1, -1, -1, -1, -1, -1, -1, -1, -1, -1, -1, -1, -1, -1, -1, -1, -1, -1, -1, -1, -1, -1, -1, -1, -1, -1, -1, -1, -1]
[0, 2, -1, -1, -1, 1, -1, 3, -1, 5, -1, -1, -1, 9, -1, 4, -1, 6, 8, -1, 10, 12, -1, -1, 7, -1, -1, 11, -1, -1, -1, -1, -1, -1, -1, -1, -1, -1, -1, -1, -1, -1, -1, -1, -1, -1, -1, -1, -1, -1, -1, -1, -1, -1]
[0, 2, -1, -1, -1, 1, -1, 3, -1, 5, -1, -1, -1, 9, -1, 4, -1, 6, 8, -1, 10, 12, -1, -1, 7, -1, -1, 11, -1, -1, -1, -1, -1, -1, -1, -1, -1, -1, -1, -1, -1, -1, -1, -1, -1, -1, -1, -1, -1, -1, -1, -1, -1, -1]
[0, 2, -1, -1, -1, 1, -1, 3, -1, 5, -1, -1, -1, 9, -1, 4, -1, 6, 8, -1, 10, -1, 12, -1, 7, -1, -1, 11, -1, -1, -1, -1, -1, -1, -1, -1, -1, -1, -1, -1, -1, -1, -1, -1, -1, -1, -1, -1, -1, -1, -1, -1, -1, -1]
[0, 2, -1, -1, -1, 1, -1, 3, -1, 5, -1, -1, -1, 9, -1, 4, -1, 6, 8, -1, 10, -1, 12, -1, 7, -1, -1, 11, -1, -1, -1, -1, -1, -1, -1, -1, -1, -1, -1, -1, -1, -1, -1, -1, -1, -1, -1, -1, -1, -1, -1, -1, -1, -1]
[0, 2, -1, -1, -1, 1, -1, 3, -1, 5, -1, -1, -1, 9, -1, 4, -1, 6, 8, -1, 10, -1, -1, 12, 7, -1, -1, 11, -1, -1, -1, -1, -1, -1, -1, -1, -1, -1, -1, -1, -1, -1, -1, -1, -1, -1, -1, -1, -1, -1, -1, -1, -1, -1]
[0, 2, -1, -1, -1, 1, -1, 3, -1, 5, -1, -1, -1, 9, -1, 4, -1, 6, 8, -1, 10, -1, -1, 12, 7, -1, -1, 11, -1, -1, -1, -1, -1, -1, -1, -1, -1, -1, -1, -1, -1, -1, -1, -1, -1, -1, -1, -1, -1, -1, -1, -1, -1, -1]
[0, 2, -1, -1, -1, 1, -1, 3, -1, 5, -1, -1, -1, 9, -1, 4, -1, 6, 8, -1, 10, -1, -1, -1, 7, -1, -1, 11, -1, -1, -1, -1, -1, 12, -1, -1, -1, -1, -1, -1, -1, -1, -1, -1, -1, -1, -1, -1, -1, -1, -1, -1, -1, -1]
[0, 2, -1, -1, -1, 1, -1, 3, -1, 5, -1, -1, -1, 9, -1, 4, -1, 6, 8, -1, 10, -1, -1, -1, 7, -1, -1, 11, -1, -1, -1, -1, -1, 12, -1, -1, -1, -1, -1, -1, -1, -1, -1, -1, -1, -1, -1, -1, -1, -1, -1, -1, -1, -1]
[0, 2, -1, -1, -1, 1, -1, 3, 10, 5, 12, -1, -1, -1, 9, 4, 11, 6, 8, -1, -1, -1, -1, -1, 7, -1, -1, -1, -1, -1, -1, -1, -1, -1, -1, -1, -1, -1, -1, -1, -1, -1, -1, -1, -1, -1, -1, -1, -1, -1, -1, -1, -1, -1]
[0, 2, -1, -1, -1, 1, -1, 3, 10, 5, 12, -1, -1, -1, 9, 4, 11, 6, 8, -1, -1, -1, -1, -1, 7, -1, -1, -1, -1, -1, -1, -1, -1, -1, -1, -1, -1, -1, -1, -1, -1, -1, -1, -1, -1, -1, -1, -1, -1, -1, -1, -1, -1, -1]
[0, 2, -1, -1, -1, 1, -1, 3, 10, 5, -1, 12, -1, -1, 9, 4, 11, 6, 8, -1, -1, -1, -1, -1, 7, -1, -1, -1, -1, -1, -1, -1, -1, -1, -1, -1, -1, -1, -1, -1, -1, -1, -1, -1, -1, -1, -1, -1, -1, -1, -1, -1, -1, -1]
[0, 2, -1, -1, -1, 1, -1, 3, 10, 5, -1, 12, -1, -1, 9, 4, 11, 6, 8, -1, -1, -1, -1, -1, 7, -1, -1, -1, -1, -1, -1, -1, -1, -1, -1, -1, -1, -1, -1, -1, -1, -1, -1, -1, -1, -1, -1, -1, -1, -1, -1, -1, -1, -1]
[0, 2, -1, -1, -1, 1, -1, 3, 10, 5, -1, -1, -1, -1, 9, 4, 11, 6, 8, -1, -1, -1, 12, -1, 7, -1, -1, -1, -1, -1, -1, -1, -1, -1, -1, -1, -1, -1, -1, -1, -1, -1, -1, -1, -1, -1, -1, -1, -1, -1, -1, -1, -1, -1]
[0, 2, -1, -1, -1, 1, -1, 3, 10, 5, -1, -1, -1, -1, 9, 4, 11, 6, 8, -1, -1, -1, 12, -1, 7, -1, -1, -1, -1, -1, -1, -1, -1, -1, -1, -1, -1, -1, -1, -1, -1, -1, -1, -1, -1, -1, -1, -1, -1, -1, -1, -1, -1, -1]
[0, 2, -1, -1, -1, 1, -1, 3, -1, 5, 12, -1, -1, -1, 9, 4, 11, 6, 8, -1, -1, 10, -1, -1, 7, -1, -1, -1, -1, -1, -1, -1, -1, -1, -1, -1, -1, -1, -1, -1, -1, -1, -1, -1, -1, -1, -1, -1, -1, -1, -1, -1, -1, -1]
[0, 2, -1, -1, -1, 1, -1, 3, -1, 5, 12, -1, -1, -1, 9, 4, 11, 6, 8, -1, -1, 10, -1, -1, 7, -1, -1, -1, -1, -1, -1, -1, -1, -1, -1, -1, -1, -1, -1, -1, -1, -1, -1, -1, -1, -1, -1, -1, -1, -1, -1, -1, -1, -1]
[0, 2, -1, -1, -1, 1, -1, 3, -1, 5, -1, 12, -1, -1, 9, 4, 11, 6, 8, -1, -1, 10, -1, -1, 7, -1, -1, -1, -1, -1, -1, -1, -1, -1, -1, -1, -1, -1, -1, -1, -1, -1, -1, -1, -1, -1, -1, -1, -1, -1, -1, -1, -1, -1]
[0, 2, -1, -1, -1, 1, -1, 3, -1, 5, -1, 12, -1, -1, 9, 4, 11, 6, 8, -1, -1, 10, -1, -1, 7, -1, -1, -1, -1, -1, -1, -1, -1, -1, -1, -1, -1, -1, -1, -1, -1, -1, -1, -1, -1, -1, -1, -1, -1, -1, -1, -1, -1, -1]
[0, 2, -1, -1, -1, 1, -1, 3, -1, 5, -1, -1, -1, -1, 9, 4, 11, 6, 8, -1, -1, 10, 12, -1, 7, -1, -1, -1, -1, -1, -1, -1, -1, -1, -1, -1, -1, -1, -1, -1, -1, -1, -1, -1, -1, -1, -1, -1, -1, -1, -1, -1, -1, -1]
[0, 2, -1, -1, -1, 1, -1, 3, -1, 5, -1, -1, -1, -1, 9, 4, 11, 6, 8, -1, -1, 10, 12, -1, 7, -1, -1, -1, -1, -1, -1, -1, -1, -1, -1, -1, -1, -1, -1, -1, -1, -1, -1, -1, -1, -1, -1, -1, -1, -1, -1, -1, -1, -1]
[0, 2, -1, -1, -1, 1, -1, 3, -1, 5, -1, -1, -1, -1, 9, 4, -1, 6, 8, -1, -1, 10, -1, 12, 7, -1, -1, -1, 11, -1, -1, -1, -1, -1, -1, -1, -1, -1, -1, -1, -1, -1, -1, -1, -1, -1, -1, -1, -1, -1, -1, -1, -1, -1]
[0, 2, -1, -1, -1, 1, -1, 3, -1, 5, -1, -1, -1, -1, 9, 4, -1, 6, 8, -1, -1, 10, -1, 12, 7, -1, -1, -1, 11, -1, -1, -1, -1, -1, -1, -1, -1, -1, -1, -1, -1, -1, -1, -1, -1, -1, -1, -1, -1, -1, -1, -1, -1, -1]
[0, 2, -1, -1, -1, 1, -1, 3, -1, 5, -1, -1, -1, -1, 9, 4, -1, 6, 8, -1, -1, 10, -1, -1, 7, -1, -1, -1, 11, -1, -1, -1, -1, -1, 12, -1, -1, -1, -1, -1, -1, -1, -1, -1, -1, -1, -1, -1, -1, -1, -1, -1, -1, -1]
[0, 2, -1, -1, -1, 1, -1, 3, -1, 5, -1, -1, -1, -1, 9, 4, -1, 6, 8, -1, -1, 10, -1, -1, 7, -1, -1, -1, 11, -1, -1, -1, -1, -1, 12, -1, -1, -1, -1, -1, -1, -1, -1, -1, -1, -1, -1, -1, -1, -1, -1, -1, -1, -1]
[0, 2, -1, -1, -1, 1, -1, 3, 12, 5, -1, -1, -1, -1, 11, 4, -1, 6, 8, 10, -1, -1, -1, -1, 7, 9, -1, -1, -1, -1, -1, -1, -1, -1, -1, -1, -1, -1, -1, -1, -1, -1, -1, -1, -1, -1, -1, -1, -1, -1, -1, -1, -1, -1]
[0, 2, -1, -1, -1, 1, -1, 3, 12, 5, -1, -1, -1, -1, 11, 4, -1, 6, 8, 10, -1, -1, -1, -1, 7, 9, -1, -1, -1, -1, -1, -1, -1, -1, -1, -1, -1, -1, -1, -1, -1, -1, -1, -1, -1, -1, -1, -1, -1, -1, -1, -1, -1, -1]
[0, 2, -1, -1, -1, 1, -1, 3, -1, 5, -1, -1, -1, -1, 11, 4, -1, 6, 8, 10, -1, 12, -1, -1, 7, 9, -1, -1, -1, -1, -1, -1, -1, -1, -1, -1, -1, -1, -1, -1, -1, -1, -1, -1, -1, -1, -1, -1, -1, -1, -1, -1, -1, -1]
[0, 2, -1, -1, -1, 1, -1, 3, -1, 5, -1, -1, -1, -1, 11, 4, -1, 6, 8, 10, -1, 12, -1, -1, 7, 9, -1, -1, -1, -1, -1, -1, -1, -1, -1, -1, -1, -1, -1, -1, -1, -1, -1, -1, -1, -1, -1, -1, -1, -1, -1, -1, -1, -1]
[0, 2, -1, -1, -1, 1, -1, 3, -1, 5, -1, -1, -1, -1, -1, 4, -1, 6, 8, 10, 12, -1, -1, -1, 7, 9, 11, -1, -1, -1, -1, -1, -1, -1, -1, -1, -1, -1, -1, -1, -1, -1, -1, -1, -1, -1, -1, -1, -1, -1, -1, -1, -1, -1]
[0, 2, -1, -1, -1, 1, -1, 3, -1, 5, -1, -1, -1, -1, -1, 4, -1, 6, 8, 10, 12, -1, -1, -1, 7, 9, 11, -1, -1, -1, -1, -1, -1, -1, -1, -1, -1, -1, -1, -1, -1, -1, -1, -1, -1, -1, -1, -1, -1, -1, -1, -1, -1, -1]
[0, 2, -1, -1, -1, 1, -1, 3, -1, 5, -1, -1, -1, -1, -1, 4, -1, 6, 8, 10, -1, 12, -1, -1, 7, 9, 11, -1, -1, -1, -1, -1, -1, -1, -1, -1, -1, -1, -1, -1, -1, -1, -1, -1, -1, -1, -1, -1, -1, -1, -1, -1, -1, -1]
[0, 2, -1, -1, -1, 1, -1, 3, -1, 5, -1, -1, -1, -1, -1, 4, -1, 6, 8, 10, -1, 12, -1, -1, 7, 9, 11, -1, -1, -1, -1, -1, -1, -1, -1, -1, -1, -1, -1, -1, -1, -1, -1, -1, -1, -1, -1, -1, -1, -1, -1, -1, -1, -1]
[0, 2, -1, -1, -1, 1, -1, 3, -1, 5, -1, -1, -1, -1, -1, 4, -1, 6, 8, 10, -1, -1, -1, -1, 7, 9, 11, -1, -1, -1, -1, -1, 12, -1, -1, -1, -1, -1, -1, -1, -1, -1, -1, -1, -1, -1, -1, -1, -1, -1, -1, -1, -1, -1]
[0, 2, -1, -1, -1, 1, -1, 3, -1, 5, -1, -1, -1, -1, -1, 4, -1, 6, 8, 10, -1, -1, -1, -1, 7, 9, 11, -1, -1, -1, -1, -1, 12, -1, -1, -1, -1, -1, -1, -1, -1, -1, -1, -1, -1, -1, -1, -1, -1, -1, -1, -1, -1, -1]
[0, 2, -1, -1, -1, 1, -1, 3, -1, 5, 12, -1, -1, -1, -1, 4, 11, 6, 8, -1, 10, -1, -1, -1, 7, 9, -1, -1, -1, -1, -1, -1, -1, -1, -1, -1, -1, -1, -1, -1, -1, -1, -1, -1, -1, -1, -1, -1, -1, -1, -1, -1, -1, -1]
[0, 2, -1, -1, -1, 1, -1, 3, -1, 5, 12, -1, -1, -1, -1, 4, 11, 6, 8, -1, 10, -1, -1, -1, 7, 9, -1, -1, -1, -1, -1, -1, -1, -1, -1, -1, -1, -1, -1, -1, -1, -1, -1, -1, -1, -1, -1, -1, -1, -1, -1, -1, -1, -1]
[0, 2, -1, -1, -1, 1, -1, 3, -1, 5, -1, 12, -1, -1, -1, 4, 11, 6, 8, -1, 10, -1, -1, -1, 7, 9, -1, -1, -1, -1, -1, -1, -1, -1, -1, -1, -1, -1, -1, -1, -1, -1, -1, -1, -1, -1, -1, -1, -1, -1, -1, -1, -1, -1]
[0, 2, -1, -1, -1, 1, -1, 3, -1, 5, -1, 12, -1, -1, -1, 4, 11, 6, 8, -1, 10, -1, -1, -1, 7, 9, -1, -1, -1, -1, -1, -1, -1, -1, -1, -1, -1, -1, -1, -1, -1, -1, -1, -1, -1, -1, -1, -1, -1, -1, -1, -1, -1, -1]
[0, 2, -1, -1, -1, 1, -1, 3, -1, 5, -1, -1, -1, -1, -1, 4, 11, 6, 8, -1, 10, -1, 12, -1, 7, 9, -1, -1, -1, -1, -1, -1, -1, -1, -1, -1, -1, -1, -1, -1, -1, -1, -1, -1, -1, -1, -1, -1, -1, -1, -1, -1, -1, -1]
[0, 2, -1, -1, -1, 1, -1, 3, -1, 5, -1, -1, -1, -1, -1, 4, 11, 6, 8, -1, 10, -1, 12, -1, 7, 9, -1, -1, -1, -1, -1, -1, -1, -1, -1, -1, -1, -1, -1, -1, -1, -1, -1, -1, -1, -1, -1, -1, -1, -1, -1, -1, -1, -1]
[0, 2, -1, -1, -1, 1, -1, 3, -1, 5, -1, -1, -1, -1, -1, 4, -1, 6, 8, -1, 10, 12, -1, -1, 7, 9, -1, 11, -1, -1, -1, -1, -1, -1, -1, -1, -1, -1, -1, -1, -1, -1, -1, -1, -1, -1, -1, -1, -1, -1, -1, -1, -1, -1]
[0, 2, -1, -1, -1, 1, -1, 3, -1, 5, -1, -1, -1, -1, -1, 4, -1, 6, 8, -1, 10, 12, -1, -1, 7, 9, -1, 11, -1, -1, -1, -1, -1, -1, -1, -1, -1, -1, -1, -1, -1, -1, -1, -1, -1, -1, -1, -1, -1, -1, -1, -1, -1, -1]
[0, 2, -1, -1, -1, 1, -1, 3, -1, 5, -1, -1, -1, -1, -1, 4, -1, 6, 8, -1, 10, -1, 12, -1, 7, 9, -1, 11, -1, -1, -1, -1, -1, -1, -1, -1, -1, -1, -1, -1, -1, -1, -1, -1, -1, -1, -1, -1, -1, -1, -1, -1, -1, -1]
[0, 2, -1, -1, -1, 1, -1, 3, -1, 5, -1, -1, -1, -1, -1, 4, -1, 6, 8, -1, 10, -1, 12, -1, 7, 9, -1, 11, -1, -1, -1, -1, -1, -1, -1, -1, -1, -1, -1, -1, -1, -1, -1, -1, -1, -1, -1, -1, -1, -1, -1, -1, -1, -1]
