[5, 3, 1, -1, -1, 4, 2, 0, -1, -1, -1, 6, 8, 14, -1, -1, -1, 7, -1, -1, -1, -1, -1, 9, 10, -1, -1, -1, -1, 11, -1, -1, -1, -1, -1, 12, 15, -1, -1, -1, -1, 13, -1, -1, -1, -1, -1, -1, -1, -1, -1, -1, -1, -1]
[2, 0, -1, -1, -1, 1, 14, -1, -1, -1, -1, 3, 5, -1, -1, -1, -1, 4, -1, -1, -1, -1, -1, 6, 8, -1, -1, -1, -1, 7, 15, -1, -1, -1, -1, 9, 10, -1, -1, -1, -1, 11, -1, -1, -1, -1, -1, 12, 13, -1, -1, -1, -1, -1]
[4, 2, 0, -1, -1, 3, 1, -1, -1, -1, -1, 7, 5, -1, -1, -1, -1, 6, 14, -1, -1, -1, -1, 8, 10, -1, -1, -1, -1, 9, -1, -1, -1, -1, -1, 11, 13, -1, -1, -1, -1, 12, -1, -1, -1, -1, -1, 15, -1, -1, -1, -1, -1, -1]
[-1, 6, 4, 0, -1, -1, 5, 3, 1, -1, -1, -1, 7, 9, 2, 13, -1, -1, 14, 8, 12, -1, -1, -1, -1, 10, 11, -1, -1, -1, -1, 15, -1, -1, -1, -1, -1, -1, -1, -1, -1, -1, -1, -1, -1, -1, -1, -1, -1, -1, -1, -1, -1, -1]
[-1, -1, -1, 2, 0, -1, -1, 5, 3, 1, -1, -1, 14, 7, 4, -1, -1, -1, 9, 6, 13, -1, -1, -1, -1, 8, 12, -1, -1, -1, 10, 11, -1, -1, -1, -1, -1, 15, -1, -1, -1, -1, -1, -1, -1, -1, -1, -1, -1, -1, -1, -1, -1, -1]
[1, 2, 4, -1, -1, 0, 3, 5, -1, -1, -1, -1, 8, 6, -1, -1, -1, 11, 7, -1, -1, -1, -1, 13, 9, 10, -1, -1, -1, 12, 14, -1, -1, -1, -1, 15, -1, -1, -1, -1, -1, -1, -1, -1, -1, -1, -1, -1, -1, -1, -1, -1, -1, -1]
[3, 1, 4, -1, -1, 2, 0, 5, -1, -1, -1, -1, 8, 6, -1, -1, -1, 11, 7, -1, -1, -1, -1, 13, 9, 10, -1, -1, -1, 12, 14, -1, -1, -1, -1, 15, -1, -1, -1, -1, -1, -1, -1, -1, -1, -1, -1, -1, -1, -1, -1, -1, -1, -1]
[5, 3, 1, -1, -1, 4, 2, 0, -1, -1, -1, 6, 8, 14, -1, -1, -1, 7, -1, -1, -1, -1, -1, 9, 10, -1, -1, -1, -1, 11, -1, -1, -1, -1, -1, 12, 15, -1, -1, -1, -1, 13, -1, -1, -1, -1, -1, -1, -1, -1, -1, -1, -1, -1]
[-1, -1, -1, 1, 3, -1, -1, -1, 0, 2, 4, -1, -1, -1, 14, 7, 5, -1, -1, -1, 9, 6, 13, -1, -1, -1, -1, 8, 12, -1, -1, -1, 10, 11, -1, -1, -1, -1, -1, 15, -1, -1, -1, -1, -1, -1, -1, -1, -1, -1, -1, -1, -1, -1]
[-1, -1, 5, 1, -1, -1, 7, 4, 2, 0, -1, -1, 9, 6, 3, -1, -1, -1, 8, 12, 14, -1, -1, -1, 10, 11, 13, -1, -1, -1, 15, -1, -1, -1, -1, -1, -1, -1, -1, -1, -1, -1, -1, -1, -1, -1, -1, -1, -1, -1, -1, -1, -1, -1]
[-1, -1, -1, 3, 1, -1, -1, 6, 4, 2, 0, -1, -1, 8, 5, -1, -1, -1, 11, 7, -1, -1, -1, -1, 13, 9, 10, -1, -1, -1, 12, 14, -1, -1, -1, -1, 15, -1, -1, -1, -1, -1, -1, -1, -1, -1, -1, -1, -1, -1, -1, -1, -1, -1]
[2, -1, -1, -1, -1, 1, 5, -1, -1, -1, -1, 0, 4, 7, -1, -1, -1, 3, 6, -1, -1, -1, -1, 11, 8, 15, -1, -1, -1, 9, 10, -1, -1, -1, -1, 12, 14, -1, -1, -1, -1, 13, -1, -1, -1, -1, -1, -1, -1, -1, -1, -1, -1, -1]
[2, 4, -1, -1, -1, 1, 3, -1, -1, -1, -1, 6, 0, -1, -1, -1, -1, 5, 14, -1, -1, -1, -1, 7, 9, 13, -1, -1, -1, 8, 12, -1, -1, -1, -1, 10, 11, -1, -1, -1, -1, 15, -1, -1, -1, -1, -1, -1, -1, -1, -1, -1, -1, -1]
[4, 2, 6, -1, -1, 3, 1, 5, 8, -1, -1, 14, -1, 0, 7, -1, -1, -1, 12, 9, 10, -1, -1, -1, -1, 11, 13, -1, -1, -1, 15, -1, -1, -1, -1, -1, -1, -1, -1, -1, -1, -1, -1, -1, -1, -1, -1, -1, -1, -1, -1, -1, -1, -1]
[6, 4, 2, -1, -1, 5, 3, 1, -1, -1, -1, 7, 9, 13, 0, -1, -1, 8, 12, -1, -1, -1, -1, 10, 11, -1, -1, -1, -1, 14, 15, -1, -1, -1, -1, -1, -1, -1, -1, -1, -1, -1, -1, -1, -1, -1, -1, -1, -1, -1, -1, -1, -1, -1]
[-1, -1, -1, 2, 4, -1, -1, -1, 1, 3, 5, -1, -1, -1, 14, 0, 6, -1, -1, -1, 9, 7, 13, -1, -1, -1, -1, 8, 12, -1, -1, -1, 10, 11, -1, -1, -1, -1, -1, 15, -1, -1, -1, -1, -1, -1, -1, -1, -1, -1, -1, -1, -1, -1]
[-1, -1, -1, 2, -1, -1, -1, 5, 3, 1, -1, -1, 14, 7, 4, -1, 0, -1, 9, 6, 13, -1, -1, -1, -1, 8, 12, -1, -1, -1, 10, 11, -1, -1, -1, -1, -1, 15, -1, -1, -1, -1, -1, -1, -1, -1, -1, -1, -1, -1, -1, -1, -1, -1]
[3, -1, -1, -1, -1, 2, 5, -1, -1, -1, -1, 1, 4, 7, -1, -1, -1, 0, 6, -1, -1, -1, -1, 11, 8, 15, -1, -1, -1, 9, 10, -1, -1, -1, -1, 12, 14, -1, -1, -1, -1, 13, -1, -1, -1, -1, -1, -1, -1, -1, -1, -1, -1, -1]
[3, -1, 7, -1, -1, 2, 5, 6, 14, -1, -1, -1, 1, 4, 9, 13, -1, -1, 0, 8, 12, -1, -1, -1, -1, 10, 11, -1, -1, -1, -1, 15, -1, -1, -1, -1, -1, -1, -1, -1, -1, -1, -1, -1, -1, -1, -1, -1, -1, -1, -1, -1, -1, -1]
[5, 3, 14, -1, -1, 4, 2, -1, -1, -1, -1, 6, 8, 1, -1, -1, -1, 7, -1, 0, -1, -1, -1, 9, 10, -1, -1, -1, -1, 11, -1, -1, -1, -1, -1, 12, 15, -1, -1, -1, -1, 13, -1, -1, -1, -1, -1, -1, -1, -1, -1, -1, -1, -1]
[14, 5, 3, -1, -1, 7, 4, 2, -1, -1, -1, 9, 6, 13, 1, -1, -1, 8, 12, -1, 0, -1, -1, 10, 11, -1, -1, -1, -1, 15, -1, -1, -1, -1, -1, -1, -1, -1, -1, -1, -1, -1, -1, -1, -1, -1, -1, -1, -1, -1, -1, -1, -1, -1]
[-1, -1, -1, 3, 5, -1, -1, -1, 2, 4, 7, -1, -1, -1, 14, 1, 6, -1, -1, -1, -1, 0, 8, -1, -1, -1, -1, -1, 9, -1, -1, -1, -1, 10, 11, -1, -1, -1, -1, -1, 12, -1, -1, -1, -1, 13, 15, -1, -1, -1, -1, -1, -1, -1]
[-1, -1, -1, 3, -1, -1, -1, 6, 4, 2, -1, -1, -1, 8, 5, -1, 1, -1, 11, 7, -1, -1, 0, -1, 13, 9, 10, -1, -1, -1, 12, 14, -1, -1, -1, -1, 15, -1, -1, -1, -1, -1, -1, -1, -1, -1, -1, -1, -1, -1, -1, -1, -1, -1]
[4, -1, -1, -1, -1, 3, -1, -1, -1, -1, -1, 2, -1, -1, -1, -1, -1, 1, -1, -1, -1, -1, -1, 0, 6, -1, -1, -1, -1, 5, 14, -1, -1, -1, -1, 7, 9, 13, -1, -1, -1, 8, 12, -1, -1, -1, -1, 10, 11, 15, -1, -1, -1, -1]
[4, -1, -1, -1, -1, 3, -1, -1, -1, -1, -1, 2, 6, 7, 14, -1, -1, 1, 5, 9, 13, -1, -1, -1, 0, 8, 12, -1, -1, -1, 10, 11, -1, -1, -1, -1, -1, 15, -1, -1, -1, -1, -1, -1, -1, -1, -1, -1, -1, -1, -1, -1, -1, -1]
[4, -1, -1, -1, -1, 3, -1, -1, -1, -1, -1, -1, 2, 6, 7, 14, -1, -1, 1, 5, 9, 13, -1, -1, -1, 0, 8, 12, -1, -1, -1, 10, 11, -1, -1, -1, -1, -1, 15, -1, -1, -1, -1, -1, -1, -1, -1, -1, -1, -1, -1, -1, -1, -1]
[6, 4, 10, -1, -1, 5, 3, 8, -1, -1, -1, 7, 11, 2, 13, 15, -1, 9, -1, 1, 12, -1, -1, 14, -1, -1, 0, -1, -1, -1, -1, -1, -1, -1, -1, -1, -1, -1, -1, -1, -1, -1, -1, -1, -1, -1, -1, -1, -1, -1, -1, -1, -1, -1]
[-1, 6, 4, 11, -1, 9, 5, 3, 8, -1, -1, -1, 7, -1, 2, 13, 15, 10, -1, 14, 1, 12, -1, -1, -1, -1, -1, 0, -1, -1, -1, -1, -1, -1, -1, -1, -1, -1, -1, -1, -1, -1, -1, -1, -1, -1, -1, -1, -1, -1, -1, -1, -1, -1]
[-1, -1, -1, 4, 6, -1, -1, -1, 3, 5, 8, -1, -1, -1, -1, 2, 7, -1, -1, -1, 14, 1, 9, -1, -1, -1, -1, 11, 0, -1, -1, -1, -1, 10, 12, -1, -1, -1, -1, 15, 13, -1, -1, -1, -1, -1, -1, -1, -1, -1, -1, -1, -1, -1]
[5, 6, 10, -1, -1, 4, 7, 15, -1, -1, -1, 3, 8, 11, -1, -1, -1, 2, 9, -1, -1, -1, -1, 1, 12, 14, -1, -1, -1, 0, 13, -1, -1, -1, -1, -1, -1, -1, -1, -1, -1, -1, -1, -1, -1, -1, -1, -1, -1, -1, -1, -1, -1, -1]
[5, 6, 10, -1, -1, 4, 7, -1, -1, -1, -1, 3, 8, 11, -1, -1, -1, 2, 9, 13, -1, -1, -1, 14, 1, 12, -1, -1, -1, -1, 0, 15, -1, -1, -1, -1, -1, -1, -1, -1, -1, -1, -1, -1, -1, -1, -1, -1, -1, -1, -1, -1, -1, -1]
[5, 6, 11, -1, -1, 4, 7, 9, -1, -1, -1, -1, 3, 8, -1, -1, -1, -1, 2, 10, 13, -1, -1, -1, 14, 1, 12, -1, -1, -1, -1, 0, 15, -1, -1, -1, -1, -1, -1, -1, -1, -1, -1, -1, -1, -1, -1, -1, -1, -1, -1, -1, -1, -1]
[-1, 5, 6, 11, -1, -1, 4, 7, 9, -1, -1, -1, -1, 3, 8, -1, -1, -1, -1, 2, 10, 13, -1, -1, -1, 14, 1, 12, -1, -1, -1, -1, 0, 15, -1, -1, -1, -1, -1, -1, -1, -1, -1, -1, -1, -1, -1, -1, -1, -1, -1, -1, -1, -1]
[-1, -1, 5, -1, -1, -1, 7, 4, 9, 10, -1, -1, -1, 6, 3, 8, -1, -1, -1, -1, 2, 11, 13, -1, -1, -1, 14, 1, 12, -1, -1, -1, -1, 0, 15, -1, -1, -1, -1, -1, -1, -1, -1, -1, -1, -1, -1, -1, -1, -1, -1, -1, -1, -1]
[-1, -1, -1, 5, -1, -1, -1, 7, 4, 9, 10, -1, -1, -1, 6, 3, 8, -1, -1, -1, -1, 2, 11, -1, -1, -1, -1, 14, 1, -1, -1, -1, -1, 13, 0, -1, -1, -1, -1, -1, 12, -1, -1, -1, -1, 15, -1, -1, -1, -1, -1, -1, -1, -1]
[6, 7, 11, -1, -1, 5, 9, -1, -1, -1, -1, 4, 8, -1, -1, -1, -1, 3, 10, -1, -1, -1, -1, 2, 14, -1, -1, -1, -1, 1, -1, -1, -1, -1, -1, 0, 13, -1, -1, -1, -1, 12, -1, -1, -1, -1, -1, 15, -1, -1, -1, -1, -1, -1]
[6, 7, 11, -1, -1, 5, 9, -1, -1, -1, -1, 4, 8, 14, -1, -1, -1, 3, 10, -1, -1, -1, -1, 2, 13, 15, -1, -1, -1, 1, 12, -1, -1, -1, -1, -1, 0, -1, -1, -1, -1, -1, -1, -1, -1, -1, -1, -1, -1, -1, -1, -1, -1, -1]
[6, 7, -1, -1, -1, 5, -1, -1, -1, -1, -1, 4, 9, 10, -1, -1, -1, 3, 8, -1, -1, -1, -1, -1, 2, 11, 13, -1, -1, 14, 1, 12, -1, -1, -1, -1, -1, 0, 15, -1, -1, -1, -1, -1, -1, -1, -1, -1, -1, -1, -1, -1, -1, -1]
[-1, 7, -1, -1, -1, 5, 6, -1, -1, -1, -1, -1, 4, 9, 10, -1, -1, -1, 3, 8, -1, -1, -1, -1, -1, 2, 11, 13, -1, -1, 14, 1, 12, -1, -1, -1, -1, -1, 0, 15, -1, -1, -1, -1, -1, -1, -1, -1, -1, -1, -1, -1, -1, -1]
[-1, -1, 7, -1, -1, -1, 5, 6, -1, -1, -1, -1, -1, 4, 9, 10, -1, -1, -1, 3, 8, -1, -1, -1, -1, -1, 2, 11, 13, -1, -1, 14, 1, 12, -1, -1, -1, -1, -1, 0, 15, -1, -1, -1, -1, -1, -1, -1, -1, -1, -1, -1, -1, -1]
[-1, -1, -1, 7, -1, -1, -1, 5, 6, -1, -1, -1, -1, -1, 4, 9, 10, -1, -1, -1, 3, 8, 15, -1, -1, -1, -1, 2, 11, -1, -1, -1, 14, 1, 12, -1, -1, -1, -1, 13, 0, -1, -1, -1, -1, -1, -1, -1, -1, -1, -1, -1, -1, -1]
[-1, -1, -1, -1, -1, 7, -1, -1, -1, -1, -1, 5, 6, 11, -1, -1, -1, 4, 9, -1, -1, -1, -1, 3, 8, 14, -1, -1, -1, 2, 10, -1, -1, -1, -1, 1, 12, 15, -1, -1, -1, 0, 13, -1, -1, -1, -1, -1, -1, -1, -1, -1, -1, -1]
[-1, -1, -1, -1, -1, 7, -1, -1, -1, -1, -1, 5, 6, 11, -1, -1, -1, 4, 9, -1, -1, -1, -1, 3, 8, -1, -1, -1, -1, 2, 10, 13, -1, -1, -1, 14, 1, 12, -1, -1, -1, -1, 0, 15, -1, -1, -1, -1, -1, -1, -1, -1, -1, -1]
[-1, -1, -1, -1, -1, 7, -1, -1, -1, -1, -1, 5, 6, -1, -1, -1, -1, 4, 9, 10, -1, -1, -1, -1, 3, 8, -1, -1, -1, -1, 2, 11, 13, -1, -1, -1, 14, 1, 12, -1, -1, -1, -1, 0, 15, -1, -1, -1, -1, -1, -1, -1, -1, -1]
[-1, -1, -1, -1, -1, -1, 7, -1, -1, -1, -1, -1, 5, 6, -1, -1, -1, -1, 4, 9, 10, -1, -1, -1, -1, 3, 8, -1, -1, -1, -1, 2, 11, 13, -1, -1, -1, 14, 1, 12, -1, -1, -1, -1, 0, 15, -1, -1, -1, -1, -1, -1, -1, -1]
[-1, -1, -1, -1, -1, -1, -1, 7, -1, -1, -1, -1, -1, 5, 6, -1, -1, -1, -1, 4, 9, 10, -1, -1, -1, -1, 3, 8, -1, -1, -1, -1, 2, 11, 13, -1, -1, -1, 14, 1, 12, -1, -1, -1, -1, 0, 15, -1, -1, -1, -1, -1, -1, -1]
[-1, -1, -1, -1, -1, -1, -1, -1, 7, -1, -1, -1, -1, -1, 5, 6, -1, -1, -1, -1, 4, 9, 10, -1, -1, -1, -1, 3, 8, -1, -1, -1, 14, 2, 11, -1, -1, -1, -1, 13, 1, -1, -1, -1, -1, 12, 0, -1, -1, -1, -1, 15, -1, -1]
[-1, -1, -1, -1, -1, -1, -1, -1, -1, -1, -1, 6, 7, 11, -1, -1, -1, 5, 9, -1, -1, -1, -1, 4, 8, 14, -1, -1, -1, 3, 10, -1, -1, -1, -1, 2, 13, 15, -1, -1, -1, 1, 12, -1, -1, -1, -1, -1, 0, -1, -1, -1, -1, -1]
[-1, -1, -1, -1, -1, -1, -1, -1, -1, -1, -1, 6, 7, -1, -1, -1, -1, 5, -1, -1, -1, -1, -1, 4, 9, 10, -1, -1, -1, 3, 8, -1, -1, -1, -1, -1, 2, 11, 13, -1, -1, 14, 1, 12, -1, -1, -1, -1, -1, 0, 15, -1, -1, -1]
[-1, -1, -1, -1, -1, -1, -1, -1, -1, -1, -1, -1, 7, -1, -1, -1, -1, 5, 6, -1, -1, -1, -1, -1, 4, 9, 10, -1, -1, -1, 3, 8, -1, -1, -1, -1, -1, 2, 11, 13, -1, -1, 14, 1, 12, -1, -1, -1, -1, -1, 0, 15, -1, -1]
[-1, -1, -1, -1, -1, -1, -1, -1, -1, -1, -1, -1, -1, 7, -1, -1, -1, -1, 5, 6, -1, -1, -1, -1, -1, 4, 9, 10, -1, -1, -1, 3, 8, -1, -1, -1, -1, -1, 2, 11, 13, -1, -1, 14, 1, 12, -1, -1, -1, -1, 15, 0, -1, -1]
[-1, -1, -1, -1, -1, -1, -1, -1, -1, -1, -1, -1, -1, -1, 7, -1, -1, -1, -1, 5, 6, -1, -1, -1, -1, -1, 4, 9, 10, -1, -1, -1, 3, 8, 15, -1, -1, -1, -1, 2, 11, -1, -1, -1, 14, 1, 12, -1, -1, -1, -1, 13, 0, -1]
