[-1, -1, 1, -1, -1, 9, 3, 0, -1, -1, -1, 8, 5, 2, -1, -1, -1, 7, 4, -1, -1, -1, -1, 11, 6, -1, -1, -1, -1, 10, -1, -1, -1, -1, -1, 12, 13, -1, -1, -1, -1, -1, -1, -1, -1, -1, -1, -1, -1, -1, -1, -1, -1, -1]
[2, 1, -1, -1, -1, 0, -1, -1, -1, -1, -1, 3, 5, -1, -1, -1, -1, 4, 9, -1, -1, -1, -1, 6, 8, -1, -1, -1, -1, 7, -1, -1, -1, -1, -1, 10, 12, -1, -1, -1, -1, 11, -1, -1, -1, -1, -1, 13, -1, -1, -1, -1, -1, -1]
[-1, 2, 1, -1, -1, 4, 0, -1, -1, -1, -1, 6, 3, -1, -1, -1, -1, 5, 10, -1, -1, -1, -1, 7, 9, 12, -1, -1, -1, 8, 11, -1, -1, -1, -1, -1, 13, -1, -1, -1, -1, -1, -1, -1, -1, -1, -1, -1, -1, -1, -1, -1, -1, -1]
[-1, -1, -1, 1, -1, 9, -1, 3, 0, -1, -1, -1, 8, 5, 2, -1, -1, -1, 7, 4, -1, -1, -1, -1, 11, 6, -1, -1, -1, -1, 10, -1, -1, -1, -1, -1, 12, 13, -1, -1, -1, -1, -1, -1, -1, -1, -1, -1, -1, -1, -1, -1, -1, -1]
[-1, -1, -1, 2, 1, -1, -1, -1, 4, 0, -1, -1, -1, 9, 6, 3, -1, -1, -1, 8, 5, -1, -1, -1, -1, 11, 7, -1, -1, -1, -1, 10, -1, -1, -1, -1, -1, 12, 13, -1, -1, -1, -1, -1, -1, -1, -1, -1, -1, -1, -1, -1, -1, -1]
[0, 2, -1, -1, -1, 1, -1, -1, -1, -1, -1, 3, 5, -1, -1, -1, -1, 4, 9, -1, -1, -1, -1, 6, 8, -1, -1, -1, -1, 7, -1, -1, -1, -1, -1, 10, 12, -1, -1, -1, -1, 11, -1, -1, -1, -1, -1, 13, -1, -1, -1, -1, -1, -1]
[-1, 0, 2, -1, -1, 4, 1, -1, -1, -1, -1, 6, 3, -1, -1, -1, -1, 5, 10, -1, -1, -1, -1, 7, 9, 12, -1, -1, -1, 8, 11, -1, -1, -1, -1, -1, 13, -1, -1, -1, -1, -1, -1, -1, -1, -1, -1, -1, -1, -1, -1, -1, -1, -1]
[-1, -1, 0, -1, -1, 9, 3, 1, -1, -1, -1, 8, 5, 2, -1, -1, -1, 7, 4, -1, -1, -1, -1, 11, 6, -1, -1, -1, -1, 10, -1, -1, -1, -1, -1, 12, 13, -1, -1, -1, -1, -1, -1, -1, -1, -1, -1, -1, -1, -1, -1, -1, -1, -1]
[-1, -1, -1, 0, -1, 9, -1, 3, 1, -1, -1, -1, 8, 5, 2, -1, -1, -1, 7, 4, -1, -1, -1, -1, 11, 6, -1, -1, -1, -1, 10, -1, -1, -1, -1, -1, 12, 13, -1, -1, -1, -1, -1, -1, -1, -1, -1, -1, -1, -1, -1, -1, -1, -1]
[-1, -1, -1, 0, 2, -1, -1, -1, 4, 1, -1, -1, -1, 9, 6, 3, -1, -1, -1, 8, 5, -1, -1, -1, -1, 11, 7, -1, -1, -1, -1, 10, -1, -1, -1, -1, -1, 12, 13, -1, -1, -1, -1, -1, -1, -1, -1, -1, -1, -1, -1, -1, -1, -1]
[-1, -1, -1, -1, 0, -1, -1, 9, -1, 3, 1, -1, -1, -1, 8, 5, 2, -1, -1, -1, 7, 4, -1, -1, -1, -1, 11, 6, -1, -1, -1, -1, 10, -1, -1, -1, -1, -1, 12, 13, -1, -1, -1, -1, -1, -1, -1, -1, -1, -1, -1, -1, -1, -1]
[-1, -1, -1, -1, -1, 0, -1, -1, -1, -1, -1, 1, 3, -1, -1, -1, -1, 2, 10, -1, -1, -1, -1, 4, 6, -1, -1, -1, -1, 5, 11, -1, -1, -1, -1, 7, 9, -1, -1, -1, -1, 8, -1, -1, -1, -1, -1, 12, 13, -1, -1, -1, -1, -1]
[-1, -1, -1, -1, -1, 0, 2, -1, -1, -1, -1, 4, 1, 9, -1, -1, -1, 3, 8, -1, -1, -1, -1, 5, 7, -1, -1, -1, -1, 6, -1, -1, -1, -1, -1, 10, 12, -1, -1, -1, -1, 11, -1, -1, -1, -1, -1, 13, -1, -1, -1, -1, -1, -1]
[-1, -1, -1, -1, -1, -1, 0, 2, -1, -1, -1, -1, 4, 1, -1, -1, -1, 6, 3, -1, -1, -1, -1, 8, 5, -1, -1, -1, -1, 7, 11, -1, -1, -1, -1, 9, 10, -1, -1, -1, -1, 12, 13, -1, -1, -1, -1, -1, -1, -1, -1, -1, -1, -1]
[-1, -1, -1, -1, -1, -1, -1, 0, 2, -1, -1, -1, -1, 4, 1, -1, -1, 9, 6, 3, -1, -1, -1, -1, 8, 5, -1, -1, -1, 11, 7, -1, -1, -1, -1, -1, 10, -1, -1, -1, -1, 12, 13, -1, -1, -1, -1, -1, -1, -1, -1, -1, -1, -1]
[-1, -1, -1, -1, -1, -1, -1, -1, 0, 2, -1, -1, -1, -1, 4, 1, -1, -1, 9, 6, 3, -1, -1, -1, -1, 8, 5, -1, -1, -1, 11, 7, -1, -1, -1, -1, -1, 10, -1, -1, -1, -1, 12, 13, -1, -1, -1, -1, -1, -1, -1, -1, -1, -1]
[-1, -1, -1, -1, -1, -1, -1, -1, -1, 0, 2, -1, -1, -1, -1, 4, 1, -1, -1, 9, 6, 3, -1, -1, -1, -1, 8, 5, -1, -1, -1, 11, 7, -1, -1, -1, -1, -1, 10, -1, -1, -1, -1, 12, 13, -1, -1, -1, -1, -1, -1, -1, -1, -1]
[-1, -1, -1, -1, -1, -1, -1, -1, -1, -1, -1, 0, 2, -1, -1, -1, -1, 1, -1, -1, -1, -1, -1, 3, 5, 11, -1, -1, -1, 4, 9, -1, -1, -1, -1, 6, 8, -1, -1, -1, -1, 7, 13, -1, -1, -1, -1, 10, 12, -1, -1, -1, -1, -1]
[-1, -1, -1, -1, -1, -1, -1, -1, -1, -1, -1, -1, 0, 2, -1, -1, -1, 4, 1, -1, -1, -1, -1, 6, 3, -1, -1, -1, -1, 5, 10, -1, -1, -1, -1, 7, 9, 12, -1, -1, -1, 8, 11, -1, -1, -1, -1, -1, 13, -1, -1, -1, -1, -1]
[-1, -1, -1, -1, -1, -1, -1, -1, -1, -1, -1, -1, -1, 0, 2, -1, -1, -1, 4, 1, -1, -1, -1, 9, 6, 3, -1, -1, -1, 8, 5, -1, -1, -1, -1, 11, 7, -1, -1, -1, -1, 10, -1, -1, -1, -1, -1, 12, 13, -1, -1, -1, -1, -1]
[-1, -1, -1, -1, -1, -1, -1, -1, -1, -1, -1, -1, -1, -1, 0, 2, -1, -1, -1, 4, 1, -1, -1, -1, 9, 6, 3, -1, -1, -1, 8, 5, -1, -1, -1, -1, 11, 7, -1, -1, -1, -1, 10, -1, -1, -1, -1, -1, 12, 13, -1, -1, -1, -1]
[-1, -1, -1, -1, -1, -1, -1, -1, -1, -1, -1, -1, -1, -1, -1, 0, 2, -1, -1, -1, 4, 1, -1, -1, -1, 9, 6, 3, -1, -1, -1, 8, 5, -1, -1, -1, -1, 11, 7, -1, -1, -1, -1, 10, -1, -1, -1, -1, -1, 12, 13, -1, -1, -1]
[-1, -1, -1, -1, -1, -1, -1, -1, -1, -1, -1, -1, -1, -1, -1, -1, 0, -1, -1, 9, -1, 3, 1, -1, -1, -1, 8, 5, 2, -1, -1, -1, 7, 4, -1, -1, -1, -1, 11, 6, -1, -1, -1, -1, 10, -1, -1, -1, -1, -1, 12, 13, -1, -1]
[-1, -1, -1, -1, -1, -1, -1, -1, -1, -1, -1, -1, -1, -1, -1, -1, -1, 0, -1, -1, -1, -1, -1, 1, 3, -1, -1, -1, -1, 2, 10, 13, -1, -1, -1, 4, 6, 11, -1, -1, -1, 5, 9, -1, -1, -1, -1, 7, 8, 12, -1, -1, -1, -1]
[-1, -1, -1, -1, -1, -1, -1, -1, -1, -1, -1, -1, -1, -1, -1, -1, -1, 0, 2, 11, -1, -1, -1, 4, 1, 9, -1, -1, -1, 3, 8, -1, -1, -1, -1, 5, 7, -1, -1, -1, -1, 6, 13, -1, -1, -1, -1, 10, 12, -1, -1, -1, -1, -1]
[-1, -1, -1, -1, -1, -1, -1, -1, -1, -1, -1, -1, -1, -1, -1, -1, -1, -1, 0, 2, -1, -1, -1, -1, 4, 1, -1, -1, -1, 6, 3, -1, -1, -1, -1, 8, 5, 12, -1, -1, -1, 7, 11, -1, -1, -1, -1, 9, 10, 13, -1, -1, -1, -1]
[-1, -1, -1, -1, -1, -1, -1, -1, -1, -1, -1, -1, -1, -1, -1, -1, -1, -1, -1, 0, 2, -1, -1, -1, -1, 4, 1, -1, -1, 9, 6, 3, -1, -1, -1, 13, 8, 5, -1, -1, -1, 11, 7, -1, -1, -1, -1, -1, 10, 12, -1, -1, -1, -1]
[-1, -1, -1, -1, -1, -1, -1, -1, -1, -1, -1, -1, -1, -1, -1, -1, -1, -1, -1, -1, 0, 2, -1, -1, -1, -1, 4, 1, -1, -1, 9, 6, 3, -1, -1, -1, 13, 8, 5, -1, -1, -1, 11, 7, -1, -1, -1, -1, -1, 10, 12, -1, -1, -1]
[-1, -1, -1, -1, -1, -1, -1, -1, -1, -1, -1, -1, -1, -1, -1, -1, -1, -1, -1, -1, -1, 0, 2, -1, -1, -1, -1, 4, 1, -1, -1, 9, 6, 3, -1, -1, -1, 13, 8, 5, -1, -1, -1, 11, 7, -1, -1, -1, -1, -1, 10, 12, -1, -1]
[-1, -1, -1, -1, -1, -1, -1, -1, -1, -1, -1, -1, -1, -1, -1, -1, -1, -1, -1, -1, -1, -1, -1, 0, 2, 13, -1, -1, -1, 1, 10, 11, -1, -1, -1, 3, 5, 9, -1, -1, -1, 4, 8, -1, -1, -1, -1, 6, 7, 12, -1, -1, -1, -1]
[-1, -1, -1, -1, -1, -1, -1, -1, -1, -1, -1, -1, -1, -1, -1, -1, -1, -1, -1, -1, -1, -1, -1, -1, 0, 2, -1, -1, -1, 4, 1, 13, -1, -1, -1, 6, 3, 10, -1, -1, -1, 5, 9, 12, -1, -1, -1, 7, 8, 11, -1, -1, -1, -1]
[-1, -1, -1, -1, -1, -1, -1, -1, -1, -1, -1, -1, -1, -1, -1, -1, -1, -1, -1, -1, -1, -1, -1, -1, -1, 0, 2, -1, -1, -1, 4, 1, -1, -1, -1, 9, 6, 3, 12, -1, -1, 8, 5, 11, -1, -1, -1, -1, 7, 10, 13, -1, -1, -1]
[-1, -1, -1, -1, -1, -1, -1, -1, -1, -1, -1, -1, -1, -1, -1, -1, -1, -1, -1, -1, -1, -1, -1, -1, -1, -1, 0, 2, -1, -1, -1, 4, 1, -1, -1, -1, 9, 6, 3, 12, -1, -1, 8, 5, 11, -1, -1, -1, -1, 7, 10, 13, -1, -1]
[-1, -1, -1, -1, -1, -1, -1, -1, -1, -1, -1, -1, -1, -1, -1, -1, -1, -1, -1, -1, -1, -1, -1, -1, -1, -1, -1, 0, 2, -1, -1, -1, 4, 1, -1, -1, -1, 9, 6, 3, 12, -1, -1, 8, 5, 11, -1, -1, -1, 13, 7, 10, -1, -1]
[-1, -1, -1, -1, -1, -1, -1, -1, -1, -1, -1, -1, -1, -1, -1, -1, -1, -1, -1, -1, -1, -1, -1, -1, -1, -1, -1, -1, 0, -1, -1, 9, -1, 3, 1, -1, -1, 12, 8, 5, 2, -1, -1, 11, 7, 4, -1, -1, -1, 13, 10, 6, -1, -1]
[-1, -1, -1, -1, -1, -1, -1, -1, -1, -1, -1, -1, -1, -1, -1, -1, -1, -1, -1, -1, -1, -1, -1, -1, 9, -1, -1, -1, -1, 0, 8, -1, -1, -1, -1, 1, 3, 7, 12, -1, -1, 2, 6, 11, -1, -1, -1, 4, 5, 10, 13, -1, -1, -1]
[-1, -1, -1, -1, -1, -1, -1, -1, -1, -1, -1, -1, -1, -1, -1, -1, -1, -1, -1, -1, -1, -1, -1, -1, -1, -1, -1, -1, -1, 0, 2, 9, -1, -1, -1, 4, 1, 8, 12, -1, -1, 3, 7, 11, -1, -1, -1, 5, 6, 10, 13, -1, -1, -1]
[-1, -1, -1, -1, -1, -1, -1, -1, -1, -1, -1, -1, -1, -1, -1, -1, -1, -1, -1, -1, -1, -1, -1, -1, -1, -1, -1, -1, -1, 13, 0, 2, 11, -1, -1, 10, 4, 1, 9, -1, -1, 6, 3, 8, -1, -1, -1, -1, 5, 7, 12, -1, -1, -1]
[-1, -1, -1, -1, -1, -1, -1, -1, -1, -1, -1, -1, -1, -1, -1, -1, -1, -1, -1, -1, -1, -1, -1, -1, -1, -1, -1, -1, -1, 13, -1, 0, 2, 11, -1, -1, 10, 4, 1, 9, -1, -1, 6, 3, 8, -1, -1, -1, -1, 5, 7, 12, -1, -1]
[-1, -1, -1, -1, -1, -1, -1, -1, -1, -1, -1, -1, -1, -1, -1, -1, -1, -1, -1, -1, -1, -1, -1, -1, -1, -1, -1, -1, -1, -1, 13, -1, 0, 2, 11, -1, -1, 10, 4, 1, 9, -1, -1, 6, 3, 8, -1, -1, -1, 12, 5, 7, -1, -1]
[-1, -1, -1, -1, -1, -1, -1, -1, -1, -1, -1, -1, -1, -1, -1, -1, -1, -1, -1, -1, -1, -1, -1, -1, -1, 9, -1, -1, -1, -1, -1, 8, -1, 0, 2, -1, -1, 12, 7, 4, 1, -1, -1, 11, 6, 3, -1, -1, -1, 13, 10, 5, -1, -1]
[-1, -1, -1, -1, -1, -1, -1, -1, -1, -1, -1, -1, -1, -1, -1, -1, -1, -1, -1, -1, -1, -1, -1, -1, -1, 13, -1, -1, -1, -1, 10, 11, -1, -1, -1, 0, 2, 6, 9, -1, -1, 1, 5, 8, -1, -1, -1, 3, 4, 7, 12, -1, -1, -1]
[-1, -1, -1, -1, -1, -1, -1, -1, -1, -1, -1, -1, -1, -1, -1, -1, -1, -1, -1, -1, -1, -1, -1, -1, -1, 9, -1, -1, -1, -1, -1, 8, -1, -1, -1, -1, 0, 2, 7, 12, -1, 4, 1, 6, 11, -1, -1, -1, 3, 5, 10, 13, -1, -1]
[-1, -1, -1, -1, -1, -1, -1, -1, -1, -1, -1, -1, -1, -1, -1, -1, -1, -1, -1, -1, -1, -1, -1, -1, -1, -1, 9, -1, -1, -1, -1, -1, 8, 13, -1, -1, -1, 0, 2, 7, 12, -1, 4, 1, 6, 11, -1, -1, -1, 3, 5, 10, -1, -1]
[-1, -1, -1, -1, -1, -1, -1, -1, -1, -1, -1, -1, -1, -1, -1, -1, -1, -1, -1, -1, -1, -1, -1, -1, -1, -1, -1, 9, -1, -1, -1, -1, 11, 8, 13, -1, -1, 10, 0, 2, 7, -1, -1, 4, 1, 6, -1, -1, -1, 12, 3, 5, -1, -1]
[-1, -1, -1, -1, -1, -1, -1, -1, -1, -1, -1, -1, -1, -1, -1, -1, -1, -1, -1, -1, -1, -1, -1, -1, -1, -1, -1, -1, -1, -1, 9, -1, -1, -1, -1, -1, 12, 8, 5, 0, 2, -1, 11, 7, 4, 1, -1, -1, 13, 10, 6, 3, -1, -1]
[-1, -1, -1, -1, -1, -1, -1, -1, -1, -1, -1, -1, -1, -1, -1, -1, -1, -1, -1, -1, -1, -1, -1, -1, -1, -1, -1, -1, -1, -1, -1, 9, -1, 2, 3, -1, -1, 12, 8, 5, 0, -1, -1, 11, 7, 4, 1, -1, -1, 13, 10, 6, -1, -1]
[-1, -1, -1, -1, -1, -1, -1, -1, -1, -1, -1, -1, -1, -1, -1, -1, -1, -1, -1, -1, -1, -1, -1, -1, -1, 9, -1, -1, -1, -1, -1, 8, -1, -1, -1, -1, 3, 4, 7, 12, -1, 0, 2, 6, 11, -1, -1, -1, 1, 5, 10, 13, -1, -1]
[-1, -1, -1, -1, -1, -1, -1, -1, -1, -1, -1, -1, -1, -1, -1, -1, -1, -1, -1, -1, -1, -1, -1, -1, -1, -1, 9, -1, -1, -1, -1, -1, 8, 13, -1, -1, -1, 3, 4, 7, 12, -1, 0, 2, 6, 11, -1, -1, -1, 1, 5, 10, -1, -1]
[-1, -1, -1, -1, -1, -1, -1, -1, -1, -1, -1, -1, -1, -1, -1, -1, -1, -1, -1, -1, -1, -1, -1, -1, -1, -1, -1, 9, -1, -1, 11, -1, -1, 8, 13, -1, -1, 10, 3, 4, 7, -1, -1, 0, 2, 6, -1, -1, -1, 12, 1, 5, -1, -1]
[-1, -1, -1, -1, -1, -1, -1, -1, -1, -1, -1, -1, -1, -1, -1, -1, -1, -1, -1, -1, -1, -1, -1, -1, -1, -1, -1, -1, -1, -1, 9, -1, -1, -1, -1, -1, 12, 8, 5, 3, 4, -1, 11, 7, 0, 2, -1, -1, 13, 10, 6, 1, -1, -1]
[-1, -1, -1, -1, -1, -1, -1, -1, -1, -1, -1, -1, -1, -1, -1, -1, -1, -1, -1, -1, -1, -1, -1, -1, -1, 9, -1, -1, -1, -1, -1, 8, -1, -1, -1, -1, -1, 12, 7, 4, 3, -1, -1, 11, 6, 0, 2, -1, -1, 13, 10, 5, 1, -1]
