[5, 3, 1, -1, -1, 4, 2, 0, 14, -1, -1, 11, 8, 6, 13, -1, -1, 10, 7, 12, -1, -1, -1, -1, 9, -1, -1, -1, -1, -1, -1, -1, -1, -1, -1, -1, -1, -1, -1, -1, -1, -1, -1, -1, -1, -1, -1, -1, -1, -1, -1, -1, -1, -1]
[2, 0, 7, -1, -1, 1, 6, 13, -1, -1, -1, 3, 5, 12, 14, -1, -1, 4, 11, -1, -1, -1, -1, 8, 10, -1, -1, -1, -1, 9, -1, -1, -1, -1, -1, -1, -1, -1, -1, -1, -1, -1, -1, -1, -1, -1, -1, -1, -1, -1, -1, -1, -1, -1]
[4, 2, 0, -1, -1, 3, 1, 13, -1, -1, -1, 7, 5, 12, 14, -1, -1, 6, 11, -1, -1, -1, -1, 8, 10, -1, -1, -1, -1, 9, -1, -1, -1, -1, -1, -1, -1, -1, -1, -1, -1, -1, -1, -1, -1, -1, -1, -1, -1, -1, -1, -1, -1, -1]
[-1, 6, 4, 0, -1, 7, 5, 3, 1, -1, -1, 13, 11, 9, 2, -1, -1, 12, 10, 8, -1, -1, -1, -1, -1, 14, -1, -1, -1, -1, -1, -1, -1, -1, -1, -1, -1, -1, -1, -1, -1, -1, -1, -1, -1, -1, -1, -1, -1, -1, -1, -1, -1, -1]
[-1, -1, 6, 2, 0, -1, 7, 5, 3, 1, 14, -1, -1, 9, 4, 11, 13, -1, -1, 8, 10, 12, -1, -1, -1, -1, -1, -1, -1, -1, -1, -1, -1, -1, -1, -1, -1, -1, -1, -1, -1, -1, -1, -1, -1, -1, -1, -1, -1, -1, -1, -1, -1, -1]
[1, 2, 4, -1, -1, 0, 3, 5, 14, -1, -1, 11, 8, 6, 13, -1, -1, 10, 7, 12, -1, -1, -1, -1, 9, -1, -1, -1, -1, -1, -1, -1, -1, -1, -1, -1, -1, -1, -1, -1, -1, -1, -1, -1, -1, -1, -1, -1, -1, -1, -1, -1, -1, -1]
[3, 1, 4, -1, -1, 2, 0, 5, 14, -1, -1, 11, 8, 6, 13, -1, -1, 10, 7, 12, -1, -1, -1, -1, 9, -1, -1, -1, -1, -1, -1, -1, -1, -1, -1, -1, -1, -1, -1, -1, -1, -1, -1, -1, -1, -1, -1, -1, -1, -1, -1, -1, -1, -1]
[5, 3, 1, -1, -1, 4, 2, 0, 14, -1, -1, 11, 8, 6, 13, -1, -1, 10, 7, 12, -1, -1, -1, -1, 9, -1, -1, -1, -1, -1, -1, -1, -1, -1, -1, -1, -1, -1, -1, -1, -1, -1, -1, -1, -1, -1, -1, -1, -1, -1, -1, -1, -1, -1]
[-1, -1, -1, 1, 3, -1, -1, -1, 0, 2, 4, -1, -1, -1, 10, 7, 5, -1, -1, -1, 9, 6, 11, -1, -1, -1, -1, 8, 12, -1, -1, -1, -1, 13, -1, -1, -1, -1, -1, 14, -1, -1, -1, -1, -1, -1, -1, -1, -1, -1, -1, -1, -1, -1]
[13, 7, 5, 1, -1, 12, 6, 4, 2, 0, -1, -1, 11, 9, 3, -1, -1, -1, 10, 8, -1, -1, -1, -1, -1, 14, -1, -1, -1, -1, -1, -1, -1, -1, -1, -1, -1, -1, -1, -1, -1, -1, -1, -1, -1, -1, -1, -1, -1, -1, -1, -1, -1, -1]
[-1, -1, 7, 3, 1, -1, 10, 6, 4, 2, 0, -1, -1, 9, 5, 12, 14, -1, -1, 8, 11, 13, -1, -1, -1, -1, -1, -1, -1, -1, -1, -1, -1, -1, -1, -1, -1, -1, -1, -1, -1, -1, -1, -1, -1, -1, -1, -1, -1, -1, -1, -1, -1, -1]
[2, 6, 13, -1, -1, 1, 5, 12, -1, -1, -1, 0, 4, 11, -1, -1, -1, 3, 10, -1, -1, -1, -1, 7, 9, -1, -1, -1, -1, 8, -1, -1, -1, -1, -1, 14, -1, -1, -1, -1, -1, -1, -1, -1, -1, -1, -1, -1, -1, -1, -1, -1, -1, -1]
[2, 4, 13, -1, -1, 1, 3, 12, -1, -1, -1, 6, 0, 11, -1, -1, -1, 5, 10, -1, -1, -1, -1, 7, 9, -1, -1, -1, -1, 8, -1, -1, -1, -1, -1, 14, -1, -1, -1, -1, -1, -1, -1, -1, -1, -1, -1, -1, -1, -1, -1, -1, -1, -1]
[4, 2, 6, -1, -1, 3, 1, 5, -1, -1, -1, 11, 8, 0, -1, -1, -1, 10, 7, -1, -1, -1, -1, 13, 9, -1, -1, -1, -1, 12, -1, -1, -1, -1, -1, 14, -1, -1, -1, -1, -1, -1, -1, -1, -1, -1, -1, -1, -1, -1, -1, -1, -1, -1]
[6, 4, 2, 8, 11, 5, 3, 1, 7, 10, 12, -1, -1, -1, 0, 9, 13, -1, -1, -1, -1, 14, -1, -1, -1, -1, -1, -1, -1, -1, -1, -1, -1, -1, -1, -1, -1, -1, -1, -1, -1, -1, -1, -1, -1, -1, -1, -1, -1, -1, -1, -1, -1, -1]
[-1, -1, -1, 2, 4, -1, -1, 11, 1, 3, 5, -1, -1, -1, 10, 0, 6, -1, -1, -1, 9, 7, 12, -1, -1, -1, -1, 8, 13, -1, -1, -1, -1, 14, -1, -1, -1, -1, -1, -1, -1, -1, -1, -1, -1, -1, -1, -1, -1, -1, -1, -1, -1, -1]
[-1, -1, 6, 2, -1, -1, 7, 5, 3, 1, -1, -1, -1, 9, 4, 11, 0, -1, -1, 8, 10, 12, -1, -1, -1, -1, -1, 13, -1, -1, -1, -1, 14, -1, -1, -1, -1, -1, -1, -1, -1, -1, -1, -1, -1, -1, -1, -1, -1, -1, -1, -1, -1, -1]
[3, 6, 13, -1, -1, 2, 5, 12, -1, -1, -1, 1, 4, 11, -1, -1, -1, 0, 10, -1, -1, -1, -1, 7, 9, -1, -1, -1, -1, 8, -1, -1, -1, -1, -1, 14, -1, -1, -1, -1, -1, -1, -1, -1, -1, -1, -1, -1, -1, -1, -1, -1, -1, -1]
[3, 6, 11, -1, -1, 2, 5, 12, -1, -1, -1, -1, 1, 4, -1, -1, -1, 8, 0, -1, -1, -1, -1, 10, 7, 14, -1, -1, -1, 9, 13, -1, -1, -1, -1, -1, -1, -1, -1, -1, -1, -1, -1, -1, -1, -1, -1, -1, -1, -1, -1, -1, -1, -1]
[5, 3, 13, 12, -1, 4, 2, 7, 8, 11, -1, -1, -1, 1, 6, 10, -1, -1, -1, 0, 9, -1, -1, -1, -1, -1, 14, -1, -1, -1, -1, -1, -1, -1, -1, -1, -1, -1, -1, -1, -1, -1, -1, -1, -1, -1, -1, -1, -1, -1, -1, -1, -1, -1]
[7, 5, 3, 9, -1, 6, 4, 2, 8, 14, -1, 12, 10, -1, 1, 13, -1, 11, -1, -1, 0, -1, -1, -1, -1, -1, -1, -1, -1, -1, -1, -1, -1, -1, -1, -1, -1, -1, -1, -1, -1, -1, -1, -1, -1, -1, -1, -1, -1, -1, -1, -1, -1, -1]
[-1, -1, -1, 3, 5, -1, -1, 14, 2, 4, 6, -1, -1, -1, 13, 1, 7, -1, -1, -1, 12, 0, 8, -1, -1, -1, -1, 11, 9, -1, -1, -1, -1, 10, -1, -1, -1, -1, -1, -1, -1, -1, -1, -1, -1, -1, -1, -1, -1, -1, -1, -1, -1, -1]
[-1, -1, 7, 3, -1, -1, -1, 6, 4, 2, 8, -1, -1, 10, 5, 12, 1, -1, -1, 9, 11, 13, 0, -1, -1, -1, -1, 14, -1, -1, -1, -1, -1, -1, -1, -1, -1, -1, -1, -1, -1, -1, -1, -1, -1, -1, -1, -1, -1, -1, -1, -1, -1, -1]
[4, -1, -1, -1, -1, 3, -1, -1, -1, -1, -1, 2, -1, 14, -1, -1, -1, 1, 7, 13, -1, -1, -1, 0, 6, 12, -1, -1, -1, 5, 11, -1, -1, -1, -1, 8, 10, -1, -1, -1, -1, 9, -1, -1, -1, -1, -1, -1, -1, -1, -1, -1, -1, -1]
[4, -1, 13, -1, -1, 3, 7, 12, -1, -1, -1, 2, 6, 8, 11, -1, -1, 1, 5, 10, -1, -1, -1, -1, 0, 9, -1, -1, -1, -1, 14, -1, -1, -1, -1, -1, -1, -1, -1, -1, -1, -1, -1, -1, -1, -1, -1, -1, -1, -1, -1, -1, -1, -1]
[4, -1, -1, 13, -1, 3, 7, -1, 12, 14, -1, -1, 2, 6, 8, 11, -1, -1, 1, 5, 10, -1, -1, -1, -1, 0, 9, -1, -1, -1, -1, -1, -1, -1, -1, -1, -1, -1, -1, -1, -1, -1, -1, -1, -1, -1, -1, -1, -1, -1, -1, -1, -1, -1]
[6, 4, -1, 11, -1, 5, 3, -1, 10, 12, -1, -1, -1, 2, 8, 9, -1, -1, -1, 1, 7, 14, -1, -1, -1, -1, 0, 13, -1, -1, -1, -1, -1, -1, -1, -1, -1, -1, -1, -1, -1, -1, -1, -1, -1, -1, -1, -1, -1, -1, -1, -1, -1, -1]
[-1, 6, 4, 10, -1, 7, 5, 3, 9, -1, -1, 13, 11, -1, 2, 8, -1, 12, -1, -1, 1, 14, -1, -1, -1, -1, -1, 0, -1, -1, -1, -1, -1, -1, -1, -1, -1, -1, -1, -1, -1, -1, -1, -1, -1, -1, -1, -1, -1, -1, -1, -1, -1, -1]
[-1, -1, -1, 4, 6, -1, -1, 14, 3, 5, 7, -1, -1, -1, 13, 2, 8, -1, -1, -1, 12, 1, 9, -1, -1, -1, -1, 11, 0, -1, -1, -1, -1, 10, -1, -1, -1, -1, -1, -1, -1, -1, -1, -1, -1, -1, -1, -1, -1, -1, -1, -1, -1, -1]
[5, -1, -1, -1, -1, 4, 12, -1, -1, -1, -1, 3, 13, 11, -1, -1, -1, 2, 7, 10, -1, -1, -1, 1, 6, 9, -1, -1, -1, 0, 8, -1, -1, -1, -1, -1, 14, -1, -1, -1, -1, -1, -1, -1, -1, -1, -1, -1, -1, -1, -1, -1, -1, -1]
[5, -1, -1, -1, -1, 4, 14, -1, -1, -1, -1, 3, 13, -1, 12, -1, -1, 2, 7, 8, 11, -1, -1, -1, 1, 6, 10, -1, -1, -1, 0, 9, -1, -1, -1, -1, -1, -1, -1, -1, -1, -1, -1, -1, -1, -1, -1, -1, -1, -1, -1, -1, -1, -1]
[5, -1, -1, -1, -1, 4, 14, -1, -1, -1, -1, -1, 3, 13, -1, 12, -1, -1, 2, 7, 8, 11, -1, -1, -1, 1, 6, 10, -1, -1, -1, 0, 9, -1, -1, -1, -1, -1, -1, -1, -1, -1, -1, -1, -1, -1, -1, -1, -1, -1, -1, -1, -1, -1]
[7, 5, 11, -1, -1, 6, 4, 10, -1, -1, -1, 12, 14, 3, 9, -1, -1, 13, -1, 2, 8, -1, -1, -1, -1, -1, 1, -1, -1, -1, -1, -1, 0, -1, -1, -1, -1, -1, -1, -1, -1, -1, -1, -1, -1, -1, -1, -1, -1, -1, -1, -1, -1, -1]
[14, 7, 5, 11, -1, 13, 6, 4, 10, -1, -1, -1, 12, -1, 3, 9, -1, -1, -1, -1, 2, 8, -1, -1, -1, -1, -1, 1, -1, -1, -1, -1, -1, 0, -1, -1, -1, -1, -1, -1, -1, -1, -1, -1, -1, -1, -1, -1, -1, -1, -1, -1, -1, -1]
[-1, -1, -1, 5, 7, -1, -1, -1, 4, 6, 10, -1, -1, -1, -1, 3, 9, -1, -1, -1, 14, 2, 8, -1, -1, -1, -1, 13, 1, -1, -1, -1, -1, 12, 0, -1, -1, -1, -1, -1, 11, -1, -1, -1, -1, -1, -1, -1, -1, -1, -1, -1, -1, -1]
[6, -1, -1, -1, -1, 5, -1, -1, -1, -1, -1, 4, -1, -1, -1, -1, -1, 3, -1, -1, -1, -1, -1, 2, 14, -1, -1, -1, -1, 1, 13, -1, -1, -1, -1, 0, 8, 12, -1, -1, -1, 7, 11, -1, -1, -1, -1, 9, 10, -1, -1, -1, -1, -1]
[6, -1, -1, -1, -1, 5, 12, -1, -1, -1, -1, 4, 11, -1, -1, -1, -1, 3, 10, -1, -1, -1, -1, 2, 8, 9, -1, -1, -1, 1, 7, 14, -1, -1, -1, -1, 0, 13, -1, -1, -1, -1, -1, -1, -1, -1, -1, -1, -1, -1, -1, -1, -1, -1]
[6, -1, -1, -1, -1, 5, 12, -1, -1, -1, -1, 4, -1, 11, -1, -1, -1, 3, -1, 10, -1, -1, -1, -1, 2, 8, 9, -1, -1, -1, 1, 7, 14, -1, -1, -1, -1, 0, 13, -1, -1, -1, -1, -1, -1, -1, -1, -1, -1, -1, -1, -1, -1, -1]
[6, -1, -1, -1, -1, 5, -1, 12, -1, -1, -1, -1, 4, -1, 11, -1, -1, -1, 3, -1, 10, -1, -1, -1, -1, 2, 8, 9, -1, -1, -1, 1, 7, 14, -1, -1, -1, -1, 0, 13, -1, -1, -1, -1, -1, -1, -1, -1, -1, -1, -1, -1, -1, -1]
[13, 6, 12, -1, -1, 7, 5, 11, -1, -1, -1, -1, -1, 4, 10, -1, -1, -1, -1, 3, 9, -1, -1, -1, -1, -1, 2, 8, -1, -1, -1, -1, 1, 14, -1, -1, -1, -1, -1, 0, -1, -1, -1, -1, -1, -1, -1, -1, -1, -1, -1, -1, -1, -1]
[-1, 13, 6, 12, -1, 14, 7, 5, 11, -1, -1, -1, -1, -1, 4, 10, -1, -1, -1, -1, 3, 9, -1, -1, -1, -1, -1, 2, 8, -1, -1, -1, -1, 1, -1, -1, -1, -1, -1, -1, 0, -1, -1, -1, -1, -1, -1, -1, -1, -1, -1, -1, -1, -1]
[7, 12, -1, -1, -1, 6, 11, -1, -1, -1, -1, 5, 10, -1, -1, -1, -1, 4, 9, -1, -1, -1, -1, 3, 8, -1, -1, -1, -1, 2, 14, -1, -1, -1, -1, 1, 13, -1, -1, -1, -1, 0, -1, -1, -1, -1, -1, -1, -1, -1, -1, -1, -1, -1]
[7, 13, -1, -1, -1, 6, 12, -1, -1, -1, -1, 5, 11, -1, -1, -1, -1, 4, 10, -1, -1, -1, -1, 3, 9, -1, -1, -1, -1, 2, 8, -1, -1, -1, -1, -1, 1, 14, -1, -1, -1, -1, 0, -1, -1, -1, -1, -1, -1, -1, -1, -1, -1, -1]
[7, 13, -1, -1, -1, 6, 12, -1, -1, -1, -1, 5, 11, -1, -1, -1, -1, 4, 10, -1, -1, -1, -1, -1, 3, 9, -1, -1, -1, -1, 2, 8, -1, -1, -1, -1, -1, 1, 14, -1, -1, -1, -1, 0, -1, -1, -1, -1, -1, -1, -1, -1, -1, -1]
[7, 13, -1, -1, -1, 6, 12, -1, -1, -1, -1, -1, 5, 11, -1, -1, -1, -1, 4, 10, -1, -1, -1, -1, -1, 3, 9, -1, -1, -1, -1, 2, 8, -1, -1, -1, -1, -1, 1, 14, -1, -1, -1, -1, 0, -1, -1, -1, -1, -1, -1, -1, -1, -1]
[-1, 7, 13, -1, -1, -1, 6, 12, -1, -1, -1, -1, -1, 5, 11, -1, -1, -1, -1, 4, 10, -1, -1, -1, -1, -1, 3, 9, -1, -1, -1, -1, 2, 8, -1, -1, -1, -1, -1, 1, 14, -1, -1, -1, -1, 0, -1, -1, -1, -1, -1, -1, -1, -1]
[-1, -1, 7, 13, -1, -1, -1, 6, 12, 14, -1, -1, -1, -1, 5, 11, -1, -1, -1, -1, 4, 10, -1, -1, -1, -1, -1, 3, 9, -1, -1, -1, -1, 2, 8, -1, -1, -1, -1, -1, 1, -1, -1, -1, -1, -1, 0, -1, -1, -1, -1, -1, -1, -1]
[-1, 14, -1, -1, -1, 7, 13, -1, -1, -1, -1, 6, 12, -1, -1, -1, -1, 5, 11, -1, -1, -1, -1, 4, 10, -1, -1, -1, -1, 3, 9, -1, -1, -1, -1, 2, 8, -1, -1, -1, -1, 1, -1, -1, -1, -1, -1, -1, 0, -1, -1, -1, -1, -1]
[-1, 14, -1, -1, -1, 7, 13, -1, -1, -1, -1, 6, 12, -1, -1, -1, -1, 5, 11, -1, -1, -1, -1, 4, 10, -1, -1, -1, -1, 3, 9, -1, -1, -1, -1, -1, 2, 8, -1, -1, -1, -1, 1, -1, -1, -1, -1, -1, -1, 0, -1, -1, -1, -1]
[-1, 14, -1, -1, -1, 7, 13, -1, -1, -1, -1, 6, 12, -1, -1, -1, -1, 5, 11, -1, -1, -1, -1, -1, 4, 10, -1, -1, -1, -1, 3, 9, -1, -1, -1, -1, -1, 2, 8, -1, -1, -1, -1, 1, -1, -1, -1, -1, -1, -1, 0, -1, -1, -1]
[-1, 14, -1, -1, -1, 7, 13, -1, -1, -1, -1, -1, 6, 12, -1, -1, -1, -1, 5, 11, -1, -1, -1, -1, -1, 4, 10, -1, -1, -1, -1, 3, 9, -1, -1, -1, -1, -1, 2, 8, -1, -1, -1, -1, 1, -1, -1, -1, -1, -1, -1, 0, -1, -1]
[-1, -1, 14, -1, -1, -1, 7, 13, -1, -1, -1, -1, -1, 6, 12, -1, -1, -1, -1, 5, 11, -1, -1, -1, -1, -1, 4, 10, -1, -1, -1, -1, 3, 9, -1, -1, -1, -1, -1, 2, 8, -1, -1, -1, -1, 1, -1, -1, -1, -1, -1, -1, 0, -1]
