[5, 3, 1, -1, -1, 4, 2, 0, -1, -1, -1, 11, 8, 6, -1, -1, -1, 10, 7, -1, -1, -1, -1, -1, 9, -1, -1, -1, -1, -1, -1, -1, -1, -1, -1, -1, -1, -1, -1, -1, -1, -1, -1, -1, -1, -1, -1, -1, -1, -1, -1, -1, -1, -1]
[2, 0, 7, -1, -1, 1, 6, -1, -1, -1, -1, 3, 5, -1, -1, -1, -1, 4, 11, -1, -1, -1, -1, 8, 10, -1, -1, -1, -1, 9, -1, -1, -1, -1, -1, -1, -1, -1, -1, -1, -1, -1, -1, -1, -1, -1, -1, -1, -1, -1, -1, -1, -1, -1]
[4, 2, 0, -1, -1, 3, 1, -1, -1, -1, -1, 7, 5, -1, -1, -1, -1, 6, 11, -1, -1, -1, -1, 8, 10, -1, -1, -1, -1, 9, -1, -1, -1, -1, -1, -1, -1, -1, -1, -1, -1, -1, -1, -1, -1, -1, -1, -1, -1, -1, -1, -1, -1, -1]
[-1, 6, 4, 0, -1, 7, 5, 3, 1, -1, -1, -1, -1, 9, 2, -1, -1, -1, 11, 8, -1, -1, -1, -1, -1, 10, -1, -1, -1, -1, -1, -1, -1, -1, -1, -1, -1, -1, -1, -1, -1, -1, -1, -1, -1, -1, -1, -1, -1, -1, -1, -1, -1, -1]
[-1, -1, 6, 2, 0, -1, 7, 5, 3, 1, -1, -1, -1, 9, 4, -1, -1, -1, 11, 8, -1, -1, -1, -1, -1, 10, -1, -1, -1, -1, -1, -1, -1, -1, -1, -1, -1, -1, -1, -1, -1, -1, -1, -1, -1, -1, -1, -1, -1, -1, -1, -1, -1, -1]
[1, 2, 4, -1, -1, 0, 3, 5, -1, -1, -1, 11, 8, 6, -1, -1, -1, 10, 7, -1, -1, -1, -1, -1, 9, -1, -1, -1, -1, -1, -1, -1, -1, -1, -1, -1, -1, -1, -1, -1, -1, -1, -1, -1, -1, -1, -1, -1, -1, -1, -1, -1, -1, -1]
[3, 1, 4, -1, -1, 2, 0, 5, -1, -1, -1, 11, 8, 6, -1, -1, -1, 10, 7, -1, -1, -1, -1, -1, 9, -1, -1, -1, -1, -1, -1, -1, -1, -1, -1, -1, -1, -1, -1, -1, -1, -1, -1, -1, -1, -1, -1, -1, -1, -1, -1, -1, -1, -1]
[5, 3, 1, -1, -1, 4, 2, 0, -1, -1, -1, 11, 8, 6, -1, -1, -1, 10, 7, -1, -1, -1, -1, -1, 9, -1, -1, -1, -1, -1, -1, -1, -1, -1, -1, -1, -1, -1, -1, -1, -1, -1, -1, -1, -1, -1, -1, -1, -1, -1, -1, -1, -1, -1]
[-1, -1, -1, 1, 3, -1, -1, -1, 0, 2, 4, -1, -1, -1, -1, 7, 5, -1, -1, -1, 9, 6, -1, -1, -1, -1, 11, 8, -1, -1, -1, -1, 10, -1, -1, -1, -1, -1, -1, -1, -1, -1, -1, -1, -1, -1, -1, -1, -1, -1, -1, -1, -1, -1]
[-1, 7, 5, 1, -1, -1, 6, 4, 2, 0, -1, -1, -1, 9, 3, -1, -1, -1, 11, 8, -1, -1, -1, -1, -1, 10, -1, -1, -1, -1, -1, -1, -1, -1, -1, -1, -1, -1, -1, -1, -1, -1, -1, -1, -1, -1, -1, -1, -1, -1, -1, -1, -1, -1]
[-1, -1, 7, 3, 1, -1, -1, 6, 4, 2, 0, -1, -1, 9, 5, -1, -1, -1, 11, 8, -1, -1, -1, -1, -1, 10, -1, -1, -1, -1, -1, -1, -1, -1, -1, -1, -1, -1, -1, -1, -1, -1, -1, -1, -1, -1, -1, -1, -1, -1, -1, -1, -1, -1]
[2, 6, -1, -1, -1, 1, 5, -1, -1, -1, -1, 0, 4, -1, -1, -1, -1, 3, -1, -1, -1, -1, -1, 7, 9, -1, -1, -1, -1, 8, -1, -1, -1, -1, -1, 10, -1, -1, -1, -1, -1, 11, -1, -1, -1, -1, -1, -1, -1, -1, -1, -1, -1, -1]
[2, 4, -1, -1, -1, 1, 3, -1, -1, -1, -1, 6, 0, -1, -1, -1, -1, 5, -1, -1, -1, -1, -1, 7, 9, -1, -1, -1, -1, 8, -1, -1, -1, -1, -1, 10, -1, -1, -1, -1, -1, 11, -1, -1, -1, -1, -1, -1, -1, -1, -1, -1, -1, -1]
[4, 2, 6, -1, -1, 3, 1, 5, -1, -1, -1, 11, 8, 0, -1, -1, -1, 10, 7, -1, -1, -1, -1, -1, 9, -1, -1, -1, -1, -1, -1, -1, -1, -1, -1, -1, -1, -1, -1, -1, -1, -1, -1, -1, -1, -1, -1, -1, -1, -1, -1, -1, -1, -1]
[6, 4, 2, -1, -1, 5, 3, 1, 7, -1, -1, -1, -1, 9, 0, -1, -1, -1, 11, 8, -1, -1, -1, -1, -1, 10, -1, -1, -1, -1, -1, -1, -1, -1, -1, -1, -1, -1, -1, -1, -1, -1, -1, -1, -1, -1, -1, -1, -1, -1, -1, -1, -1, -1]
[-1, -1, -1, 2, 4, -1, -1, -1, 1, 3, 5, -1, -1, -1, -1, 0, 6, -1, -1, -1, 9, 7, -1, -1, -1, -1, 11, 8, -1, -1, -1, -1, 10, -1, -1, -1, -1, -1, -1, -1, -1, -1, -1, -1, -1, -1, -1, -1, -1, -1, -1, -1, -1, -1]
[-1, -1, 6, 2, -1, -1, 7, 5, 3, 1, 8, -1, -1, 10, 4, -1, 0, -1, 11, 9, -1, -1, -1, -1, -1, -1, -1, -1, -1, -1, -1, -1, -1, -1, -1, -1, -1, -1, -1, -1, -1, -1, -1, -1, -1, -1, -1, -1, -1, -1, -1, -1, -1, -1]
[3, 6, -1, -1, -1, 2, 5, -1, -1, -1, -1, 1, 4, -1, -1, -1, -1, 0, -1, -1, -1, -1, -1, 7, 9, -1, -1, -1, -1, 8, -1, -1, -1, -1, -1, 10, -1, -1, -1, -1, -1, 11, -1, -1, -1, -1, -1, -1, -1, -1, -1, -1, -1, -1]
[3, 6, -1, -1, -1, 2, 5, -1, -1, -1, -1, -1, 1, 4, -1, -1, -1, 8, 0, -1, -1, -1, -1, 10, 7, -1, -1, -1, -1, 9, -1, -1, -1, -1, -1, 11, -1, -1, -1, -1, -1, -1, -1, -1, -1, -1, -1, -1, -1, -1, -1, -1, -1, -1]
[5, 3, -1, -1, -1, 4, 2, 7, -1, -1, -1, -1, -1, 1, 6, -1, -1, -1, 9, 0, -1, -1, -1, -1, 11, 8, -1, -1, -1, -1, 10, -1, -1, -1, -1, -1, -1, -1, -1, -1, -1, -1, -1, -1, -1, -1, -1, -1, -1, -1, -1, -1, -1, -1]
[7, 5, 3, 11, -1, 6, 4, 2, 9, 10, -1, -1, -1, -1, 1, 8, -1, -1, -1, -1, 0, -1, -1, -1, -1, -1, -1, -1, -1, -1, -1, -1, -1, -1, -1, -1, -1, -1, -1, -1, -1, -1, -1, -1, -1, -1, -1, -1, -1, -1, -1, -1, -1, -1]
[-1, -1, -1, 3, 5, -1, -1, -1, 2, 4, 6, -1, -1, -1, -1, 1, 7, -1, -1, -1, 9, 0, -1, -1, -1, -1, 11, 8, -1, -1, -1, -1, 10, -1, -1, -1, -1, -1, -1, -1, -1, -1, -1, -1, -1, -1, -1, -1, -1, -1, -1, -1, -1, -1]
[-1, -1, 7, 3, -1, -1, -1, 6, 4, 2, -1, -1, -1, -1, 5, -1, 1, -1, -1, -1, -1, 9, 0, -1, -1, -1, -1, 11, 8, -1, -1, -1, -1, 10, -1, -1, -1, -1, -1, -1, -1, -1, -1, -1, -1, -1, -1, -1, -1, -1, -1, -1, -1, -1]
[4, -1, -1, -1, -1, 3, -1, -1, -1, -1, -1, 2, -1, -1, -1, -1, -1, 1, 7, -1, -1, -1, -1, 0, 6, -1, -1, -1, -1, 5, 11, -1, -1, -1, -1, 8, 10, -1, -1, -1, -1, 9, -1, -1, -1, -1, -1, -1, -1, -1, -1, -1, -1, -1]
[4, -1, -1, -1, -1, 3, 7, -1, -1, -1, -1, 2, 6, -1, -1, -1, -1, 1, 5, -1, -1, -1, -1, 9, 0, -1, -1, -1, -1, 8, -1, -1, -1, -1, -1, 10, -1, -1, -1, -1, -1, 11, -1, -1, -1, -1, -1, -1, -1, -1, -1, -1, -1, -1]
[4, -1, -1, -1, -1, 3, 7, -1, -1, -1, -1, -1, 2, 6, -1, -1, -1, -1, 1, 5, -1, -1, -1, -1, 9, 0, -1, -1, -1, 11, 8, -1, -1, -1, -1, -1, 10, -1, -1, -1, -1, -1, -1, -1, -1, -1, -1, -1, -1, -1, -1, -1, -1, -1]
[6, 4, -1, -1, -1, 5, 3, -1, -1, -1, -1, -1, -1, 2, -1, -1, -1, -1, -1, 1, 7, -1, -1, -1, -1, 9, 0, -1, -1, -1, 11, 8, -1, -1, -1, -1, -1, 10, -1, -1, -1, -1, -1, -1, -1, -1, -1, -1, -1, -1, -1, -1, -1, -1]
[-1, 6, 4, -1, -1, 7, 5, 3, -1, 11, -1, -1, -1, -1, 2, 9, 10, -1, -1, -1, 1, 8, -1, -1, -1, -1, -1, 0, -1, -1, -1, -1, -1, -1, -1, -1, -1, -1, -1, -1, -1, -1, -1, -1, -1, -1, -1, -1, -1, -1, -1, -1, -1, -1]
[-1, -1, -1, 4, 6, -1, -1, 11, 3, 5, 7, -1, -1, -1, 10, 2, 9, -1, -1, -1, -1, 1, 8, -1, -1, -1, -1, -1, 0, -1, -1, -1, -1, -1, -1, -1, -1, -1, -1, -1, -1, -1, -1, -1, -1, -1, -1, -1, -1, -1, -1, -1, -1, -1]
[5, -1, -1, -1, -1, 4, -1, -1, -1, -1, -1, 3, -1, -1, -1, -1, -1, 2, 7, -1, -1, -1, -1, 1, 6, -1, -1, -1, -1, 0, 11, -1, -1, -1, -1, 8, 10, -1, -1, -1, -1, 9, -1, -1, -1, -1, -1, -1, -1, -1, -1, -1, -1, -1]
[5, -1, -1, -1, -1, 4, -1, -1, -1, -1, -1, 3, -1, -1, -1, -1, -1, 2, 7, -1, -1, -1, -1, -1, 1, 6, -1, -1, -1, 9, 0, -1, -1, -1, -1, 11, 8, -1, -1, -1, -1, 10, -1, -1, -1, -1, -1, -1, -1, -1, -1, -1, -1, -1]
[5, -1, -1, -1, -1, 4, -1, -1, -1, -1, -1, -1, 3, -1, -1, -1, -1, -1, 2, 7, -1, -1, -1, -1, -1, 1, 6, -1, -1, -1, 9, 0, -1, -1, -1, -1, 11, 8, -1, -1, -1, -1, 10, -1, -1, -1, -1, -1, -1, -1, -1, -1, -1, -1]
[7, 5, -1, -1, -1, 6, 4, -1, -1, -1, -1, -1, -1, 3, -1, 11, -1, -1, -1, 2, 9, 10, -1, -1, -1, -1, 1, 8, -1, -1, -1, -1, 0, -1, -1, -1, -1, -1, -1, -1, -1, -1, -1, -1, -1, -1, -1, -1, -1, -1, -1, -1, -1, -1]
[-1, 7, 5, -1, -1, -1, 6, 4, -1, -1, -1, -1, -1, -1, 3, -1, 11, -1, -1, -1, 2, 9, 10, -1, -1, -1, -1, 1, 8, -1, -1, -1, -1, 0, -1, -1, -1, -1, -1, -1, -1, -1, -1, -1, -1, -1, -1, -1, -1, -1, -1, -1, -1, -1]
[-1, -1, -1, 5, 7, -1, -1, -1, 4, 6, -1, -1, -1, -1, -1, 3, -1, -1, -1, -1, -1, 2, -1, -1, -1, -1, -1, -1, 1, -1, -1, -1, -1, 9, 0, -1, -1, -1, -1, 11, 8, -1, -1, -1, -1, 10, -1, -1, -1, -1, -1, -1, -1, -1]
[6, -1, -1, -1, -1, 5, -1, -1, -1, -1, -1, 4, -1, -1, -1, -1, -1, 3, -1, -1, -1, -1, -1, 2, -1, -1, -1, -1, -1, 1, -1, -1, -1, -1, -1, 0, 8, -1, -1, -1, -1, 7, 11, -1, -1, -1, -1, 9, 10, -1, -1, -1, -1, -1]
[6, -1, -1, -1, -1, 5, -1, -1, -1, -1, -1, 4, -1, -1, -1, -1, -1, 3, -1, -1, -1, -1, -1, 2, -1, -1, -1, -1, -1, 1, 7, -1, -1, -1, -1, 9, 0, -1, -1, -1, -1, 8, -1, -1, -1, -1, -1, 10, 11, -1, -1, -1, -1, -1]
[6, -1, -1, -1, -1, 5, -1, -1, -1, -1, -1, 4, -1, -1, -1, -1, -1, 3, -1, -1, -1, -1, -1, -1, 2, -1, -1, -1, -1, -1, 1, 7, -1, -1, -1, -1, 9, 0, -1, -1, -1, 11, 8, -1, -1, -1, -1, -1, 10, -1, -1, -1, -1, -1]
[6, -1, -1, -1, -1, 5, -1, -1, -1, -1, -1, -1, 4, -1, -1, -1, -1, -1, 3, -1, -1, -1, -1, -1, -1, 2, -1, -1, -1, -1, -1, 1, 7, -1, -1, -1, -1, 9, 0, -1, -1, -1, 11, 8, -1, -1, -1, -1, -1, 10, -1, -1, -1, -1]
[-1, 6, -1, -1, -1, 7, 5, -1, -1, -1, -1, -1, -1, 4, -1, -1, -1, -1, -1, 3, -1, 11, -1, -1, -1, -1, 2, 9, 10, -1, -1, -1, 1, 8, -1, -1, -1, -1, -1, 0, -1, -1, -1, -1, -1, -1, -1, -1, -1, -1, -1, -1, -1, -1]
[-1, -1, 6, -1, -1, -1, 7, 5, -1, -1, -1, -1, -1, -1, 4, 11, -1, -1, -1, -1, 3, 10, -1, -1, -1, -1, -1, 2, 9, -1, -1, -1, -1, 1, 8, -1, -1, -1, -1, -1, 0, -1, -1, -1, -1, -1, -1, -1, -1, -1, -1, -1, -1, -1]
[7, -1, -1, -1, -1, 6, -1, -1, -1, -1, -1, 5, -1, -1, -1, -1, -1, 4, -1, -1, -1, -1, -1, 3, -1, -1, -1, -1, -1, 2, 9, -1, -1, -1, -1, 1, 8, 11, -1, -1, -1, 0, 10, -1, -1, -1, -1, -1, -1, -1, -1, -1, -1, -1]
[7, -1, -1, -1, -1, 6, -1, -1, -1, -1, -1, 5, -1, -1, -1, -1, -1, 4, -1, -1, -1, -1, -1, 3, -1, 11, -1, -1, -1, 2, 9, 10, -1, -1, -1, -1, 1, 8, -1, -1, -1, -1, 0, -1, -1, -1, -1, -1, -1, -1, -1, -1, -1, -1]
[7, -1, -1, -1, -1, 6, -1, -1, -1, -1, -1, 5, -1, -1, -1, -1, -1, 4, -1, -1, -1, -1, -1, -1, 3, -1, 11, -1, -1, -1, 2, 9, 10, -1, -1, -1, -1, 1, 8, -1, -1, -1, -1, 0, -1, -1, -1, -1, -1, -1, -1, -1, -1, -1]
[7, -1, -1, -1, -1, 6, -1, -1, -1, -1, -1, -1, 5, -1, -1, -1, -1, -1, 4, -1, -1, -1, -1, -1, -1, 3, -1, 11, -1, -1, -1, 2, 9, 10, -1, -1, -1, -1, 1, 8, -1, -1, -1, -1, 0, -1, -1, -1, -1, -1, -1, -1, -1, -1]
[-1, 7, -1, -1, -1, -1, 6, -1, -1, -1, -1, -1, -1, 5, -1, -1, -1, -1, -1, 4, -1, -1, -1, -1, -1, -1, 3, -1, 11, -1, -1, -1, 2, 9, 10, -1, -1, -1, -1, 1, 8, -1, -1, -1, -1, 0, -1, -1, -1, -1, -1, -1, -1, -1]
[-1, -1, 7, -1, -1, -1, -1, 6, -1, -1, -1, -1, -1, -1, 5, -1, -1, -1, -1, -1, 4, -1, -1, -1, -1, -1, -1, 3, -1, -1, -1, -1, 11, 2, 8, -1, -1, -1, -1, 10, 1, -1, -1, -1, -1, 9, 0, -1, -1, -1, -1, -1, -1, -1]
[-1, -1, -1, -1, -1, 7, -1, -1, -1, -1, -1, 6, -1, -1, -1, -1, -1, 5, -1, -1, -1, -1, -1, 4, -1, -1, -1, -1, -1, 3, 11, -1, -1, -1, -1, 2, 9, 10, -1, -1, -1, 1, 8, -1, -1, -1, -1, -1, 0, -1, -1, -1, -1, -1]
[-1, -1, -1, -1, -1, 7, -1, -1, -1, -1, -1, 6, -1, -1, -1, -1, -1, 5, -1, -1, -1, -1, -1, 4, -1, -1, -1, -1, -1, 3, -1, 11, -1, -1, -1, -1, 2, 9, 10, -1, -1, -1, 1, 8, -1, -1, -1, -1, -1, 0, -1, -1, -1, -1]
[-1, -1, -1, -1, -1, 7, -1, -1, -1, -1, -1, 6, -1, -1, -1, -1, -1, 5, -1, -1, -1, -1, -1, -1, 4, -1, -1, -1, -1, -1, 3, -1, 11, -1, -1, -1, -1, 2, 9, 10, -1, -1, -1, 1, 8, -1, -1, -1, -1, -1, 0, -1, -1, -1]
[-1, -1, -1, -1, -1, 7, -1, -1, -1, -1, -1, -1, 6, -1, -1, -1, -1, -1, 5, -1, -1, -1, -1, -1, -1, 4, -1, -1, -1, -1, -1, 3, -1, 11, -1, -1, -1, -1, 2, 9, 10, -1, -1, -1, 1, 8, -1, -1, -1, -1, -1, 0, -1, -1]
[-1, -1, -1, -1, -1, -1, 7, -1, -1, -1, -1, -1, -1, 6, -1, -1, -1, -1, -1, 5, -1, -1, -1, -1, -1, -1, 4, 11, -1, -1, -1, -1, 3, 10, -1, -1, -1, -1, -1, 2, 9, -1, -1, -1, -1, 1, 8, -1, -1, -1, -1, -1, 0, -1]
