[5, 3, 1, -1, -1, 4, 2, 0, -1, -1, -1, 8, 6, -1, -1, -1, -1, 7, -1, -1, -1, -1, -1, 9, -1, -1, -1, -1, -1, -1, -1, -1, -1, -1, -1, -1, -1, -1, -1, -1, -1, -1, -1, -1, -1, -1, -1, -1, -1, -1, -1, -1, -1, -1]
[2, 0, -1, -1, -1, 1, -1, -1, -1, -1, -1, 3, 5, -1, -1, -1, -1, 4, 9, -1, -1, -1, -1, 6, 8, -1, -1, -1, -1, 7, -1, -1, -1, -1, -1, -1, -1, -1, -1, -1, -1, -1, -1, -1, -1, -1, -1, -1, -1, -1, -1, -1, -1, -1]
[4, 2, 0, -1, -1, 3, 1, -1, -1, -1, -1, 7, 5, 9, -1, -1, -1, 6, 8, -1, -1, -1, -1, -1, -1, -1, -1, -1, -1, -1, -1, -1, -1, -1, -1, -1, -1, -1, -1, -1, -1, -1, -1, -1, -1, -1, -1, -1, -1, -1, -1, -1, -1, -1]
[-1, -1, 4, 0, -1, -1, 5, 3, 1, -1, -1, -1, 9, 7, 2, -1, -1, -1, 8, 6, -1, -1, -1, -1, -1, -1, -1, -1, -1, -1, -1, -1, -1, -1, -1, -1, -1, -1, -1, -1, -1, -1, -1, -1, -1, -1, -1, -1, -1, -1, -1, -1, -1, -1]
[-1, -1, -1, 2, 0, -1, -1, 5, 3, 1, -1, -1, -1, 7, 4, 9, -1, -1, -1, 6, 8, -1, -1, -1, -1, -1, -1, -1, -1, -1, -1, -1, -1, -1, -1, -1, -1, -1, -1, -1, -1, -1, -1, -1, -1, -1, -1, -1, -1, -1, -1, -1, -1, -1]
[1, 2, 4, -1, -1, 0, 3, 5, -1, -1, -1, -1, 8, 6, -1, -1, -1, 9, 7, -1, -1, -1, -1, -1, -1, -1, -1, -1, -1, -1, -1, -1, -1, -1, -1, -1, -1, -1, -1, -1, -1, -1, -1, -1, -1, -1, -1, -1, -1, -1, -1, -1, -1, -1]
[3, 1, 4, -1, -1, 2, 0, 5, -1, -1, -1, -1, 8, 6, -1, -1, -1, 9, 7, -1, -1, -1, -1, -1, -1, -1, -1, -1, -1, -1, -1, -1, -1, -1, -1, -1, -1, -1, -1, -1, -1, -1, -1, -1, -1, -1, -1, -1, -1, -1, -1, -1, -1, -1]
[5, 3, 1, -1, -1, 4, 2, 0, -1, -1, -1, 8, 6, -1, -1, -1, -1, 7, -1, -1, -1, -1, -1, 9, -1, -1, -1, -1, -1, -1, -1, -1, -1, -1, -1, -1, -1, -1, -1, -1, -1, -1, -1, -1, -1, -1, -1, -1, -1, -1, -1, -1, -1, -1]
[-1, -1, -1, 1, 3, -1, -1, -1, 0, 2, 4, -1, -1, -1, -1, 7, 5, -1, -1, -1, -1, 6, 8, -1, -1, -1, -1, -1, 9, -1, -1, -1, -1, -1, -1, -1, -1, -1, -1, -1, -1, -1, -1, -1, -1, -1, -1, -1, -1, -1, -1, -1, -1, -1]
[-1, 9, 5, 1, -1, -1, 8, 4, 2, 0, -1, -1, -1, 7, 3, -1, -1, -1, -1, 6, -1, -1, -1, -1, -1, -1, -1, -1, -1, -1, -1, -1, -1, -1, -1, -1, -1, -1, -1, -1, -1, -1, -1, -1, -1, -1, -1, -1, -1, -1, -1, -1, -1, -1]
[-1, -1, -1, 3, 1, -1, 9, 6, 4, 2, 0, -1, -1, 8, 5, -1, -1, -1, -1, 7, -1, -1, -1, -1, -1, -1, -1, -1, -1, -1, -1, -1, -1, -1, -1, -1, -1, -1, -1, -1, -1, -1, -1, -1, -1, -1, -1, -1, -1, -1, -1, -1, -1, -1]
[2, -1, -1, -1, -1, 1, 5, -1, -1, -1, -1, 0, 4, -1, -1, -1, -1, 3, 9, -1, -1, -1, -1, 6, 8, -1, -1, -1, -1, 7, -1, -1, -1, -1, -1, -1, -1, -1, -1, -1, -1, -1, -1, -1, -1, -1, -1, -1, -1, -1, -1, -1, -1, -1]
[2, 4, -1, -1, -1, 1, 3, -1, -1, -1, -1, 6, 0, -1, -1, -1, -1, 5, -1, -1, -1, -1, -1, 7, 9, -1, -1, -1, -1, 8, -1, -1, -1, -1, -1, -1, -1, -1, -1, -1, -1, -1, -1, -1, -1, -1, -1, -1, -1, -1, -1, -1, -1, -1]
[4, 2, 6, 9, -1, 3, 1, 5, 8, -1, -1, -1, -1, 0, 7, -1, -1, -1, -1, -1, -1, -1, -1, -1, -1, -1, -1, -1, -1, -1, -1, -1, -1, -1, -1, -1, -1, -1, -1, -1, -1, -1, -1, -1, -1, -1, -1, -1, -1, -1, -1, -1, -1, -1]
[-1, 4, 2, -1, -1, 5, 3, 1, -1, -1, -1, -1, 8, 6, 0, -1, -1, 9, 7, -1, -1, -1, -1, -1, -1, -1, -1, -1, -1, -1, -1, -1, -1, -1, -1, -1, -1, -1, -1, -1, -1, -1, -1, -1, -1, -1, -1, -1, -1, -1, -1, -1, -1, -1]
[-1, -1, -1, 2, 4, -1, -1, -1, 1, 3, 5, -1, -1, -1, -1, 0, 6, -1, -1, -1, 9, 7, -1, -1, -1, -1, -1, 8, -1, -1, -1, -1, -1, -1, -1, -1, -1, -1, -1, -1, -1, -1, -1, -1, -1, -1, -1, -1, -1, -1, -1, -1, -1, -1]
[-1, -1, -1, 2, -1, -1, -1, 5, 3, 1, -1, -1, -1, 7, 4, 9, 0, -1, -1, 6, 8, -1, -1, -1, -1, -1, -1, -1, -1, -1, -1, -1, -1, -1, -1, -1, -1, -1, -1, -1, -1, -1, -1, -1, -1, -1, -1, -1, -1, -1, -1, -1, -1, -1]
[3, -1, 9, -1, -1, 2, 5, 8, -1, -1, -1, 1, 4, 7, -1, -1, -1, 0, 6, -1, -1, -1, -1, -1, -1, -1, -1, -1, -1, -1, -1, -1, -1, -1, -1, -1, -1, -1, -1, -1, -1, -1, -1, -1, -1, -1, -1, -1, -1, -1, -1, -1, -1, -1]
[3, -1, -1, -1, -1, 2, 5, 6, 9, -1, -1, -1, 1, 4, 8, -1, -1, -1, 0, 7, -1, -1, -1, -1, -1, -1, -1, -1, -1, -1, -1, -1, -1, -1, -1, -1, -1, -1, -1, -1, -1, -1, -1, -1, -1, -1, -1, -1, -1, -1, -1, -1, -1, -1]
[5, 3, 7, -1, -1, 4, 2, 6, -1, -1, -1, 8, -1, 1, -1, -1, -1, 9, -1, 0, -1, -1, -1, -1, -1, -1, -1, -1, -1, -1, -1, -1, -1, -1, -1, -1, -1, -1, -1, -1, -1, -1, -1, -1, -1, -1, -1, -1, -1, -1, -1, -1, -1, -1]
[-1, 5, 3, 7, -1, 9, 4, 2, 6, -1, -1, -1, 8, -1, 1, -1, -1, -1, -1, -1, 0, -1, -1, -1, -1, -1, -1, -1, -1, -1, -1, -1, -1, -1, -1, -1, -1, -1, -1, -1, -1, -1, -1, -1, -1, -1, -1, -1, -1, -1, -1, -1, -1, -1]
[-1, -1, 9, 3, 5, -1, -1, 8, 2, 4, -1, -1, -1, -1, 7, 1, -1, -1, -1, -1, 6, 0, -1, -1, -1, -1, -1, -1, -1, -1, -1, -1, -1, -1, -1, -1, -1, -1, -1, -1, -1, -1, -1, -1, -1, -1, -1, -1, -1, -1, -1, -1, -1, -1]
[-1, -1, -1, 3, -1, -1, -1, 7, 4, 2, 6, -1, -1, 9, 5, -1, 1, -1, -1, 8, -1, -1, 0, -1, -1, -1, -1, -1, -1, -1, -1, -1, -1, -1, -1, -1, -1, -1, -1, -1, -1, -1, -1, -1, -1, -1, -1, -1, -1, -1, -1, -1, -1, -1]
[4, -1, -1, -1, -1, 3, -1, -1, -1, -1, -1, 2, -1, -1, -1, -1, -1, 1, -1, -1, -1, -1, -1, 0, 6, -1, -1, -1, -1, 5, -1, -1, -1, -1, -1, 7, 9, -1, -1, -1, -1, 8, -1, -1, -1, -1, -1, -1, -1, -1, -1, -1, -1, -1]
[4, -1, -1, -1, -1, 3, -1, -1, -1, -1, -1, 2, 6, 7, -1, -1, -1, 1, 5, 9, -1, -1, -1, -1, 0, 8, -1, -1, -1, -1, -1, -1, -1, -1, -1, -1, -1, -1, -1, -1, -1, -1, -1, -1, -1, -1, -1, -1, -1, -1, -1, -1, -1, -1]
[4, -1, -1, -1, -1, 3, -1, -1, -1, -1, -1, -1, 2, 6, 7, -1, -1, -1, 1, 5, 9, -1, -1, -1, -1, 0, 8, -1, -1, -1, -1, -1, -1, -1, -1, -1, -1, -1, -1, -1, -1, -1, -1, -1, -1, -1, -1, -1, -1, -1, -1, -1, -1, -1]
[-1, 4, 8, -1, -1, 5, 3, 7, -1, -1, -1, -1, -1, 2, 6, -1, -1, -1, -1, 1, 9, -1, -1, -1, -1, -1, 0, -1, -1, -1, -1, -1, -1, -1, -1, -1, -1, -1, -1, -1, -1, -1, -1, -1, -1, -1, -1, -1, -1, -1, -1, -1, -1, -1]
[-1, -1, 4, 8, -1, -1, 5, 3, 7, 9, -1, -1, -1, -1, 2, 6, -1, -1, -1, -1, 1, -1, -1, -1, -1, -1, -1, 0, -1, -1, -1, -1, -1, -1, -1, -1, -1, -1, -1, -1, -1, -1, -1, -1, -1, -1, -1, -1, -1, -1, -1, -1, -1, -1]
[-1, -1, -1, 4, 8, -1, -1, -1, 3, 5, 7, -1, -1, -1, -1, 2, 6, -1, -1, -1, -1, 1, 9, -1, -1, -1, -1, -1, 0, -1, -1, -1, -1, -1, -1, -1, -1, -1, -1, -1, -1, -1, -1, -1, -1, -1, -1, -1, -1, -1, -1, -1, -1, -1]
[5, 8, -1, -1, -1, 4, 7, -1, -1, -1, -1, 3, 6, -1, -1, -1, -1, 2, -1, -1, -1, -1, -1, 1, 9, -1, -1, -1, -1, 0, -1, -1, -1, -1, -1, -1, -1, -1, -1, -1, -1, -1, -1, -1, -1, -1, -1, -1, -1, -1, -1, -1, -1, -1]
[5, 9, -1, -1, -1, 4, 8, -1, -1, -1, -1, 3, 7, -1, -1, -1, -1, 2, 6, -1, -1, -1, -1, -1, 1, -1, -1, -1, -1, -1, 0, -1, -1, -1, -1, -1, -1, -1, -1, -1, -1, -1, -1, -1, -1, -1, -1, -1, -1, -1, -1, -1, -1, -1]
[5, 9, -1, -1, -1, 4, 8, -1, -1, -1, -1, -1, 3, 7, -1, -1, -1, -1, 2, 6, -1, -1, -1, -1, -1, 1, -1, -1, -1, -1, -1, 0, -1, -1, -1, -1, -1, -1, -1, -1, -1, -1, -1, -1, -1, -1, -1, -1, -1, -1, -1, -1, -1, -1]
[-1, 5, 9, -1, -1, -1, 4, 8, -1, -1, -1, -1, -1, 3, 7, -1, -1, -1, -1, 2, 6, -1, -1, -1, -1, -1, 1, -1, -1, -1, -1, -1, 0, -1, -1, -1, -1, -1, -1, -1, -1, -1, -1, -1, -1, -1, -1, -1, -1, -1, -1, -1, -1, -1]
[-1, -1, 5, 9, -1, -1, -1, 4, 8, -1, -1, -1, -1, -1, 3, 7, -1, -1, -1, -1, 2, 6, -1, -1, -1, -1, -1, 1, -1, -1, -1, -1, -1, 0, -1, -1, -1, -1, -1, -1, -1, -1, -1, -1, -1, -1, -1, -1, -1, -1, -1, -1, -1, -1]
[-1, -1, -1, 5, 9, -1, -1, -1, 4, 8, -1, -1, -1, -1, -1, 3, 7, -1, -1, -1, -1, 2, 6, -1, -1, -1, -1, -1, 1, -1, -1, -1, -1, -1, 0, -1, -1, -1, -1, -1, -1, -1, -1, -1, -1, -1, -1, -1, -1, -1, -1, -1, -1, -1]
[-1, -1, -1, -1, -1, 5, 9, -1, -1, -1, -1, 4, 8, -1, -1, -1, -1, 3, 7, -1, -1, -1, -1, 2, 6, -1, -1, -1, -1, 1, -1, -1, -1, -1, -1, 0, -1, -1, -1, -1, -1, -1, -1, -1, -1, -1, -1, -1, -1, -1, -1, -1, -1, -1]
[-1, -1, -1, -1, -1, 5, 9, -1, -1, -1, -1, 4, 8, -1, -1, -1, -1, 3, 7, -1, -1, -1, -1, 2, 6, -1, -1, -1, -1, 1, -1, -1, -1, -1, -1, -1, 0, -1, -1, -1, -1, -1, -1, -1, -1, -1, -1, -1, -1, -1, -1, -1, -1, -1]
[-1, -1, -1, -1, -1, 5, 9, -1, -1, -1, -1, 4, 8, -1, -1, -1, -1, 3, 7, -1, -1, -1, -1, -1, 2, 6, -1, -1, -1, -1, 1, -1, -1, -1, -1, -1, -1, 0, -1, -1, -1, -1, -1, -1, -1, -1, -1, -1, -1, -1, -1, -1, -1, -1]
[-1, -1, -1, -1, -1, 5, 9, -1, -1, -1, -1, -1, 4, 8, -1, -1, -1, -1, 3, 7, -1, -1, -1, -1, -1, 2, 6, -1, -1, -1, -1, 1, -1, -1, -1, -1, -1, -1, 0, -1, -1, -1, -1, -1, -1, -1, -1, -1, -1, -1, -1, -1, -1, -1]
[-1, -1, -1, -1, -1, -1, 5, 9, -1, -1, -1, -1, -1, 4, 8, -1, -1, -1, -1, 3, 7, -1, -1, -1, -1, -1, 2, 6, -1, -1, -1, -1, 1, -1, -1, -1, -1, -1, -1, 0, -1, -1, -1, -1, -1, -1, -1, -1, -1, -1, -1, -1, -1, -1]
[-1, -1, -1, -1, -1, -1, -1, 5, 9, -1, -1, -1, -1, -1, 4, 8, -1, -1, -1, -1, 3, 7, -1, -1, -1, -1, -1, 2, 6, -1, -1, -1, -1, 1, -1, -1, -1, -1, -1, -1, 0, -1, -1, -1, -1, -1, -1, -1, -1, -1, -1, -1, -1, -1]
[-1, -1, -1, -1, -1, 9, -1, -1, -1, -1, -1, 5, 8, -1, -1, -1, -1, 4, 7, -1, -1, -1, -1, 3, 6, -1, -1, -1, -1, 2, -1, -1, -1, -1, -1, 1, -1, -1, -1, -1, -1, 0, -1, -1, -1, -1, -1, -1, -1, -1, -1, -1, -1, -1]
[-1, -1, -1, -1, -1, -1, -1, -1, -1, -1, -1, 5, 9, -1, -1, -1, -1, 4, 8, -1, -1, -1, -1, 3, 7, -1, -1, -1, -1, 2, 6, -1, -1, -1, -1, -1, 1, -1, -1, -1, -1, -1, 0, -1, -1, -1, -1, -1, -1, -1, -1, -1, -1, -1]
[-1, -1, -1, -1, -1, -1, -1, -1, -1, -1, -1, 5, 9, -1, -1, -1, -1, 4, 8, -1, -1, -1, -1, -1, 3, 7, -1, -1, -1, -1, 2, 6, -1, -1, -1, -1, -1, 1, -1, -1, -1, -1, -1, 0, -1, -1, -1, -1, -1, -1, -1, -1, -1, -1]
[-1, -1, -1, -1, -1, -1, -1, -1, -1, -1, -1, -1, 5, 9, -1, -1, -1, -1, 4, 8, -1, -1, -1, -1, -1, 3, 7, -1, -1, -1, -1, 2, 6, -1, -1, -1, -1, -1, 1, -1, -1, -1, -1, -1, 0, -1, -1, -1, -1, -1, -1, -1, -1, -1]
[-1, -1, -1, -1, -1, -1, -1, -1, -1, -1, -1, -1, -1, 5, 9, -1, -1, -1, -1, 4, 8, -1, -1, -1, -1, -1, 3, 7, -1, -1, -1, -1, 2, 6, -1, -1, -1, -1, -1, 1, -1, -1, -1, -1, -1, 0, -1, -1, -1, -1, -1, -1, -1, -1]
[-1, -1, -1, -1, -1, -1, -1, -1, -1, -1, -1, -1, -1, -1, 5, 9, -1, -1, -1, -1, 4, 8, -1, -1, -1, -1, -1, 3, 7, -1, -1, -1, -1, 2, 6, -1, -1, -1, -1, -1, 1, -1, -1, -1, -1, -1, 0, -1, -1, -1, -1, -1, -1, -1]
[-1, -1, -1, -1, -1, -1, -1, -1, -1, -1, -1, -1, -1, -1, -1, -1, -1, 5, 9, -1, -1, -1, -1, 4, 8, -1, -1, -1, -1, 3, 7, -1, -1, -1, -1, 2, 6, -1, -1, -1, -1, 1, -1, -1, -1, -1, -1, -1, 0, -1, -1, -1, -1, -1]
[-1, -1, -1, -1, -1, -1, -1, -1, -1, -1, -1, -1, -1, -1, -1, -1, -1, 5, 9, -1, -1, -1, -1, 4, 8, -1, -1, -1, -1, 3, 7, -1, -1, -1, -1, -1, 2, 6, -1, -1, -1, -1, 1, -1, -1, -1, -1, -1, -1, 0, -1, -1, -1, -1]
[-1, -1, -1, -1, -1, -1, -1, -1, -1, -1, -1, -1, -1, -1, -1, -1, -1, 5, 9, -1, -1, -1, -1, -1, 4, 8, -1, -1, -1, -1, 3, 7, -1, -1, -1, -1, -1, 2, 6, -1, -1, -1, -1, 1, -1, -1, -1, -1, -1, -1, 0, -1, -1, -1]
[-1, -1, -1, -1, -1, -1, -1, -1, -1, -1, -1, -1, -1, -1, -1, -1, -1, -1, 5, 9, -1, -1, -1, -1, -1, 4, 8, -1, -1, -1, -1, 3, 7, -1, -1, -1, -1, -1, 2, 6, -1, -1, -1, -1, 1, -1, -1, -1, -1, -1, -1, 0, -1, -1]
[-1, -1, -1, -1, -1, -1, -1, -1, -1, -1, -1, -1, -1, -1, -1, -1, -1, -1, -1, 5, 9, -1, -1, -1, -1, -1, 4, 8, -1, -1, -1, -1, 3, 7, -1, -1, -1, -1, -1, 2, 6, -1, -1, -1, -1, 1, -1, -1, -1, -1, -1, -1, 0, -1]
