[-1, 9, 1, -1, -1, 7, 3, 0, -1, -1, -1, -1, 5, 2, -1, -1, -1, 8, 4, -1, -1, -1, -1, -1, 6, 10, -1, -1, -1, -1, -1, -1, -1, -1, -1, -1, -1, -1, -1, -1, -1, -1, -1, -1, -1, -1, -1, -1, -1, -1, -1, -1, -1, -1]
[1, 2, -1, -1, -1, 0, 7, -1, -1, -1, -1, 3, 5, -1, -1, -1, -1, 4, -1, -1, -1, -1, -1, 6, 9, -1, -1, -1, -1, 8, -1, -1, -1, -1, -1, 10, -1, -1, -1, -1, -1, -1, -1, -1, -1, -1, -1, -1, -1, -1, -1, -1, -1, -1]
[5, 1, 2, -1, -1, 4, 0, -1, -1, -1, -1, 6, 3, 8, -1, -1, -1, 7, 9, -1, -1, -1, -1, 10, -1, -1, -1, -1, -1, -1, -1, -1, -1, -1, -1, -1, -1, -1, -1, -1, -1, -1, -1, -1, -1, -1, -1, -1, -1, -1, -1, -1, -1, -1]
[-1, -1, -1, 2, -1, -1, 7, 3, 0, -1, -1, -1, -1, 5, 1, -1, -1, -1, 8, 4, 9, -1, -1, -1, -1, 6, 10, -1, -1, -1, -1, -1, -1, -1, -1, -1, -1, -1, -1, -1, -1, -1, -1, -1, -1, -1, -1, -1, -1, -1, -1, -1, -1, -1]
[-1, -1, -1, 1, 2, -1, -1, -1, 4, 0, -1, -1, -1, -1, 5, 3, -1, -1, -1, 9, 6, 7, -1, -1, -1, -1, 8, -1, -1, -1, -1, 10, -1, -1, -1, -1, -1, -1, -1, -1, -1, -1, -1, -1, -1, -1, -1, -1, -1, -1, -1, -1, -1, -1]
[0, 1, -1, -1, -1, 2, 7, -1, -1, -1, -1, 3, 5, -1, -1, -1, -1, 4, -1, -1, -1, -1, -1, 6, 9, -1, -1, -1, -1, 8, -1, -1, -1, -1, -1, 10, -1, -1, -1, -1, -1, -1, -1, -1, -1, -1, -1, -1, -1, -1, -1, -1, -1, -1]
[5, 0, 1, -1, -1, 4, 2, -1, -1, -1, -1, 6, 3, 8, -1, -1, -1, 7, 9, -1, -1, -1, -1, 10, -1, -1, -1, -1, -1, -1, -1, -1, -1, -1, -1, -1, -1, -1, -1, -1, -1, -1, -1, -1, -1, -1, -1, -1, -1, -1, -1, -1, -1, -1]
[-1, -1, 0, -1, -1, 7, 3, 2, -1, -1, -1, -1, 5, 1, -1, -1, -1, 8, 4, 9, -1, -1, -1, -1, 6, 10, -1, -1, -1, -1, -1, -1, -1, -1, -1, -1, -1, -1, -1, -1, -1, -1, -1, -1, -1, -1, -1, -1, -1, -1, -1, -1, -1, -1]
[-1, -1, -1, 0, -1, -1, 7, 3, 2, -1, -1, -1, -1, 5, 1, -1, -1, -1, 8, 4, 9, -1, -1, -1, -1, 6, 10, -1, -1, -1, -1, -1, -1, -1, -1, -1, -1, -1, -1, -1, -1, -1, -1, -1, -1, -1, -1, -1, -1, -1, -1, -1, -1, -1]
[-1, -1, -1, 0, 1, -1, -1, -1, 4, 2, 9, -1, -1, -1, 5, 3, -1, -1, -1, 10, 6, 7, -1, -1, -1, -1, 8, -1, -1, -1, -1, -1, -1, -1, -1, -1, -1, -1, -1, -1, -1, -1, -1, -1, -1, -1, -1, -1, -1, -1, -1, -1, -1, -1]
[-1, -1, -1, -1, 0, -1, -1, -1, 7, 3, 2, -1, -1, -1, -1, 5, 1, -1, -1, -1, 8, 4, 9, -1, -1, -1, -1, 6, 10, -1, -1, -1, -1, -1, -1, -1, -1, -1, -1, -1, -1, -1, -1, -1, -1, -1, -1, -1, -1, -1, -1, -1, -1, -1]
[-1, -1, -1, -1, -1, 0, 9, -1, -1, -1, -1, 2, 3, -1, -1, -1, -1, 1, 8, -1, -1, -1, -1, 4, 6, -1, -1, -1, -1, 5, -1, -1, -1, -1, -1, 7, -1, -1, -1, -1, -1, 10, -1, -1, -1, -1, -1, -1, -1, -1, -1, -1, -1, -1]
[-1, 9, -1, -1, -1, 0, 1, -1, -1, -1, -1, 4, 2, -1, -1, -1, -1, 3, -1, -1, -1, -1, -1, 5, 7, -1, -1, -1, -1, 6, -1, -1, -1, -1, -1, 8, -1, -1, -1, -1, -1, 10, -1, -1, -1, -1, -1, -1, -1, -1, -1, -1, -1, -1]
[-1, -1, -1, -1, -1, 5, 0, 1, -1, -1, -1, 8, 4, 2, -1, -1, -1, 6, 3, -1, -1, -1, -1, -1, 7, 9, -1, -1, -1, 10, -1, -1, -1, -1, -1, -1, -1, -1, -1, -1, -1, -1, -1, -1, -1, -1, -1, -1, -1, -1, -1, -1, -1, -1]
[-1, -1, -1, -1, -1, -1, 5, 0, 1, -1, -1, -1, 8, 4, 2, -1, -1, -1, 6, 3, -1, -1, -1, -1, -1, 7, 9, -1, -1, -1, 10, -1, -1, -1, -1, -1, -1, -1, -1, -1, -1, -1, -1, -1, -1, -1, -1, -1, -1, -1, -1, -1, -1, -1]
[-1, -1, -1, -1, -1, -1, -1, 5, 0, 1, -1, -1, -1, 8, 4, 2, -1, -1, -1, 6, 3, -1, -1, -1, -1, -1, 7, 9, -1, -1, -1, 10, -1, -1, -1, -1, -1, -1, -1, -1, -1, -1, -1, -1, -1, -1, -1, -1, -1, -1, -1, -1, -1, -1]
[-1, -1, -1, -1, -1, -1, -1, -1, 5, 0, 1, -1, -1, -1, 8, 4, 2, -1, -1, -1, 6, 3, -1, -1, -1, -1, -1, 7, 9, -1, -1, -1, 10, -1, -1, -1, -1, -1, -1, -1, -1, -1, -1, -1, -1, -1, -1, -1, -1, -1, -1, -1, -1, -1]
[-1, -1, -1, -1, -1, 9, -1, -1, -1, -1, -1, 0, 1, -1, -1, -1, -1, 2, 7, -1, -1, -1, -1, 3, 5, -1, -1, -1, -1, 4, -1, -1, -1, -1, -1, 6, 10, -1, -1, -1, -1, 8, -1, -1, -1, -1, -1, -1, -1, -1, -1, -1, -1, -1]
[-1, -1, -1, -1, -1, -1, -1, -1, -1, -1, -1, 5, 0, 1, -1, -1, -1, 4, 2, -1, -1, -1, -1, 6, 3, 8, -1, -1, -1, 7, 9, -1, -1, -1, -1, 10, -1, -1, -1, -1, -1, -1, -1, -1, -1, -1, -1, -1, -1, -1, -1, -1, -1, -1]
[-1, -1, -1, -1, -1, -1, -1, -1, -1, -1, -1, -1, 5, 0, 1, -1, -1, 8, 4, 2, -1, -1, -1, -1, 6, 3, -1, -1, -1, -1, 7, 9, -1, -1, -1, -1, 10, -1, -1, -1, -1, -1, -1, -1, -1, -1, -1, -1, -1, -1, -1, -1, -1, -1]
[-1, -1, -1, -1, -1, -1, -1, -1, -1, -1, -1, -1, -1, 5, 0, 1, -1, -1, 8, 4, 2, -1, -1, -1, -1, 6, 3, -1, -1, -1, -1, 7, 9, -1, -1, -1, -1, 10, -1, -1, -1, -1, -1, -1, -1, -1, -1, -1, -1, -1, -1, -1, -1, -1]
[-1, -1, -1, -1, -1, -1, -1, -1, -1, -1, -1, -1, -1, -1, 5, 0, 1, -1, -1, 8, 4, 2, -1, -1, -1, -1, 6, 3, -1, -1, -1, -1, 7, 9, -1, -1, -1, -1, 10, -1, -1, -1, -1, -1, -1, -1, -1, -1, -1, -1, -1, -1, -1, -1]
[-1, -1, -1, -1, -1, -1, -1, -1, -1, -1, -1, -1, -1, -1, -1, -1, 0, -1, -1, -1, 7, 3, 2, -1, -1, -1, -1, 5, 1, -1, -1, -1, 8, 4, 9, -1, -1, -1, -1, 6, 10, -1, -1, -1, -1, -1, -1, -1, -1, -1, -1, -1, -1, -1]
[-1, -1, -1, -1, -1, -1, -1, -1, -1, -1, -1, -1, -1, -1, -1, -1, -1, 0, 9, -1, -1, -1, -1, 2, 3, -1, -1, -1, -1, 1, 8, -1, -1, -1, -1, 4, 6, -1, -1, -1, -1, 5, -1, -1, -1, -1, -1, 7, 10, -1, -1, -1, -1, -1]
[-1, -1, -1, -1, -1, -1, -1, -1, -1, -1, -1, -1, 9, -1, -1, -1, -1, 0, 1, -1, -1, -1, -1, 4, 2, -1, -1, -1, -1, 3, 10, -1, -1, -1, -1, 5, 7, -1, -1, -1, -1, 6, -1, -1, -1, -1, -1, 8, -1, -1, -1, -1, -1, -1]
[-1, -1, -1, -1, -1, -1, -1, -1, -1, -1, -1, -1, -1, -1, -1, -1, -1, 5, 0, 1, -1, -1, -1, 8, 4, 2, -1, -1, -1, 6, 3, -1, -1, -1, -1, -1, 7, 9, -1, -1, -1, 10, -1, -1, -1, -1, -1, -1, -1, -1, -1, -1, -1, -1]
[-1, -1, -1, -1, -1, -1, -1, -1, -1, -1, -1, -1, -1, -1, -1, -1, -1, -1, 5, 0, 1, -1, -1, -1, 8, 4, 2, -1, -1, -1, 6, 3, -1, -1, -1, -1, -1, 7, 9, -1, -1, -1, 10, -1, -1, -1, -1, -1, -1, -1, -1, -1, -1, -1]
[-1, -1, -1, -1, -1, -1, -1, -1, -1, -1, -1, -1, -1, -1, -1, -1, -1, -1, -1, 5, 0, 1, -1, -1, -1, 8, 4, 2, -1, -1, -1, 6, 3, -1, -1, -1, -1, -1, 7, 9, -1, -1, -1, 10, -1, -1, -1, -1, -1, -1, -1, -1, -1, -1]
[-1, -1, -1, -1, -1, -1, -1, -1, -1, -1, -1, -1, -1, -1, -1, -1, -1, -1, -1, -1, 5, 0, 1, -1, -1, -1, 8, 4, 2, -1, -1, -1, 6, 3, -1, -1, -1, -1, -1, 7, 9, -1, -1, -1, 10, -1, -1, -1, -1, -1, -1, -1, -1, -1]
[-1, -1, -1, -1, -1, -1, -1, -1, -1, -1, -1, -1, -1, -1, -1, -1, -1, 8, 9, -1, -1, -1, -1, 0, 1, -1, -1, -1, -1, 2, 7, -1, -1, -1, -1, 3, 5, -1, -1, -1, -1, 4, -1, -1, -1, -1, -1, 6, 10, -1, -1, -1, -1, -1]
[-1, -1, -1, -1, -1, -1, -1, -1, -1, -1, -1, -1, -1, -1, -1, -1, -1, -1, -1, -1, -1, -1, -1, 5, 0, 1, -1, -1, -1, 4, 2, -1, -1, -1, -1, 6, 3, 8, -1, -1, -1, 7, 9, -1, -1, -1, -1, 10, -1, -1, -1, -1, -1, -1]
[-1, -1, -1, -1, -1, -1, -1, -1, -1, -1, -1, -1, -1, -1, -1, -1, -1, -1, -1, -1, -1, -1, -1, -1, 5, 0, 1, -1, -1, 8, 4, 2, -1, -1, -1, -1, 6, 3, -1, -1, -1, -1, 7, 9, -1, -1, -1, -1, 10, -1, -1, -1, -1, -1]
[-1, -1, -1, -1, -1, -1, -1, -1, -1, -1, -1, -1, -1, -1, -1, -1, -1, -1, -1, -1, -1, -1, -1, -1, -1, 5, 0, 1, -1, -1, 8, 4, 2, -1, -1, -1, -1, 6, 3, -1, -1, -1, -1, 7, 9, -1, -1, -1, -1, 10, -1, -1, -1, -1]
[-1, -1, -1, -1, -1, -1, -1, -1, -1, -1, -1, -1, -1, -1, -1, -1, -1, -1, -1, -1, -1, -1, -1, -1, -1, -1, 5, 0, 1, -1, -1, 8, 4, 2, -1, -1, -1, -1, 6, 3, -1, -1, -1, -1, 7, 9, -1, -1, -1, -1, 10, -1, -1, -1]
[-1, -1, -1, -1, -1, -1, -1, -1, -1, -1, -1, -1, -1, -1, -1, -1, -1, -1, -1, -1, -1, -1, -1, -1, -1, -1, -1, -1, 0, -1, -1, -1, 7, 3, 2, -1, -1, -1, 10, 5, 1, -1, -1, -1, 8, 4, 9, -1, -1, -1, -1, 6, -1, -1]
[-1, -1, -1, -1, -1, -1, -1, -1, -1, -1, -1, -1, -1, -1, -1, -1, -1, -1, -1, -1, -1, -1, -1, -1, -1, -1, -1, -1, -1, 0, 7, 10, -1, -1, -1, 2, 3, 8, -1, -1, -1, 1, 6, -1, -1, -1, -1, 4, 5, 9, -1, -1, -1, -1]
[-1, -1, -1, -1, -1, -1, -1, -1, -1, -1, -1, -1, -1, -1, -1, -1, -1, -1, -1, -1, -1, -1, -1, 7, 9, -1, -1, -1, -1, 0, 1, -1, -1, -1, -1, 4, 2, 10, -1, -1, -1, 3, 8, -1, -1, -1, -1, 5, 6, -1, -1, -1, -1, -1]
[-1, -1, -1, -1, -1, -1, -1, -1, -1, -1, -1, -1, -1, -1, -1, -1, -1, -1, -1, -1, -1, -1, -1, 10, -1, -1, -1, -1, -1, 5, 0, 1, -1, -1, -1, 8, 4, 2, -1, -1, -1, 6, 3, -1, -1, -1, -1, -1, 7, 9, -1, -1, -1, -1]
[-1, -1, -1, -1, -1, -1, -1, -1, -1, -1, -1, -1, -1, -1, -1, -1, -1, -1, -1, -1, -1, -1, -1, -1, -1, -1, -1, -1, -1, 10, 5, 0, 1, -1, -1, -1, 8, 4, 2, -1, -1, -1, 6, 3, -1, -1, -1, -1, -1, 7, 9, -1, -1, -1]
[-1, -1, -1, -1, -1, -1, -1, -1, -1, -1, -1, -1, -1, -1, -1, -1, -1, -1, -1, -1, -1, -1, -1, -1, -1, -1, -1, -1, -1, -1, 10, 5, 0, 1, -1, -1, -1, 8, 4, 2, -1, -1, -1, 6, 3, -1, -1, -1, -1, -1, 7, 9, -1, -1]
[-1, -1, -1, -1, -1, -1, -1, -1, -1, -1, -1, -1, -1, -1, -1, -1, -1, -1, -1, -1, -1, -1, -1, -1, -1, -1, -1, -1, 9, -1, -1, 10, 5, 0, 1, -1, -1, -1, 8, 4, 2, -1, -1, -1, 6, 3, -1, -1, -1, -1, -1, 7, -1, -1]
[-1, -1, -1, -1, -1, -1, -1, -1, -1, -1, -1, -1, -1, -1, -1, -1, -1, -1, -1, -1, -1, -1, -1, -1, -1, -1, -1, -1, -1, 9, 8, -1, -1, -1, -1, 0, 1, 6, -1, -1, -1, 2, 5, 10, -1, -1, -1, 3, 4, 7, -1, -1, -1, -1]
[-1, -1, -1, -1, -1, -1, -1, -1, -1, -1, -1, -1, -1, -1, -1, -1, -1, -1, -1, -1, -1, -1, -1, -1, -1, -1, -1, -1, -1, 7, 9, -1, -1, -1, -1, 5, 0, 1, -1, -1, -1, 4, 2, 10, -1, -1, -1, 6, 3, 8, -1, -1, -1, -1]
[-1, -1, -1, -1, -1, -1, -1, -1, -1, -1, -1, -1, -1, -1, -1, -1, -1, -1, -1, -1, -1, -1, -1, -1, -1, -1, -1, -1, -1, -1, 7, 9, -1, -1, -1, 10, 5, 0, 1, -1, -1, 8, 4, 2, -1, -1, -1, -1, 6, 3, -1, -1, -1, -1]
[-1, -1, -1, -1, -1, -1, -1, -1, -1, -1, -1, -1, -1, -1, -1, -1, -1, -1, -1, -1, -1, -1, -1, -1, -1, -1, -1, -1, -1, -1, -1, 7, 9, -1, -1, -1, 10, 5, 0, 1, -1, -1, 8, 4, 2, -1, -1, -1, -1, 6, 3, -1, -1, -1]
[-1, -1, -1, -1, -1, -1, -1, -1, -1, -1, -1, -1, -1, -1, -1, -1, -1, -1, -1, -1, -1, -1, -1, -1, -1, -1, -1, -1, -1, -1, -1, -1, 7, 9, -1, -1, -1, 10, 5, 0, 1, -1, -1, 8, 4, 2, -1, -1, -1, -1, 6, 3, -1, -1]
[-1, -1, -1, -1, -1, -1, -1, -1, -1, -1, -1, -1, -1, -1, -1, -1, -1, -1, -1, -1, -1, -1, -1, -1, -1, -1, -1, -1, 9, -1, -1, -1, 7, 1, 3, -1, -1, -1, 10, 5, 0, -1, -1, -1, 8, 4, 2, -1, -1, -1, -1, 6, -1, -1]
[-1, -1, -1, -1, -1, -1, -1, -1, -1, -1, -1, -1, -1, -1, -1, -1, -1, -1, -1, -1, -1, -1, -1, -1, -1, -1, -1, -1, -1, -1, 5, 6, -1, -1, -1, 7, 3, 4, -1, -1, -1, 0, 1, 10, -1, -1, -1, 8, 2, 9, -1, -1, -1, -1]
[-1, -1, -1, -1, -1, -1, -1, -1, -1, -1, -1, -1, -1, -1, -1, -1, -1, -1, -1, -1, -1, -1, -1, -1, -1, -1, -1, -1, -1, -1, -1, 5, 6, -1, -1, -1, 7, 3, 4, -1, -1, 10, 0, 1, -1, -1, -1, -1, 8, 2, 9, -1, -1, -1]
[-1, -1, -1, -1, -1, -1, -1, -1, -1, -1, -1, -1, -1, -1, -1, -1, -1, -1, -1, -1, -1, -1, -1, -1, -1, -1, -1, -1, -1, -1, -1, -1, 5, 6, -1, -1, -1, 7, 3, 4, -1, -1, 10, 0, 1, -1, -1, -1, -1, 8, 2, 9, -1, -1]
[-1, -1, -1, -1, -1, -1, -1, -1, -1, -1, -1, -1, -1, -1, -1, -1, -1, -1, -1, -1, -1, -1, -1, -1, -1, -1, -1, -1, -1, -1, -1, -1, 9, 5, 6, -1, -1, -1, 7, 3, 4, -1, -1, 10, 0, 1, -1, -1, -1, -1, 8, 2, -1, -1]
[-1, -1, -1, -1, -1, -1, -1, -1, -1, -1, -1, -1, -1, -1, -1, -1, -1, -1, -1, -1, -1, -1, -1, -1, -1, -1, -1, 8, -1, -1, -1, -1, 5, 6, 9, -1, -1, -1, -1, 4, 3, -1, -1, -1, 10, 0, 1, -1, -1, -1, -1, 7, 2, -1]
