[-1, -1, 1, -1, -1, -1, 3, 0, 7, -1, -1, -1, 8, 2, 6, -1, -1, -1, 4, 5, -1, -1, -1, -1, -1, 9, 10, -1, -1, -1, -1, -1, -1, -1, -1, -1, -1, -1, -1, -1, -1, -1, -1, -1, -1, -1, -1, -1, -1, -1, -1, -1, -1, -1]
[1, 2, -1, -1, -1, 0, 5, -1, -1, -1, -1, 3, 6, 9, -1, -1, -1, 4, 7, -1, -1, -1, -1, 8, 10, -1, -1, -1, -1, -1, -1, -1, -1, -1, -1, -1, -1, -1, -1, -1, -1, -1, -1, -1, -1, -1, -1, -1, -1, -1, -1, -1, -1, -1]
[8, 1, 2, -1, -1, 4, 0, -1, -1, -1, -1, 6, 3, 9, -1, -1, -1, 5, 7, -1, -1, -1, -1, 10, -1, -1, -1, -1, -1, -1, -1, -1, -1, -1, -1, -1, -1, -1, -1, -1, -1, -1, -1, -1, -1, -1, -1, -1, -1, -1, -1, -1, -1, -1]
[-1, -1, 1, -1, -1, -1, 3, 0, 7, -1, -1, -1, 8, 2, 6, -1, -1, -1, 4, 5, -1, -1, -1, -1, -1, 9, 10, -1, -1, -1, -1, -1, -1, -1, -1, -1, -1, -1, -1, -1, -1, -1, -1, -1, -1, -1, -1, -1, -1, -1, -1, -1, -1, -1]
[-1, -1, -1, 1, -1, -1, -1, 3, 0, 7, -1, -1, -1, 8, 2, 6, -1, -1, -1, 4, 5, -1, -1, -1, -1, -1, 9, 10, -1, -1, -1, -1, -1, -1, -1, -1, -1, -1, -1, -1, -1, -1, -1, -1, -1, -1, -1, -1, -1, -1, -1, -1, -1, -1]
[-1, -1, -1, 1, 2, -1, -1, 8, 4, 0, -1, -1, -1, -1, 6, 3, 9, -1, -1, -1, 5, 7, -1, -1, -1, -1, 10, -1, -1, -1, -1, -1, -1, -1, -1, -1, -1, -1, -1, -1, -1, -1, -1, -1, -1, -1, -1, -1, -1, -1, -1, -1, -1, -1]
[-1, -1, -1, -1, -1, 1, 2, -1, -1, -1, -1, 4, 0, -1, -1, -1, -1, 3, 10, -1, -1, -1, -1, 5, 7, -1, -1, -1, -1, 6, -1, -1, -1, -1, -1, 8, 9, -1, -1, -1, -1, -1, -1, -1, -1, -1, -1, -1, -1, -1, -1, -1, -1, -1]
[-1, -1, -1, -1, -1, -1, 1, 2, -1, -1, -1, 8, 4, 0, -1, -1, -1, 6, 3, 9, -1, -1, -1, -1, 5, 7, -1, -1, -1, 10, -1, -1, -1, -1, -1, -1, -1, -1, -1, -1, -1, -1, -1, -1, -1, -1, -1, -1, -1, -1, -1, -1, -1, -1]
[-1, -1, -1, -1, -1, -1, -1, 1, 2, -1, -1, -1, 8, 4, 0, -1, -1, -1, 6, 3, 9, -1, -1, -1, -1, 5, 7, -1, -1, -1, 10, -1, -1, -1, -1, -1, -1, -1, -1, -1, -1, -1, -1, -1, -1, -1, -1, -1, -1, -1, -1, -1, -1, -1]
[-1, -1, -1, -1, -1, -1, -1, -1, 1, 2, -1, -1, -1, 8, 4, 0, -1, -1, -1, 6, 3, 9, -1, -1, -1, -1, 5, 7, -1, -1, -1, 10, -1, -1, -1, -1, -1, -1, -1, -1, -1, -1, -1, -1, -1, -1, -1, -1, -1, -1, -1, -1, -1, -1]
[-1, -1, -1, -1, -1, -1, -1, -1, -1, 1, 2, -1, -1, -1, 8, 4, 0, -1, -1, -1, 6, 3, 9, -1, -1, -1, -1, 5, 7, -1, -1, -1, 10, -1, -1, -1, -1, -1, -1, -1, -1, -1, -1, -1, -1, -1, -1, -1, -1, -1, -1, -1, -1, -1]
[-1, -1, -1, -1, -1, 5, -1, -1, -1, -1, -1, 1, 2, -1, -1, -1, -1, 0, 7, -1, -1, -1, -1, 3, 6, -1, -1, -1, -1, 4, 10, -1, -1, -1, -1, 8, 9, -1, -1, -1, -1, -1, -1, -1, -1, -1, -1, -1, -1, -1, -1, -1, -1, -1]
[-1, -1, -1, -1, -1, -1, -1, -1, -1, -1, -1, 8, 1, 2, -1, -1, -1, 4, 0, -1, -1, -1, -1, 6, 3, 9, -1, -1, -1, 5, 7, -1, -1, -1, -1, 10, -1, -1, -1, -1, -1, -1, -1, -1, -1, -1, -1, -1, -1, -1, -1, -1, -1, -1]
[-1, -1, -1, -1, -1, -1, -1, -1, -1, -1, -1, -1, -1, 1, 2, -1, -1, 8, 4, 0, -1, -1, -1, -1, 6, 3, 9, -1, -1, -1, 5, 7, -1, -1, -1, -1, 10, -1, -1, -1, -1, -1, -1, -1, -1, -1, -1, -1, -1, -1, -1, -1, -1, -1]
[-1, -1, -1, -1, -1, -1, -1, -1, -1, -1, -1, -1, -1, -1, 1, 2, -1, -1, 8, 4, 0, -1, -1, -1, -1, 6, 3, 9, -1, -1, -1, 5, 7, -1, -1, -1, -1, 10, -1, -1, -1, -1, -1, -1, -1, -1, -1, -1, -1, -1, -1, -1, -1, -1]
[-1, -1, -1, -1, -1, -1, -1, -1, -1, -1, -1, -1, -1, -1, -1, 1, 2, -1, -1, 8, 4, 0, -1, -1, -1, -1, 6, 3, 9, -1, -1, -1, 5, 7, -1, -1, -1, -1, 10, -1, -1, -1, -1, -1, -1, -1, -1, -1, -1, -1, -1, -1, -1, -1]
[-1, -1, -1, -1, -1, -1, -1, -1, -1, -1, -1, -1, -1, -1, -1, -1, -1, 1, 2, -1, -1, -1, -1, 4, 0, -1, -1, -1, -1, 3, 10, -1, -1, -1, -1, 5, 7, -1, -1, -1, -1, 6, -1, -1, -1, -1, -1, 8, 9, -1, -1, -1, -1, -1]
[-1, -1, -1, -1, -1, -1, -1, -1, -1, -1, -1, -1, -1, -1, -1, -1, -1, -1, 1, 2, -1, -1, -1, 8, 4, 0, -1, -1, -1, 6, 3, 9, -1, -1, -1, -1, 5, 7, -1, -1, -1, 10, -1, -1, -1, -1, -1, -1, -1, -1, -1, -1, -1, -1]
[-1, -1, -1, -1, -1, -1, -1, -1, -1, -1, -1, -1, -1, -1, -1, -1, -1, -1, -1, 1, 2, -1, -1, -1, 8, 4, 0, -1, -1, -1, 6, 3, 9, -1, -1, -1, -1, 5, 7, -1, -1, -1, 10, -1, -1, -1, -1, -1, -1, -1, -1, -1, -1, -1]
[-1, -1, -1, -1, -1, -1, -1, -1, -1, -1, -1, -1, -1, -1, -1, -1, -1, -1, -1, -1, 1, 2, -1, -1, -1, 8, 4, 0, -1, -1, -1, 6, 3, 9, -1, -1, -1, -1, 5, 7, -1, -1, -1, 10, -1, -1, -1, -1, -1, -1, -1, -1, -1, -1]
[-1, -1, -1, -1, -1, -1, -1, -1, -1, -1, -1, -1, -1, -1, -1, -1, -1, -1, -1, -1, -1, 1, 2, -1, -1, -1, 8, 4, 0, -1, -1, -1, 6, 3, 9, -1, -1, -1, -1, 5, 7, -1, -1, -1, 10, -1, -1, -1, -1, -1, -1, -1, -1, -1]
[-1, -1, -1, -1, -1, -1, -1, -1, -1, -1, -1, -1, -1, -1, -1, -1, -1, 5, -1, -1, -1, -1, -1, 1, 2, -1, -1, -1, -1, 0, 7, -1, -1, -1, -1, 3, 6, -1, -1, -1, -1, 4, 10, -1, -1, -1, -1, 8, 9, -1, -1, -1, -1, -1]
[-1, -1, -1, -1, -1, -1, -1, -1, -1, -1, -1, -1, -1, -1, -1, -1, -1, -1, -1, -1, -1, -1, -1, 8, 1, 2, -1, -1, -1, 4, 0, -1, -1, -1, -1, 6, 3, 9, -1, -1, -1, 5, 7, -1, -1, -1, -1, 10, -1, -1, -1, -1, -1, -1]
[-1, -1, -1, -1, -1, -1, -1, -1, -1, -1, -1, -1, -1, -1, -1, -1, -1, -1, -1, -1, -1, -1, -1, -1, -1, 1, 2, -1, -1, 8, 4, 0, -1, -1, -1, -1, 6, 3, 9, -1, -1, -1, 5, 7, -1, -1, -1, -1, 10, -1, -1, -1, -1, -1]
[-1, -1, -1, -1, -1, -1, -1, -1, -1, -1, -1, -1, -1, -1, -1, -1, -1, -1, -1, -1, -1, -1, -1, -1, -1, -1, 1, 2, -1, -1, 8, 4, 0, -1, -1, -1, -1, 6, 3, 9, -1, -1, -1, 5, 7, -1, -1, -1, -1, 10, -1, -1, -1, -1]
[-1, -1, -1, -1, -1, -1, -1, -1, -1, -1, -1, -1, -1, -1, -1, -1, -1, -1, -1, -1, -1, -1, -1, -1, -1, -1, -1, 1, 2, -1, -1, 8, 4, 0, -1, -1, -1, -1, 6, 3, 9, -1, -1, -1, 5, 7, -1, -1, -1, -1, 10, -1, -1, -1]
[-1, -1, -1, -1, -1, -1, -1, -1, -1, -1, -1, -1, -1, -1, -1, -1, -1, 10, -1, -1, -1, -1, -1, 8, 6, -1, -1, -1, -1, 1, 2, -1, -1, -1, -1, 4, 0, -1, -1, -1, -1, 3, 9, -1, -1, -1, -1, 5, 7, -1, -1, -1, -1, -1]
[-1, -1, -1, -1, -1, -1, -1, -1, -1, -1, -1, -1, -1, -1, -1, -1, -1, -1, -1, -1, -1, -1, -1, -1, -1, -1, -1, -1, -1, -1, 1, 2, -1, -1, -1, 8, 4, 0, -1, -1, -1, 6, 3, 9, -1, -1, -1, 10, 5, 7, -1, -1, -1, -1]
[-1, -1, -1, -1, -1, -1, -1, -1, -1, -1, -1, -1, -1, -1, -1, -1, -1, -1, -1, -1, -1, -1, -1, -1, -1, -1, -1, -1, -1, -1, -1, 1, 2, -1, -1, -1, 8, 4, 0, -1, -1, -1, 6, 3, 9, -1, -1, -1, 10, 5, 7, -1, -1, -1]
[-1, -1, -1, -1, -1, -1, -1, -1, -1, -1, -1, -1, -1, -1, -1, -1, -1, -1, -1, -1, -1, -1, -1, -1, -1, -1, -1, -1, -1, -1, -1, -1, 1, 2, -1, -1, -1, 8, 4, 0, -1, -1, -1, 6, 3, 9, -1, -1, -1, 10, 5, 7, -1, -1]
[-1, -1, -1, -1, -1, -1, -1, -1, -1, -1, -1, -1, -1, -1, -1, -1, -1, -1, -1, -1, -1, -1, -1, -1, -1, -1, -1, -1, -1, -1, -1, -1, 9, 1, 2, -1, -1, -1, 7, 4, 0, -1, -1, -1, 6, 3, 10, -1, -1, -1, 8, 5, -1, -1]
[-1, -1, -1, -1, -1, -1, -1, -1, -1, -1, -1, -1, -1, -1, -1, -1, -1, -1, -1, -1, -1, -1, -1, 10, -1, -1, -1, -1, -1, 5, 9, -1, -1, -1, -1, 1, 2, 7, -1, -1, -1, 0, 6, -1, -1, -1, -1, 3, 4, 8, -1, -1, -1, -1]
[-1, -1, -1, -1, -1, -1, -1, -1, -1, -1, -1, -1, -1, -1, -1, -1, -1, -1, -1, -1, -1, -1, -1, -1, -1, -1, -1, -1, -1, 10, 5, -1, -1, -1, -1, 6, 1, 2, -1, -1, -1, 4, 0, 9, -1, -1, -1, 8, 3, 7, -1, -1, -1, -1]
[-1, -1, -1, -1, -1, -1, -1, -1, -1, -1, -1, -1, -1, -1, -1, -1, -1, -1, -1, -1, -1, -1, -1, -1, -1, -1, -1, -1, -1, 10, -1, 5, -1, -1, -1, -1, 6, 1, 2, -1, -1, -1, 4, 0, 9, -1, -1, -1, 8, 3, 7, -1, -1, -1]
[-1, -1, -1, -1, -1, -1, -1, -1, -1, -1, -1, -1, -1, -1, -1, -1, -1, -1, -1, -1, -1, -1, -1, -1, -1, -1, -1, -1, -1, -1, 10, -1, 5, -1, -1, -1, -1, 6, 1, 2, -1, -1, -1, 4, 0, 9, -1, -1, -1, 8, 3, 7, -1, -1]
[-1, -1, -1, -1, -1, -1, -1, -1, -1, -1, -1, -1, -1, -1, -1, -1, -1, -1, -1, -1, -1, -1, -1, -1, -1, -1, -1, -1, -1, -1, -1, 9, 7, 5, -1, -1, -1, -1, 6, 1, 2, -1, -1, 10, 4, 0, -1, -1, -1, -1, 8, 3, -1, -1]
