rd53_138
original 48.0 132.0 210.0 100.0 78.0 1.0 0.721 0.73354 
4gt13-v1_93
original 17.0 68.0 104.0 62.0 36.0 8.0 0.441 15.661642 
mod5mils_65
original 2.0 35.0 53.0 34.0 18.0 2.0 0.011 4.820781 
mod5d1_63
original 168.0 22.0 34.0 22.0 12.0 6.0 0.751 22.256002 
sym10_262
original 0.0 64283.0 114575.0 66457.0 50292.0 7.0 0.541 6.512702 
aj-e11_165
original 1.0 151.0 241.0 153.0 90.0 2.0 0.741 1.12532 
hwb9_119
original 0.0 207775.0 368983.0 217236.0 161208.0 8.0 0.151 18.212934 
4gt11_83
original 3.0 23.0 35.0 26.0 12.0 6.0 0.751 6.343196 
cm42a_207
improve 48.0 1776.0 3027.0 1738.0 1251.0 7.0 0.051 9.532573 
4gt4-v0_72
original 0.0 258.0 441.0 262.0 183.0 7.0 0.751 0.02185 
max46_240
improve 0.0 27126.0 47991.0 27274.0 20865.0 7.0 0.311 2.601906 
dc2_222
improve 36.0 9462.0 16620.0 9578.0 7158.0 8.0 0.311 63.041288 
sym9_193
improve 0.0 34881.0 62835.0 36941.0 27954.0 7.0 0.341 3.199988 
rd53_135
original 0.0 296.0 515.0 295.0 219.0 8.0 0.541 0.038908 
mod10_171
original 10.0 244.0 394.0 244.0 150.0 7.0 0.051 17.599228 
ising_model_13
improve 0.0 633.0 738.0 81.0 105.0 7.0 0.051 0.7766 
adr4_197
improve 40.0 3439.0 5956.0 3358.0 2517.0 7.0 0.341 22.381359 
4gt11_84
original 25.0 18.0 30.0 18.0 12.0 6.0 0.751 5.939851 
4gt11_82
original 26.0 27.0 42.0 29.0 15.0 6.0 0.751 4.687201 
wim_266
original 46.0 986.0 1673.0 942.0 687.0 7.0 0.341 7.791592 
rd53_131
improve 0.0 469.0 802.0 476.0 333.0 7.0 0.751 0.108723 
mod8-10_177
original 14.0 440.0 710.0 425.0 270.0 8.0 0.151 0.933227 
4gt10-v1_81
original 10.0 148.0 241.0 146.0 93.0 2.0 0.011 0.972923 
alu-v1_28
original 32.0 37.0 58.0 34.0 21.0 5.0 0.361 29.868832 
cnt3-5_179
improve 14.0 175.0 310.0 130.0 135.0 6.0 0.751 6.63429 
square_root_7
improve 0.0 7630.0 13738.0 7358.0 6108.0 5.0 0.361 1.587512 
one-two-three-v1_99
original 32.0 132.0 216.0 131.0 84.0 3.0 0.871 147.860264 
mini_alu_305
original 19.0 173.0 290.0 131.0 117.0 8.0 0.151 1.393996 
rd53_311
original 0.0 275.0 512.0 254.0 237.0 6.0 0.751 0.058359 
3_17_13
original 2.0 36.0 57.0 37.0 21.0 6.0 0.751 95.320239 
rd73_252
improve 0.0 5321.0 9497.0 5535.0 4176.0 8.0 0.701 0.658763 
4gt4-v0_80
original 11.0 179.0 296.0 167.0 117.0 7.0 0.341 0.392079 
hwb7_59
original 0.0 24379.0 41962.0 24777.0 17583.0 7.0 0.341 1.787715 
ham3_102
original 7.0 20.0 32.0 20.0 12.0 5.0 0.771 91.258196 
cnt3-5_180
original 22.0 485.0 821.0 405.0 336.0 5.0 0.771 6.214611 
rd53_133
improve 0.0 580.0 1009.0 652.0 429.0 7.0 0.751 0.044754 
4mod7-v0_94
original 32.0 162.0 261.0 162.0 99.0 5.0 0.361 4.120508 
plus63mod4096_163
improve 0.0 128744.0 235355.0 138791.0 106611.0 7.0 0.311 14.766115 
mini-alu_167
original 10.0 288.0 474.0 286.0 186.0 8.0 0.151 5.891306 
root_255
improve 0.0 17159.0 31154.0 17222.0 13995.0 8.0 0.441 2.064059 
z4_268
original 6.0 3073.0 5326.0 3047.0 2253.0 7.0 0.751 10.997241 
majority_239
original 0.0 612.0 1020.0 598.0 408.0 7.0 0.341 1.216852 
ex2_227
improve 0.0 631.0 1087.0 658.0 456.0 7.0 0.341 0.056148 
urf2_277
improve 0.0 20112.0 38565.0 23920.0 18453.0 7.0 0.051 2.596715 
one-two-three-v3_101
original 104.0 70.0 112.0 74.0 42.0 5.0 0.771 33.570574 
4gt13_91
original 13.0 103.0 169.0 105.0 66.0 7.0 0.051 0.974804 
4gt12-v1_89
original 46.0 228.0 372.0 225.0 144.0 5.0 0.361 0.631984 
sqrt8_260
improve 29.0 3009.0 5271.0 3110.0 2262.0 7.0 0.751 10.856768 
rd32-v0_66
original 0.0 34.0 52.0 33.0 18.0 6.0 0.751 17.718975 
sym9_148
improve 0.0 21504.0 38337.0 22965.0 16833.0 7.0 0.341 1.835563 
4gt5_75
original 75.0 83.0 134.0 80.0 51.0 1.0 0.031 4.561527 
0410184_169
original 37.0 211.0 340.0 169.0 129.0 5.0 0.771 41.498045 
urf2_152
improve 0.0 80480.0 139784.0 81174.0 59304.0 2.0 0.741 5.170381 
urf1_278
improve 0.0 54766.0 100798.0 61519.0 46032.0 7.0 0.741 6.486803 
sym6_145
improve 0.0 3888.0 6774.0 4238.0 2886.0 7.0 0.751 0.277972 
alu-v2_32
original 37.0 163.0 265.0 162.0 102.0 7.0 0.341 4.609077 
4gt12-v0_88
original 21.0 194.0 317.0 200.0 123.0 5.0 0.361 0.356129 
squar5_261
original 51.0 1993.0 3430.0 1939.0 1437.0 7.0 0.341 11.112834 
alu-v2_31
original 1.0 451.0 730.0 433.0 279.0 8.0 0.151 8.101419 
hwb5_53
original 0.0 1336.0 2284.0 1412.0 948.0 5.0 0.771 0.078439 
one-two-three-v2_100
original 96.0 69.0 108.0 66.0 39.0 6.0 0.751 56.928902 
cycle10_2_110
improve 0.0 6050.0 10694.0 6369.0 4644.0 8.0 0.701 0.454273 
urf6_160
improve 0.0 171840.0 315630.0 182611.0 143790.0 8.0 0.131 20.241866 
ising_model_10
original 0.0 480.0 603.0 110.0 123.0 8.0 0.441 1.423199 
sys6-v0_111
original 48.0 215.0 344.0 135.0 129.0 1.0 0.721 2.195189 
plus63mod8192_164
improve 0.0 187112.0 353594.0 212516.0 166482.0 8.0 0.701 21.55946 
mod5adder_127
improve 0.0 555.0 957.0 577.0 402.0 7.0 0.051 0.094291 
rd73_140
original 47.0 230.0 380.0 170.0 150.0 6.0 0.751 2.615185 
4mod5-v1_23
original 75.0 69.0 114.0 74.0 45.0 2.0 0.011 4.201302 
graycode6_47
original 0.0 5.0 32.0 17.0 27.0 6.0 0.751 0.021575 
ising_model_16
improve 0.0 786.0 1038.0 151.0 252.0 7.0 0.751 1.347137 
ham7_104
improve 1.0 320.0 536.0 332.0 216.0 2.0 0.011 0.744132 
ex-1_166
original 7.0 19.0 28.0 18.0 9.0 1.0 0.031 35.689738 
decod24-v3_45
original 19.0 150.0 237.0 139.0 87.0 7.0 0.341 2.531023 
urf4_187
improve 0.0 512064.0 902649.0 502362.0 390585.0 7.0 0.541 42.726243 
life_238
improve 0.0 22445.0 39764.0 23478.0 17319.0 7.0 0.341 2.628105 
con1_216
original 0.0 954.0 1692.0 977.0 738.0 8.0 0.151 0.11252 
hwb6_56
improve 0.0 6723.0 11832.0 7176.0 5109.0 8.0 0.151 0.49094 
mod10_176
original 37.0 178.0 280.0 167.0 102.0 8.0 0.151 3.526183 
ex1_226
original 0.0 7.0 13.0 9.0 6.0 5.0 0.361 0.00171 
sf_276
original 47.0 778.0 1276.0 769.0 498.0 3.0 0.871 1.935872 
cm152a_212
original 0.0 1221.0 2139.0 1270.0 918.0 8.0 0.151 0.13366 
4gt12-v0_87
original 0.0 247.0 409.0 243.0 162.0 2.0 0.741 0.013807 
decod24-enable_126
original 10.0 338.0 575.0 345.0 237.0 2.0 0.741 0.653717 
radd_250
original 0.0 3213.0 5739.0 3339.0 2526.0 8.0 0.151 0.310364 
pm1_249
improve 48.0 1776.0 3027.0 1738.0 1251.0 7.0 0.051 9.680663 
sf_274
original 47.0 781.0 1279.0 763.0 498.0 3.0 0.871 1.937503 
miller_11
original 36.0 50.0 77.0 50.0 27.0 5.0 0.771 16.487482 
rd53_251
original 0.0 1291.0 2266.0 1331.0 975.0 8.0 0.151 0.103212 
mlp4_245
improve 23.0 18852.0 33507.0 19142.0 14655.0 8.0 0.701 145.038932 
9symml_195
improve 0.0 34881.0 62835.0 36941.0 27954.0 7.0 0.341 3.241979 
rd84_142
original 47.0 343.0 583.0 224.0 240.0 2.0 0.681 13.269194 
inc_237
improve 17.0 10619.0 18443.0 10622.0 7824.0 7.0 0.311 36.20214 
sqn_258
improve 0.0 10223.0 17954.0 10438.0 7731.0 7.0 0.751 1.029583 
alu-v2_33
original 95.0 37.0 58.0 37.0 21.0 1.0 0.031 27.25197 
sao2_257
improve 0.0 38577.0 72141.0 39860.0 33564.0 8.0 0.171 5.490389 
co14_215
improve 0.0 17936.0 33575.0 17164.0 15636.0 7.0 0.311 5.722696 
decod24-v1_41
original 17.0 85.0 136.0 84.0 51.0 7.0 0.751 2.14084 
4mod5-v0_20
original 2.0 20.0 29.0 18.0 9.0 6.0 0.751 55.008314 
alu-v4_37
improve 3.0 37.0 61.0 41.0 24.0 6.0 0.751 5.939804 
urf3_155
improve 0.0 423488.0 759869.0 456182.0 336381.0 7.0 0.691 36.93508 
misex1_241
improve 0.0 4813.0 8605.0 5092.0 3792.0 7.0 0.751 0.481807 
alu-v0_27
original 89.0 36.0 60.0 36.0 24.0 6.0 0.751 5.855672 
4mod5-v1_24
original 32.0 36.0 57.0 36.0 21.0 5.0 0.771 54.219963 
4mod7-v1_96
original 12.0 164.0 263.0 156.0 99.0 7.0 0.051 16.840078 
cm82a_208
improve 4.0 650.0 1079.0 602.0 429.0 8.0 0.151 2.012139 
ham15_107
original 28.0 8763.0 15345.0 8710.0 6582.0 8.0 0.541 97.985949 
0example
original 37.0 9.0 18.0 12.0 9.0 6.0 0.751 20.651604 
dc1_220
improve 0.0 1914.0 3342.0 1911.0 1428.0 7.0 0.751 0.148034 
4gt4-v1_74
original 0.0 273.0 453.0 275.0 180.0 2.0 0.741 0.019415 
rd32-v1_68
original 0.0 36.0 54.0 33.0 18.0 6.0 0.751 16.824204 
decod24-v0_38
original 9.0 51.0 81.0 51.0 30.0 1.0 0.031 9.197235 
sym6_316
improve 0.0 270.0 498.0 274.0 228.0 5.0 0.771 0.032077 
alu-v0_26
original 75.0 84.0 135.0 83.0 51.0 2.0 0.011 1.640281 
clip_206
original 0.0 33827.0 61715.0 34528.0 27888.0 7.0 0.341 5.448444 
4mod5-v0_18
original 34.0 69.0 108.0 69.0 39.0 5.0 0.361 4.111497 
cm85a_209
original 0.0 11414.0 20621.0 12037.0 9207.0 7.0 0.341 1.43086 
alu-v4_36
original 31.0 115.0 187.0 116.0 72.0 7.0 0.341 44.145676 
one-two-three-v0_97
original 14.0 290.0 473.0 288.0 183.0 8.0 0.151 3.290399 
4gt13_90
original 13.0 107.0 173.0 108.0 66.0 7.0 0.051 1.058717 
mod5d2_64
original 80.0 53.0 86.0 57.0 33.0 5.0 0.771 5.966774 
ground_state_estimation_10
original 0.0 390180.0 452547.0 206409.0 62367.0 6.0 0.541 13.461881 
C17_204
original 0.0 467.0 809.0 475.0 342.0 7.0 0.051 0.145442 
4gt13_92
original 98.0 66.0 108.0 68.0 42.0 5.0 0.771 18.936997 
rd53_130
original 0.0 1043.0 1793.0 1043.0 750.0 7.0 0.051 0.073938 
alu-v3_34
original 98.0 52.0 82.0 49.0 30.0 6.0 0.751 4.078984 
decod24-bdd_294
improve 0.0 73.0 115.0 72.0 42.0 1.0 0.031 0.006954 
4gt5_76
original 1.0 91.0 145.0 91.0 54.0 2.0 0.011 2.530737 
sym9_146
original 0.0 328.0 568.0 256.0 240.0 2.0 0.681 5.512453 
4mod5-v1_22
original 2.0 21.0 30.0 19.0 9.0 1.0 0.031 6.480138 
rd32_270
original 3.0 84.0 132.0 81.0 48.0 5.0 0.771 4.028633 
hwb4_49
original 40.0 233.0 377.0 236.0 144.0 6.0 0.751 1.605853 
urf5_280
improve 0.0 49829.0 91964.0 56209.0 42135.0 7.0 0.151 5.343064 
4gt5_77
original 12.0 131.0 215.0 140.0 84.0 5.0 0.361 13.092249 
rd84_253
improve 0.0 13658.0 24425.0 13856.0 10767.0 8.0 0.541 1.545103 
4_49_16
original 12.0 217.0 349.0 216.0 132.0 2.0 0.741 3.163903 
qft_10
original 0.0 200.0 263.0 58.0 63.0 2.0 0.011 0.241051 
4mod5-bdd_287
original 47.0 70.0 112.0 73.0 42.0 2.0 0.011 0.268185 
qft_16
improve 0.0 512.0 770.0 182.0 258.0 7.0 0.341 0.91339 
urf1_149
improve 0.0 184864.0 332614.0 199392.0 147750.0 7.0 0.751 15.11431 
urf5_158
improve 0.0 164416.0 286402.0 169542.0 121986.0 5.0 0.771 12.086745 
urf3_279
improve 0.0 125362.0 237439.0 144186.0 112077.0 7.0 0.751 15.48767 
4gt12-v0_86
original 0.0 251.0 419.0 253.0 168.0 2.0 0.741 0.059287 
4gt4-v0_73
original 15.0 395.0 641.0 394.0 246.0 5.0 0.771 0.756087 
alu-v1_29
original 89.0 37.0 61.0 36.0 24.0 6.0 0.751 5.811373 
alu-bdd_288
original 35.0 84.0 141.0 87.0 57.0 6.0 0.751 0.852027 
decod24-v2_43
improve 19.0 52.0 82.0 53.0 30.0 1.0 0.031 12.306735 
mod8-10_178
original 11.0 342.0 558.0 348.0 216.0 5.0 0.361 0.639106 
one-two-three-v0_98
original 40.0 146.0 233.0 142.0 87.0 7.0 0.341 66.681315 
4gt4-v0_78
original 9.0 235.0 385.0 240.0 150.0 5.0 0.361 0.431404 
4mod5-v0_19
original 27.0 35.0 53.0 34.0 18.0 2.0 0.011 6.435762 
alu-v2_30
original 0.0 504.0 867.0 512.0 363.0 8.0 0.441 0.036621 
alu-v3_35
improve 9.0 37.0 58.0 37.0 21.0 1.0 0.031 16.152428 
dist_223
original 0.0 38046.0 68790.0 37632.0 30744.0 8.0 0.151 4.864025 
4gt4-v0_79
original 9.0 231.0 378.0 234.0 147.0 5.0 0.361 0.433782 
hwb8_113
improve 0.0 69380.0 121751.0 73380.0 52371.0 7.0 0.541 5.136589 
ex3_229
original 35.0 403.0 667.0 404.0 264.0 8.0 0.151 0.983719 
xor5_254
original 0.0 7.0 13.0 9.0 6.0 5.0 0.361 0.00114 
f2_232
original 16.0 1206.0 1989.0 1162.0 783.0 7.0 0.341 2.525733 
