rd53_138
original 48.0 132.0 210.0 100.0 78.0 1.0 1.0 0.629658
4gt13-v1_93
original 17.0 68.0 104.0 62.0 36.0 7.0 0.01017 2.064367
mod5mils_65
original 2.0 35.0 53.0 34.0 18.0 2.0 0.01032 3.644698
mod5d1_63
original 73.0 22.0 34.0 22.0 12.0 3.0 0.46 18.314092
sym10_262
improve 0.0 64283.0 113516.0 66903.0 49200.0 7.0 0.01017 13.338061
aj-e11_165
original 1.0 151.0 241.0 153.0 90.0 2.0 0.36 2.355734
hwb9_119
improve 0.0 207775.0 362663.0 217013.0 154833.0 7.0 0.01017 22.52635
4gt11_83
original 1.0 23.0 35.0 26.0 12.0 3.0 0.46 37.095525
cm42a_207
improve 6.0 1776.0 3009.0 1671.0 1233.0 8.0 0.751 11.133933
4gt4-v0_72
improve 0.0 258.0 435.0 244.0 177.0 8.0 0.4501 0.023054
max46_240
improve 0.0 27126.0 47418.0 26956.0 20289.0 8.0 0.751 2.390357
dc2_222
original 53.0 9462.0 16539.0 9878.0 7077.0 7.0 0.63493 190.57328
sym9_193
original 0.0 34881.0 61944.0 36332.0 27063.0 7.0 0.63493 3.834298
rd53_135
original 0.0 296.0 506.0 292.0 210.0 5.0 0.782504 0.021032
mod10_171
original 10.0 244.0 400.0 252.0 156.0 7.0 0.01017 12.49191
ising_model_13
original 0.0 633.0 699.0 143.0 66.0 8.0 0.4501 0.993439
adr4_197
original 35.0 3439.0 6001.0 3298.0 2562.0 8.0 0.8 60.160129
4gt11_84
original 179.0 18.0 30.0 18.0 12.0 3.0 0.46 4.140898
4gt11_82
original 8.0 27.0 42.0 33.0 15.0 3.0 0.46 4.763846
wim_266
original 15.0 986.0 1667.0 916.0 681.0 3.0 0.46 36.412072
rd53_131
original 0.0 469.0 778.0 443.0 309.0 4.0 0.3 0.028284
mod8-10_177
original 4.0 440.0 710.0 425.0 270.0 8.0 0.8 0.745823
4gt10-v1_81
original 10.0 148.0 238.0 147.0 90.0 8.0 0.4501 1.251441
alu-v1_28
original 32.0 37.0 58.0 34.0 21.0 5.0 0.150044 26.680331
cnt3-5_179
original 14.0 175.0 304.0 123.0 129.0 7.0 0.3501 4.528187
square_root_7
original 0.0 7630.0 13234.0 6928.0 5604.0 5.0 0.1501 5.057193
one-two-three-v1_99
original 32.0 132.0 216.0 135.0 84.0 5.0 1.0 224.64433
mini_alu_305
original 0.0 173.0 275.0 128.0 102.0 5.0 0.150044 2.034737
rd53_311
improve 0.0 275.0 494.0 255.0 219.0 3.0 0.1001 0.040882
3_17_13
original 0.0 36.0 57.0 38.0 21.0 3.0 0.46 67.483421
rd73_252
improve 0.0 5321.0 9170.0 5319.0 3849.0 8.0 0.4501 0.369007
4gt4-v0_80
original 3.0 179.0 290.0 185.0 111.0 5.0 0.150044 0.339275
hwb7_59
improve 0.0 24379.0 41440.0 24563.0 17061.0 7.0 0.01017 1.432103
ham3_102
original 0.0 20.0 32.0 23.0 12.0 1.0 0.076257 81.87664
cnt3-5_180
original 29.0 485.0 815.0 385.0 330.0 7.0 0.01017 5.457275
rd53_133
original 0.0 580.0 964.0 575.0 384.0 3.0 0.46 0.039579
4mod7-v0_94
original 7.0 162.0 258.0 156.0 96.0 5.0 0.150044 3.609662
plus63mod4096_163
improve 0.0 128744.0 229615.0 139685.0 100773.0 7.0 0.01017 38.567623
mini-alu_167
original 5.0 288.0 474.0 287.0 186.0 1.0 0.466274 9.535912
root_255
improve 0.0 17159.0 30448.0 17341.0 13275.0 7.0 0.63493 4.39911
z4_268
original 1.0 3073.0 5290.0 3106.0 2217.0 7.0 0.81 46.884399
majority_239
original 4.0 612.0 1002.0 603.0 390.0 8.0 0.751 1.072922
ex2_227
improve 0.0 631.0 1066.0 664.0 435.0 8.0 0.8 0.044019
urf2_277
improve 0.0 20112.0 36994.0 23253.0 16878.0 5.0 0.6001 1.931615
one-two-three-v3_101
original 94.0 70.0 112.0 71.0 42.0 7.0 0.01 37.359193
4gt13_91
original 2.0 103.0 166.0 104.0 63.0 6.0 0.33477 0.775308
4gt12-v1_89
original 2.0 228.0 372.0 228.0 144.0 5.0 0.782504 0.594523
sqrt8_260
improve 33.0 3009.0 5232.0 3065.0 2223.0 7.0 0.01017 19.559196
rd32-v0_66
original 0.0 34.0 52.0 33.0 18.0 3.0 0.46 13.467168
sym9_148
improve 0.0 21504.0 37370.0 22131.0 15858.0 8.0 0.8 2.426734
4gt5_75
original 8.0 83.0 131.0 80.0 48.0 5.0 1.0 3.419918
0410184_169
original 37.0 211.0 340.0 189.0 129.0 6.0 0.16 288.913116
urf2_152
improve 0.0 80480.0 137570.0 81839.0 57090.0 7.0 0.01017 4.728221
urf1_278
improve 0.0 54766.0 99652.0 61751.0 44868.0 7.0 0.01017 9.194166
sym6_145
improve 0.0 3888.0 6564.0 4128.0 2676.0 7.0 0.01017 0.22787
alu-v2_32
original 37.0 163.0 265.0 162.0 102.0 7.0 0.01017 4.293519
4gt12-v0_88
original 3.0 194.0 317.0 190.0 123.0 7.0 0.01017 0.328861
squar5_261
original 38.0 1993.0 3442.0 1939.0 1449.0 7.0 0.01017 17.550784
alu-v2_31
original 1.0 451.0 730.0 437.0 279.0 8.0 0.4501 8.49333
hwb5_53
original 0.0 1336.0 2233.0 1399.0 897.0 5.0 1.0 0.069202
one-two-three-v2_100
original 96.0 69.0 108.0 66.0 39.0 7.0 0.01017 43.953965
cycle10_2_110
original 0.0 6050.0 10532.0 6159.0 4482.0 8.0 0.4501 4.276843
urf6_160
improve 0.0 171840.0 308458.0 178699.0 136581.0 7.0 0.63493 30.175326
ising_model_10
original 0.0 480.0 582.0 110.0 102.0 8.0 0.4501 0.45457
sys6-v0_111
original 48.0 215.0 344.0 135.0 129.0 1.0 1.0 3.941782
plus63mod8192_164
original 0.0 187112.0 338096.0 204027.0 150984.0 7.0 0.81 95.965721
mod5adder_127
original 0.0 555.0 930.0 557.0 375.0 3.0 0.1001 0.08181
rd73_140
improve 37.0 230.0 371.0 187.0 141.0 2.0 0.36 2.931347
4mod5-v1_23
original 8.0 69.0 114.0 74.0 45.0 2.0 0.62 8.300385
graycode6_47
original 0.0 5.0 29.0 13.0 24.0 3.0 0.46 0.015356
ising_model_16
original 0.0 786.0 969.0 176.0 183.0 5.0 0.782504 1.125791
ham7_104
original 0.0 320.0 539.0 348.0 219.0 5.0 1.0 0.652471
ex-1_166
original 4.0 19.0 28.0 18.0 9.0 1.0 0.076257 31.084786
decod24-v3_45
original 8.0 150.0 234.0 137.0 84.0 7.0 0.01017 55.76842
urf4_187
improve 0.0 512064.0 889787.0 489854.0 377664.0 7.0 0.63493 44.543649
life_238
improve 0.0 22445.0 39425.0 23036.0 16980.0 8.0 0.4501 1.774068
con1_216
improve 0.0 954.0 1638.0 932.0 684.0 8.0 0.8 0.062768
hwb6_56
improve 0.0 6723.0 11547.0 7008.0 4824.0 8.0 0.8 0.376742
mod10_176
original 5.0 178.0 280.0 171.0 102.0 8.0 0.4501 18.986004
ex1_226
original 0.0 7.0 13.0 9.0 6.0 8.0 0.4501 0.00157
sf_276
original 13.0 778.0 1258.0 748.0 480.0 3.0 0.22657 1.6861
cm152a_212
original 0.0 1221.0 2097.0 1202.0 876.0 8.0 0.8 0.127359
4gt12-v0_87
original 0.0 247.0 409.0 243.0 162.0 5.0 1.0 0.018505
decod24-enable_126
improve 10.0 338.0 566.0 344.0 228.0 2.0 0.62 0.650882
radd_250
improve 0.0 3213.0 5640.0 3323.0 2427.0 8.0 0.8 0.239551
pm1_249
improve 6.0 1776.0 3009.0 1671.0 1233.0 8.0 0.751 10.985638
sf_274
original 16.0 781.0 1270.0 738.0 489.0 4.0 0.28067 2.123461
miller_11
original 36.0 50.0 77.0 50.0 27.0 1.0 0.076257 38.646917
rd53_251
improve 0.0 1291.0 2209.0 1399.0 918.0 3.0 0.8 0.067945
mlp4_245
improve 10.0 18852.0 33222.0 19909.0 14370.0 7.0 0.3501 455.168252
9symml_195
original 0.0 34881.0 61944.0 36332.0 27063.0 7.0 0.63493 3.870899
rd84_142
original 51.0 343.0 565.0 253.0 222.0 2.0 0.1001 20.851097
inc_237
improve 2.0 10619.0 18311.0 10854.0 7692.0 7.0 0.81 81.106352
sqn_258
original 0.0 10223.0 17747.0 10201.0 7524.0 7.0 0.01017 0.740996
alu-v2_33
original 95.0 37.0 58.0 38.0 21.0 1.0 0.076257 24.932166
sao2_257
original 0.0 38577.0 69150.0 38231.0 30573.0 7.0 0.01017 5.747431
co14_215
improve 0.0 17936.0 32985.0 17472.0 15045.0 7.0 0.3501 3.566429
decod24-v1_41
original 17.0 85.0 136.0 83.0 51.0 7.0 0.01017 1.669906
4mod5-v0_20
original 2.0 20.0 29.0 18.0 9.0 3.0 0.46 38.676026
alu-v4_37
original 95.0 37.0 61.0 42.0 24.0 1.0 0.076257 21.696982
urf3_155
improve 0.0 423488.0 732706.0 437729.0 309186.0 7.0 0.63493 32.3941
misex1_241
original 0.0 4813.0 8308.0 4742.0 3495.0 8.0 0.63493 0.402443
alu-v0_27
original 89.0 36.0 60.0 36.0 24.0 3.0 0.46 3.659554
4mod5-v1_24
original 32.0 36.0 57.0 36.0 21.0 1.0 0.076257 42.053995
4mod7-v1_96
original 32.0 164.0 263.0 158.0 99.0 2.0 0.52 17.308999
cm82a_208
original 2.0 650.0 1088.0 600.0 438.0 8.0 0.751 1.503237
ham15_107
improve 6.0 8763.0 15327.0 9020.0 6564.0 8.0 0.4501 354.106674
0example
original 3.0 9.0 18.0 13.0 9.0 3.0 0.46 14.50414
dc1_220
improve 0.0 1914.0 3315.0 2001.0 1401.0 8.0 0.4501 0.123145
4gt4-v1_74
original 0.0 273.0 450.0 273.0 177.0 7.0 0.901 0.018676
rd32-v1_68
original 0.0 36.0 54.0 33.0 18.0 3.0 0.46 13.326009
decod24-v0_38
original 1.0 51.0 81.0 53.0 30.0 1.0 0.076257 12.898078
sym6_316
original 0.0 270.0 492.0 265.0 222.0 6.0 0.16 0.035155
alu-v0_26
original 61.0 84.0 129.0 79.0 45.0 5.0 0.6001 1.027169
clip_206
original 0.0 33827.0 59633.0 33793.0 25806.0 7.0 0.81 28.159517
4mod5-v0_18
original 34.0 69.0 108.0 69.0 39.0 5.0 0.150044 5.932878
cm85a_209
improve 0.0 11414.0 20010.0 11996.0 8592.0 8.0 0.8 1.702734
alu-v4_36
original 61.0 115.0 184.0 114.0 69.0 2.0 0.1001 31.551142
one-two-three-v0_97
original 5.0 290.0 473.0 297.0 183.0 3.0 0.1001 2.187572
4gt13_90
original 2.0 107.0 173.0 111.0 66.0 6.0 0.33477 0.804307
mod5d2_64
original 7.0 53.0 86.0 58.0 33.0 5.0 0.150044 5.515705
ground_state_estimation_10
original 0.0 390180.0 438981.0 206409.0 48801.0 8.0 0.8 12.093095
C17_204
original 0.0 467.0 800.0 474.0 333.0 3.0 0.46 0.13435
4gt13_92
original 17.0 66.0 108.0 66.0 42.0 8.0 0.4501 23.047759
rd53_130
original 0.0 1043.0 1754.0 1026.0 711.0 7.0 0.901 0.060321
alu-v3_34
original 98.0 52.0 82.0 49.0 30.0 3.0 0.46 2.707052
decod24-bdd_294
original 0.0 73.0 115.0 72.0 42.0 1.0 0.076257 0.005465
4gt5_76
original 64.0 91.0 145.0 93.0 54.0 7.0 0.01017 2.044763
sym9_146
original 28.0 328.0 562.0 253.0 234.0 8.0 0.8 113.379602
4mod5-v1_22
original 2.0 21.0 30.0 19.0 9.0 1.0 0.076257 7.793725
rd32_270
original 7.0 84.0 132.0 81.0 48.0 5.0 1.0 2.899394
hwb4_49
original 40.0 233.0 374.0 227.0 141.0 8.0 0.4501 1.590372
urf5_280
improve 0.0 49829.0 88880.0 54806.0 39048.0 7.0 0.01017 4.444147
4gt5_77
original 1.0 131.0 215.0 130.0 84.0 3.0 0.46 39.073148
rd84_253
original 0.0 13658.0 24191.0 13695.0 10533.0 7.0 0.01017 4.138207
4_49_16
original 3.0 217.0 355.0 220.0 138.0 2.0 0.01032 3.072095
qft_10
improve 0.0 200.0 260.0 72.0 60.0 3.0 0.46 0.111198
4mod5-bdd_287
original 48.0 70.0 112.0 73.0 42.0 1.0 0.076257 0.242138
qft_16
improve 0.0 512.0 906.0 246.0 249.0 8.0 0.4501 32.220292
urf1_149
improve 0.0 184864.0 320068.0 190728.0 135204.0 7.0 0.63493 11.776362
urf5_158
improve 0.0 164416.0 280906.0 168420.0 116490.0 7.0 0.01017 10.183867
urf3_279
improve 0.0 125362.0 231804.0 141699.0 106371.0 7.0 0.63493 29.656796
4gt12-v0_86
original 0.0 251.0 416.0 255.0 165.0 5.0 1.0 0.047919
4gt4-v0_73
original 15.0 395.0 647.0 398.0 252.0 2.0 0.01032 0.701111
alu-v1_29
original 89.0 37.0 61.0 36.0 24.0 3.0 0.46 3.765152
alu-bdd_288
original 29.0 84.0 138.0 86.0 54.0 2.0 0.1001 0.505587
decod24-v2_43
original 30.0 52.0 82.0 52.0 30.0 6.0 0.42012 4.992545
mod8-10_178
original 31.0 342.0 561.0 342.0 219.0 8.0 0.4501 0.672005
one-two-three-v0_98
original 40.0 146.0 233.0 142.0 87.0 7.0 0.01017 59.801018
4gt4-v0_78
original 15.0 235.0 391.0 235.0 156.0 7.0 0.01017 0.420395
4mod5-v0_19
original 5.0 35.0 53.0 34.0 18.0 2.0 0.01032 5.415619
alu-v2_30
original 0.0 504.0 846.0 522.0 342.0 5.0 1.0 0.032872
alu-v3_35
original 21.0 37.0 58.0 33.0 21.0 2.0 0.1001 1.783269
dist_223
original 0.0 38046.0 67245.0 37614.0 29199.0 7.0 0.51 12.541974
4gt4-v0_79
original 19.0 231.0 381.0 227.0 150.0 7.0 0.01017 0.406602
hwb8_113
improve 0.0 69380.0 118958.0 71973.0 49578.0 7.0 0.01017 4.04097
ex3_229
original 20.0 403.0 661.0 403.0 258.0 2.0 0.1001 0.715293
xor5_254
original 0.0 7.0 13.0 9.0 6.0 8.0 0.4501 0.001779
f2_232
original 10.0 1206.0 1992.0 1166.0 786.0 7.0 0.3501 2.713481
