rd53_138
original 0.0 132.0 219.0 104.0 87.0 5.0 0.58371 0.015326
4gt13-v1_93
original 0.0 68.0 140.0 93.0 72.0 4.0 0.76371 0.012468
mod5mils_65
original 0.0 35.0 53.0 33.0 18.0 2.0 0.348715 0.003271
mod5d1_63
original 0.0 22.0 40.0 26.0 18.0 3.0 0.4 0.002599
sym10_262
original 0.0 64283.0 113867.0 66135.0 49584.0 7.0 0.3 5.570316
aj-e11_165
original 0.0 151.0 250.0 151.0 99.0 2.0 0.33231 0.030046
hwb9_119
original 0.0 207775.0 362311.0 214676.0 154536.0 7.0 0.18371 14.290211
4gt11_83
original 0.0 23.0 32.0 23.0 9.0 3.0 0.4 0.06842
cm42a_207
original 0.0 1776.0 3036.0 1669.0 1260.0 9.0 0.88371 0.115833
4gt4-v0_72
original 0.0 258.0 429.0 243.0 171.0 3.0 0.4 0.016983
max46_240
improve 0.0 27126.0 47163.0 27434.0 20037.0 7.0 0.1 1.972718
dc2_222
original 0.0 9462.0 16614.0 9543.0 7152.0 8.0 0.92371 0.735453
sym9_193
improve 0.0 34881.0 61164.0 36314.0 26283.0 7.0 0.74371 2.439423
rd53_135
original 0.0 296.0 500.0 304.0 204.0 8.0 0.1 0.03129
mod10_171
original 0.0 244.0 415.0 261.0 171.0 5.0 0.41631 0.014768
ising_model_13
original 0.0 633.0 633.0 143.0 0.0 3.0 0.4 0.008504
adr4_197
improve 0.0 3439.0 6112.0 3556.0 2673.0 5.0 0.33811 0.272252
4gt11_84
original 0.0 18.0 27.0 17.0 9.0 3.0 0.4 0.002772
4gt11_82
original 0.0 27.0 39.0 30.0 12.0 4.0 0.76371 0.0027
wim_266
improve 0.0 986.0 1697.0 950.0 711.0 8.0 0.7 0.070911
rd53_131
improve 0.0 469.0 817.0 500.0 348.0 7.0 0.40371 0.036605
mod8-10_177
improve 0.0 440.0 722.0 436.0 282.0 2.0 0.348715 0.026515
4gt10-v1_81
original 0.0 148.0 244.0 149.0 96.0 4.0 0.76371 0.01128
alu-v1_28
original 0.0 37.0 58.0 38.0 21.0 1.0 0.22811 0.002013
cnt3-5_179
improve 0.0 175.0 328.0 119.0 153.0 4.0 0.76371 0.0294
square_root_7
improve 0.0 7630.0 13651.0 7351.0 6021.0 5.0 0.3 0.846519
one-two-three-v1_99
original 0.0 132.0 213.0 133.0 81.0 2.0 0.348715 0.011687
mini_alu_305
improve 0.0 173.0 299.0 146.0 126.0 2.0 0.144395 0.018687
rd53_311
original 0.0 275.0 479.0 231.0 204.0 5.0 0.33811 0.027855
3_17_13
original 0.0 36.0 54.0 35.0 18.0 3.0 0.4 0.001995
rd73_252
improve 0.0 5321.0 9212.0 5369.0 3891.0 7.0 0.74371 0.381958
4gt4-v0_80
improve 0.0 179.0 293.0 179.0 114.0 9.0 0.88371 0.018869
hwb7_59
improve 0.0 24379.0 41596.0 24149.0 17217.0 8.0 0.30371 1.524979
ham3_102
original 0.0 20.0 29.0 20.0 9.0 2.0 0.348715 0.008966
cnt3-5_180
original 0.0 485.0 842.0 416.0 357.0 5.0 0.41631 0.044209
rd53_133
improve 0.0 580.0 1036.0 645.0 456.0 8.0 0.92371 0.062872
4mod7-v0_94
original 0.0 162.0 315.0 190.0 153.0 9.0 0.88371 0.027776
plus63mod4096_163
improve 0.0 128744.0 229145.0 136386.0 100401.0 7.0 0.40371 10.958158
mini-alu_167
original 0.0 288.0 471.0 280.0 183.0 1.0 0.15231 0.049916
root_255
improve 0.0 17159.0 30317.0 16747.0 13158.0 7.0 0.40371 1.486085
z4_268
original 0.0 3073.0 5485.0 3053.0 2412.0 8.0 0.92371 0.265654
majority_239
original 0.0 612.0 1104.0 648.0 492.0 7.0 0.40371 0.337576
ex2_227
improve 0.0 631.0 1156.0 696.0 525.0 3.0 0.39231 0.071835
urf2_277
improve 0.0 20112.0 36780.0 22537.0 16668.0 5.0 0.68371 1.610837
one-two-three-v3_101
original 0.0 70.0 115.0 69.0 45.0 7.0 0.40371 0.013634
4gt13_91
original 0.0 103.0 163.0 102.0 60.0 7.0 0.40371 0.010364
4gt12-v1_89
original 0.0 228.0 384.0 230.0 156.0 7.0 0.40371 0.01711
sqrt8_260
improve 0.0 3009.0 5256.0 2979.0 2247.0 8.0 0.4 0.238285
rd32-v0_66
original 0.0 34.0 55.0 37.0 21.0 3.0 0.4 0.003545
sym9_148
original 0.0 21504.0 37707.0 21609.0 16203.0 8.0 0.30371 1.626964
4gt5_75
original 0.0 83.0 128.0 75.0 45.0 2.0 0.348715 0.014224
0410184_169
improve 0.0 211.0 367.0 188.0 156.0 8.0 0.7 0.024793
urf2_152
improve 0.0 80480.0 137192.0 80731.0 56712.0 7.0 0.20371 4.853231
urf1_278
improve 0.0 54766.0 98983.0 60362.0 44217.0 7.0 0.50371 4.820964
sym6_145
improve 0.0 3888.0 6570.0 3926.0 2682.0 7.0 0.40371 0.233676
alu-v2_32
original 0.0 163.0 274.0 163.0 111.0 7.0 0.40371 0.008561
4gt12-v0_88
original 0.0 194.0 317.0 195.0 123.0 8.0 0.30371 0.014414
squar5_261
original 0.0 1993.0 3460.0 1895.0 1467.0 8.0 0.30371 0.127672
alu-v2_31
original 0.0 451.0 730.0 445.0 279.0 8.0 0.7 0.028937
hwb5_53
original 0.0 1336.0 2290.0 1395.0 954.0 7.0 0.1 0.067422
one-two-three-v2_100
original 0.0 69.0 114.0 73.0 45.0 3.0 0.4 0.004053
cycle10_2_110
improve 0.0 6050.0 10649.0 6371.0 4599.0 7.0 0.74371 0.561752
urf6_160
improve 0.0 171840.0 307926.0 174395.0 136086.0 7.0 0.10371 14.942812
ising_model_10
original 0.0 480.0 480.0 110.0 0.0 3.0 0.4 0.055981
sys6-v0_111
original 0.0 215.0 362.0 147.0 147.0 2.0 0.33231 0.016783
plus63mod8192_164
improve 0.0 187112.0 334049.0 197933.0 146937.0 7.0 0.20371 16.068653
mod5adder_127
original 0.0 555.0 993.0 595.0 438.0 2.0 0.33231 0.101849
rd73_140
original 0.0 230.0 392.0 186.0 162.0 4.0 0.22431 0.015823
4mod5-v1_23
original 0.0 69.0 111.0 72.0 42.0 1.0 0.15231 0.006244
graycode6_47
original 0.0 5.0 5.0 5.0 0.0 3.0 0.4 0.000649
ising_model_16
original 0.0 786.0 786.0 176.0 0.0 3.0 0.4 0.007364
ham7_104
original 0.0 320.0 608.0 371.0 288.0 7.0 0.40371 0.036037
ex-1_166
original 0.0 19.0 28.0 18.0 9.0 2.0 0.348715 0.002093
decod24-v3_45
improve 0.0 150.0 297.0 185.0 147.0 4.0 0.76371 0.046248
urf4_187
improve 0.0 512064.0 888858.0 502074.0 376794.0 7.0 0.04371 34.525539
life_238
original 0.0 22445.0 39479.0 23218.0 17034.0 7.0 0.1 1.803447
con1_216
improve 0.0 954.0 1722.0 997.0 768.0 7.0 0.40371 0.09353
hwb6_56
original 0.0 6723.0 11505.0 6744.0 4782.0 8.0 0.92371 0.415629
mod10_176
original 0.0 178.0 283.0 159.0 105.0 8.0 0.30371 0.014311
ex1_226
original 0.0 7.0 10.0 5.0 3.0 3.0 0.4 0.001001
sf_276
original 0.0 778.0 1375.0 841.0 597.0 3.0 0.39231 0.072493
cm152a_212
original 0.0 1221.0 2202.0 1307.0 981.0 7.0 0.40371 0.099548
4gt12-v0_87
original 0.0 247.0 406.0 238.0 159.0 7.0 0.40371 0.018369
decod24-enable_126
original 0.0 338.0 569.0 353.0 231.0 7.0 0.40371 0.02434
radd_250
improve 0.0 3213.0 5628.0 3241.0 2415.0 8.0 0.7 0.232968
pm1_249
original 0.0 1776.0 3036.0 1669.0 1260.0 9.0 0.88371 0.116166
sf_274
original 0.0 781.0 1408.0 877.0 627.0 7.0 0.40371 0.055459
miller_11
original 0.0 50.0 77.0 50.0 27.0 2.0 0.348715 0.003373
rd53_251
improve 0.0 1291.0 2215.0 1308.0 924.0 4.0 0.76371 0.075297
mlp4_245
original 0.0 18852.0 33336.0 19070.0 14484.0 8.0 0.04371 2.016821
9symml_195
improve 0.0 34881.0 61164.0 36314.0 26283.0 7.0 0.74371 2.553204
rd84_142
improve 0.0 343.0 598.0 227.0 255.0 2.0 0.33231 0.072289
inc_237
original 0.0 10619.0 18590.0 10726.0 7971.0 8.0 0.7 0.750242
sqn_258
original 0.0 10223.0 17864.0 10251.0 7641.0 7.0 0.40371 0.821132
alu-v2_33
original 0.0 37.0 61.0 39.0 24.0 3.0 0.4 0.006212
sao2_257
original 0.0 38577.0 68334.0 37110.0 29757.0 7.0 0.14371 3.862591
co14_215
improve 0.0 17936.0 32390.0 16950.0 14454.0 8.0 0.20371 2.95095
decod24-v1_41
improve 0.0 85.0 175.0 110.0 90.0 8.0 0.30371 0.018463
4mod5-v0_20
original 0.0 20.0 29.0 18.0 9.0 3.0 0.4 0.001751
alu-v4_37
original 0.0 37.0 58.0 37.0 21.0 3.0 0.4 0.002335
urf3_155
original 0.0 423488.0 735707.0 423665.0 312219.0 7.0 0.28371 29.033183
misex1_241
improve 0.0 4813.0 8371.0 4840.0 3558.0 8.0 0.30371 0.421633
alu-v0_27
original 0.0 36.0 57.0 37.0 21.0 3.0 0.4 0.003527
4mod5-v1_24
original 0.0 36.0 72.0 39.0 36.0 3.0 0.4 0.008501
4mod7-v1_96
improve 0.0 164.0 278.0 164.0 114.0 4.0 0.76371 0.015846
cm82a_208
improve 0.0 650.0 1100.0 632.0 450.0 4.0 0.42371 0.053593
ham15_107
original 0.0 8763.0 15603.0 9220.0 6840.0 7.0 0.74371 1.076037
0example
improve 0.0 9.0 36.0 31.0 27.0 3.0 0.4 0.015704
dc1_220
improve 0.0 1914.0 3333.0 1996.0 1419.0 5.0 0.28371 0.130674
4gt4-v1_74
original 0.0 273.0 465.0 275.0 192.0 3.0 0.39231 0.019444
rd32-v1_68
original 0.0 36.0 57.0 37.0 21.0 3.0 0.4 0.002584
decod24-v0_38
original 0.0 51.0 78.0 49.0 27.0 2.0 0.348715 0.00414
sym6_316
improve 0.0 270.0 486.0 262.0 216.0 6.0 1.0 0.025899
alu-v0_26
original 0.0 84.0 138.0 81.0 54.0 2.0 0.348715 0.007691
clip_206
original 0.0 33827.0 60077.0 33448.0 26250.0 8.0 0.4 3.142441
4mod5-v0_18
original 0.0 69.0 105.0 66.0 36.0 1.0 0.15231 0.014997
cm85a_209
original 0.0 11414.0 20354.0 11912.0 8940.0 8.0 0.30371 1.509171
alu-v4_36
original 0.0 115.0 187.0 117.0 72.0 7.0 0.40371 0.01314
one-two-three-v0_97
original 0.0 290.0 533.0 312.0 243.0 2.0 0.348715 0.034373
4gt13_90
original 0.0 107.0 170.0 103.0 63.0 8.0 0.30371 0.011005
mod5d2_64
original 0.0 53.0 86.0 56.0 33.0 2.0 0.33231 0.002938
ground_state_estimation_10
improve 0.0 390180.0 439170.0 186395.0 48990.0 9.0 0.64371 12.753422
C17_204
improve 0.0 467.0 788.0 454.0 321.0 8.0 0.7 0.14438
4gt13_92
improve 0.0 66.0 153.0 99.0 87.0 4.0 0.76371 0.016293
rd53_130
improve 0.0 1043.0 1745.0 996.0 702.0 8.0 0.30371 0.064325
alu-v3_34
original 0.0 52.0 82.0 53.0 30.0 1.0 0.22811 0.002738
decod24-bdd_294
original 0.0 73.0 118.0 73.0 45.0 7.0 0.40371 0.006544
4gt5_76
original 0.0 91.0 151.0 102.0 60.0 7.0 0.40371 0.008539
sym9_146
original 0.0 328.0 559.0 244.0 231.0 5.0 0.58371 0.030527
4mod5-v1_22
original 0.0 21.0 30.0 19.0 9.0 1.0 0.22811 0.001547
rd32_270
original 0.0 84.0 135.0 83.0 51.0 3.0 0.4 0.00523
hwb4_49
original 0.0 233.0 389.0 242.0 156.0 7.0 0.40371 0.017612
urf5_280
improve 0.0 49829.0 88973.0 53367.0 39144.0 7.0 0.34371 3.88195
4gt5_77
original 0.0 131.0 209.0 123.0 78.0 7.0 0.40371 0.023746
rd84_253
improve 0.0 13658.0 24110.0 13644.0 10452.0 8.0 0.92371 1.151134
4_49_16
improve 0.0 217.0 409.0 265.0 192.0 5.0 0.58371 0.021882
qft_10
original 0.0 200.0 296.0 107.0 96.0 5.0 0.30831 0.050852
4mod5-bdd_287
original 0.0 70.0 118.0 73.0 48.0 1.0 0.22811 0.003819
qft_16
improve 0.0 512.0 839.0 218.0 327.0 4.0 0.06371 0.397165
urf1_149
improve 0.0 184864.0 315829.0 182920.0 130965.0 7.0 0.5 11.719846
urf5_158
original 0.0 164416.0 280699.0 163475.0 116283.0 7.0 0.3 9.866533
urf3_279
improve 0.0 125362.0 231232.0 140503.0 105870.0 5.0 0.16371 11.296372
4gt12-v0_86
original 0.0 251.0 419.0 261.0 168.0 3.0 0.4 0.050088
4gt4-v0_73
original 0.0 395.0 677.0 395.0 282.0 8.0 0.7 0.019461
alu-v1_29
original 0.0 37.0 58.0 37.0 21.0 3.0 0.4 0.002413
alu-bdd_288
original 0.0 84.0 144.0 89.0 60.0 1.0 0.22811 0.006062
decod24-v2_43
original 0.0 52.0 79.0 48.0 27.0 2.0 0.348715 0.00424
mod8-10_178
original 0.0 342.0 573.0 345.0 231.0 5.0 0.41631 0.028508
one-two-three-v0_98
original 0.0 146.0 269.0 155.0 123.0 3.0 0.00371 0.024266
4gt4-v0_78
improve 0.0 235.0 397.0 242.0 162.0 2.0 0.348715 0.019481
4mod5-v0_19
original 0.0 35.0 56.0 35.0 21.0 2.0 0.348715 0.003654
alu-v2_30
improve 0.0 504.0 894.0 519.0 390.0 8.0 0.7 0.033345
alu-v3_35
original 0.0 37.0 58.0 37.0 21.0 3.0 0.4 0.00309
dist_223
original 0.0 38046.0 67092.0 37148.0 29046.0 7.0 0.1 3.311908
4gt4-v0_79
improve 0.0 231.0 387.0 235.0 156.0 2.0 0.348715 0.02831
hwb8_113
improve 0.0 69380.0 119216.0 70664.0 49836.0 7.0 0.1 4.129177
ex3_229
original 0.0 403.0 742.0 453.0 339.0 5.0 0.33811 0.066618
xor5_254
original 0.0 7.0 10.0 5.0 3.0 3.0 0.4 0.000798
f2_232
original 0.0 1206.0 2100.0 1217.0 894.0 8.0 0.7 0.108458
