rd53_138
improve 21.0 132.0 213.0 113.0 81.0 2.0 0.0115 0.498188 
4gt13-v1_93
original 17.0 68.0 104.0 62.0 36.0 3.0 0.0115 1.847957 
mod5mils_65
original 27.0 35.0 53.0 34.0 18.0 2.0 0.0115 3.442697 
mod5d1_63
original 168.0 22.0 34.0 22.0 12.0 2.0 0.0115 17.269067 
sym10_262
original 0.0 64283.0 113279.0 66147.0 48996.0 7.0 0.3832 4.983402 
aj-e11_165
original 1.0 151.0 241.0 153.0 90.0 2.0 0.0115 2.103168 
hwb9_119
improve 0.0 207775.0 362464.0 213237.0 154689.0 8.0 1.0 20.54546 
4gt11_83
original 1.0 23.0 35.0 26.0 12.0 1.0 0.15 6.54298 
cm42a_207
original 18.0 1776.0 3003.0 1698.0 1227.0 8.0 0.0115 7.927185 
4gt4-v0_72
original 0.0 258.0 438.0 260.0 180.0 2.0 0.15 0.026389 
max46_240
original 0.0 27126.0 47211.0 26579.0 20085.0 7.0 0.3 2.433519 
dc2_222
original 41.0 9462.0 16548.0 9523.0 7086.0 8.0 0.3832 48.714247 
sym9_193
improve 0.0 34881.0 61490.0 36389.0 26601.0 7.0 0.7549 2.867515 
rd53_135
original 0.0 296.0 503.0 305.0 207.0 2.0 0.15 0.045208 
mod10_171
original 11.0 244.0 400.0 252.0 156.0 7.0 0.0115 11.98307 
ising_model_13
original 0.0 633.0 735.0 143.0 102.0 6.0 0.51 3.027743 
adr4_197
improve 25.0 3439.0 5959.0 3380.0 2520.0 7.0 0.277 17.3077 
4gt11_84
original 1.0 18.0 30.0 20.0 12.0 1.0 0.15 6.928572 
4gt11_82
original 8.0 27.0 42.0 33.0 15.0 1.0 0.15 4.926351 
wim_266
original 46.0 986.0 1664.0 935.0 678.0 8.0 0.0115 5.934359 
rd53_131
original 0.0 469.0 778.0 448.0 309.0 4.0 0.15 0.034534 
mod8-10_177
original 4.0 440.0 710.0 425.0 270.0 8.0 0.0115 0.748903 
4gt10-v1_81
original 10.0 148.0 238.0 150.0 90.0 5.0 0.0115 1.643139 
alu-v1_28
original 32.0 37.0 58.0 37.0 21.0 1.0 0.15 42.103466 
cnt3-5_179
original 19.0 175.0 304.0 138.0 129.0 2.0 0.15 6.561133 
square_root_7
original 0.0 7630.0 13378.0 7231.0 5748.0 5.0 0.51 1.346251 
one-two-three-v1_99
original 32.0 132.0 216.0 135.0 84.0 5.0 0.0115 226.158896 
mini_alu_305
original 0.0 173.0 281.0 141.0 108.0 3.0 0.0115 0.557649 
rd53_311
original 0.0 275.0 488.0 242.0 213.0 2.0 0.0115 0.044182 
3_17_13
original 1.0 36.0 57.0 37.0 21.0 1.0 0.15 82.354647 
rd73_252
improve 0.0 5321.0 9164.0 5407.0 3843.0 7.0 0.1708 0.332614 
4gt4-v0_80
original 11.0 179.0 293.0 188.0 114.0 5.0 0.0115 0.311212 
hwb7_59
improve 0.0 24379.0 41401.0 25067.0 17022.0 7.0 0.2239 1.299043 
ham3_102
original 0.0 20.0 32.0 23.0 12.0 1.0 0.15 82.990716 
cnt3-5_180
original 22.0 485.0 803.0 389.0 318.0 5.0 0.51 3.071127 
rd53_133
original 0.0 580.0 970.0 577.0 390.0 3.0 0.0115 0.031568 
4mod7-v0_94
original 9.0 162.0 264.0 165.0 102.0 2.0 0.0115 5.380931 
plus63mod4096_163
improve 0.0 128744.0 229022.0 142126.0 100278.0 7.0 0.277 10.020688 
mini-alu_167
improve 13.0 288.0 474.0 285.0 186.0 2.0 0.0115 4.643205 
root_255
improve 0.0 17159.0 30215.0 17008.0 13056.0 8.0 0.5425 1.372997 
z4_268
improve 0.0 3073.0 5257.0 3123.0 2184.0 7.0 0.0115 8.451607 
majority_239
original 12.0 612.0 1017.0 618.0 405.0 3.0 0.1 0.900763 
ex2_227
original 0.0 631.0 1072.0 647.0 441.0 7.0 0.1 0.041528 
urf2_277
improve 0.0 20112.0 36873.0 23291.0 16761.0 5.0 0.7 1.311176 
one-two-three-v3_101
original 77.0 70.0 115.0 71.0 45.0 2.0 0.0115 36.154386 
4gt13_91
original 2.0 103.0 166.0 107.0 63.0 2.0 0.15 0.942146 
4gt12-v1_89
original 1.0 228.0 372.0 229.0 144.0 7.0 0.1 0.579288 
sqrt8_260
original 19.0 3009.0 5205.0 2970.0 2196.0 8.0 0.0115 7.736406 
rd32-v0_66
original 11.0 34.0 52.0 34.0 18.0 1.0 0.15 34.088906 
sym9_148
original 0.0 21504.0 37467.0 21499.0 15963.0 8.0 0.277 1.36396 
4gt5_75
original 8.0 83.0 131.0 80.0 48.0 5.0 0.0115 3.439352 
0410184_169
original 37.0 211.0 340.0 180.0 129.0 5.0 0.51 29.379922 
urf2_152
original 0.0 80480.0 137024.0 81194.0 56544.0 7.0 0.2239 4.502706 
urf1_278
improve 0.0 54766.0 99130.0 60496.0 44364.0 7.0 0.3832 4.427339 
sym6_145
improve 0.0 3888.0 6612.0 4179.0 2724.0 7.0 0.0115 0.210052 
alu-v2_32
original 52.0 163.0 265.0 170.0 102.0 5.0 0.1 4.247981 
4gt12-v0_88
original 11.0 194.0 317.0 200.0 123.0 5.0 0.1 0.260124 
squar5_261
original 19.0 1993.0 3415.0 1899.0 1422.0 7.0 0.277 7.629639 
alu-v2_31
original 23.0 451.0 730.0 438.0 279.0 2.0 0.15 13.254109 
hwb5_53
original 0.0 1336.0 2233.0 1399.0 897.0 5.0 0.0115 0.065642 
one-two-three-v2_100
original 96.0 69.0 108.0 66.0 39.0 6.0 0.1 46.464578 
cycle10_2_110
original 0.0 6050.0 10550.0 6239.0 4500.0 7.0 0.3 0.514553 
urf6_160
original 0.0 171840.0 307029.0 174444.0 135189.0 7.0 0.2239 14.2325 
ising_model_10
improve 0.0 480.0 582.0 107.0 102.0 6.0 0.0115 1.052281 
sys6-v0_111
improve 36.0 215.0 356.0 158.0 141.0 1.0 0.15 1.896452 
plus63mod8192_164
improve 0.0 187112.0 337373.0 209037.0 150261.0 7.0 0.1177 14.723917 
mod5adder_127
original 0.0 555.0 948.0 560.0 393.0 8.0 0.0115 0.090711 
rd73_140
original 37.0 230.0 371.0 178.0 141.0 1.0 0.15 1.736182 
4mod5-v1_23
original 34.0 69.0 114.0 76.0 45.0 1.0 0.15 8.578802 
graycode6_47
original 0.0 5.0 29.0 13.0 24.0 1.0 0.15 0.029866 
ising_model_16
improve 0.0 786.0 990.0 138.0 204.0 8.0 0.5425 4.156438 
ham7_104
original 0.0 320.0 539.0 348.0 219.0 5.0 0.0115 0.672983 
ex-1_166
original 4.0 19.0 28.0 18.0 9.0 1.0 0.15 39.133717 
decod24-v3_45
original 8.0 150.0 234.0 137.0 84.0 7.0 0.0115 48.152493 
urf4_187
original 0.0 512064.0 880977.0 486702.0 368913.0 7.0 0.6 48.070151 
life_238
original 0.0 22445.0 39206.0 23291.0 16761.0 7.0 0.5425 1.596022 
con1_216
original 0.0 954.0 1632.0 919.0 678.0 8.0 0.5425 0.063429 
hwb6_56
original 0.0 6723.0 11586.0 6746.0 4863.0 8.0 0.2239 0.363088 
mod10_176
original 11.0 178.0 280.0 167.0 102.0 8.0 0.0115 7.215486 
ex1_226
original 0.0 7.0 13.0 9.0 6.0 1.0 0.15 0.001678 
sf_276
original 13.0 778.0 1258.0 748.0 480.0 3.0 0.0115 1.623628 
cm152a_212
improve 0.0 1221.0 2100.0 1196.0 879.0 8.0 0.0115 0.099943 
4gt12-v0_87
original 0.0 247.0 403.0 239.0 156.0 2.0 0.15 0.015975 
decod24-enable_126
original 1.0 338.0 563.0 356.0 225.0 2.0 0.0115 0.628154 
radd_250
improve 0.0 3213.0 5607.0 3311.0 2394.0 7.0 0.2 0.222728 
pm1_249
original 18.0 1776.0 3003.0 1698.0 1227.0 8.0 0.0115 7.95198 
sf_274
original 13.0 781.0 1270.0 738.0 489.0 4.0 0.0115 1.836062 
miller_11
original 109.0 50.0 77.0 50.0 27.0 1.0 0.15 48.425635 
rd53_251
improve 0.0 1291.0 2188.0 1305.0 897.0 8.0 0.0115 0.068244 
mlp4_245
improve 4.0 18852.0 33195.0 19485.0 14343.0 7.0 0.7549 106.169549 
9symml_195
improve 0.0 34881.0 61490.0 36389.0 26601.0 7.0 0.7549 2.894025 
rd84_142
original 46.0 343.0 577.0 209.0 234.0 5.0 0.15 8.40134 
inc_237
original 16.0 10619.0 18320.0 10699.0 7701.0 7.0 0.0115 31.976332 
sqn_258
improve 0.0 10223.0 17681.0 10334.0 7458.0 7.0 0.277 0.656339 
alu-v2_33
original 95.0 37.0 58.0 37.0 21.0 7.0 0.1 26.519706 
sao2_257
improve 0.0 38577.0 68907.0 39442.0 30330.0 7.0 0.1177 3.075675 
co14_215
improve 0.0 17936.0 32228.0 16796.0 14292.0 7.0 0.5425 2.636408 
decod24-v1_41
original 17.0 85.0 136.0 85.0 51.0 2.0 0.0115 3.761102 
4mod5-v0_20
original 2.0 20.0 29.0 18.0 9.0 1.0 0.15 56.60462 
alu-v4_37
original 1.0 37.0 61.0 41.0 24.0 2.0 0.0115 8.703063 
urf3_155
original 0.0 423488.0 732140.0 425078.0 308652.0 7.0 0.7 36.801692 
misex1_241
improve 0.0 4813.0 8347.0 4992.0 3534.0 7.0 0.1 0.453434 
alu-v0_27
original 89.0 36.0 60.0 36.0 24.0 1.0 0.15 11.447015 
4mod5-v1_24
original 32.0 36.0 57.0 35.0 21.0 2.0 0.15 65.540478 
4mod7-v1_96
original 3.0 164.0 263.0 156.0 99.0 7.0 0.1 14.165711 
cm82a_208
improve 15.0 650.0 1082.0 623.0 432.0 4.0 0.15 1.97632 
ham15_107
original 20.0 8763.0 15243.0 8840.0 6480.0 7.0 0.1 61.700839 
0example
original 3.0 9.0 18.0 13.0 9.0 2.0 0.0115 13.828438 
dc1_220
improve 0.0 1914.0 3324.0 1838.0 1410.0 8.0 0.0115 0.124343 
4gt4-v1_74
original 0.0 273.0 450.0 273.0 177.0 7.0 0.1 0.01999 
rd32-v1_68
original 11.0 36.0 54.0 34.0 18.0 1.0 0.15 21.841286 
decod24-v0_38
original 11.0 51.0 81.0 51.0 30.0 1.0 0.15 10.349086 
sym6_316
original 0.0 270.0 501.0 269.0 231.0 2.0 0.15 0.071829 
alu-v0_26
original 34.0 84.0 132.0 79.0 48.0 5.0 0.1 1.059798 
clip_206
improve 0.0 33827.0 59666.0 34346.0 25839.0 7.0 0.3832 3.572096 
4mod5-v0_18
original 34.0 69.0 108.0 69.0 39.0 5.0 0.1 5.23186 
cm85a_209
original 0.0 11414.0 19895.0 11574.0 8481.0 8.0 0.277 0.871243 
alu-v4_36
original 9.0 115.0 187.0 115.0 72.0 7.0 0.0115 30.008049 
one-two-three-v0_97
original 5.0 290.0 473.0 297.0 183.0 3.0 0.1 2.060097 
4gt13_90
original 6.0 107.0 173.0 111.0 66.0 2.0 0.0115 0.806441 
mod5d2_64
original 7.0 53.0 86.0 58.0 33.0 1.0 0.15 8.422749 
ground_state_estimation_10
original 0.0 390180.0 443331.0 206409.0 53151.0 7.0 0.0115 11.593174 
C17_204
original 0.0 467.0 803.0 494.0 336.0 7.0 0.277 0.140389 
4gt13_92
original 95.0 66.0 108.0 68.0 42.0 2.0 0.0115 38.869456 
rd53_130
improve 0.0 1043.0 1754.0 1051.0 711.0 7.0 0.0115 0.054977 
alu-v3_34
original 41.0 52.0 82.0 51.0 30.0 2.0 0.0115 2.768963 
decod24-bdd_294
original 0.0 73.0 115.0 72.0 42.0 5.0 0.0115 0.007252 
4gt5_76
original 1.0 91.0 145.0 91.0 54.0 2.0 0.0115 1.787364 
sym9_146
improve 13.0 328.0 559.0 270.0 231.0 2.0 0.0115 3.687612 
4mod5-v1_22
original 2.0 21.0 30.0 19.0 9.0 1.0 0.15 6.040843 
rd32_270
original 34.0 84.0 132.0 80.0 48.0 2.0 0.0115 2.932876 
hwb4_49
original 55.0 233.0 377.0 237.0 144.0 2.0 0.0115 1.370264 
urf5_280
improve 0.0 49829.0 88664.0 54329.0 38835.0 7.0 0.0646 3.765323 
4gt5_77
original 3.0 131.0 212.0 133.0 81.0 6.0 0.15 82.099918 
rd84_253
original 0.0 13658.0 24017.0 13413.0 10359.0 8.0 0.0115 1.079359 
4_49_16
original 64.0 217.0 355.0 225.0 138.0 2.0 0.0115 3.156106 
qft_10
original 0.0 200.0 260.0 58.0 60.0 2.0 0.0115 0.176752 
4mod5-bdd_287
original 47.0 70.0 112.0 73.0 42.0 2.0 0.0115 0.239423 
qft_16
improve 0.0 512.0 743.0 163.0 231.0 5.0 0.7 1.02655 
urf1_149
original 0.0 184864.0 319507.0 187148.0 134643.0 7.0 0.3832 10.975495 
urf5_158
improve 0.0 164416.0 280549.0 167749.0 116133.0 7.0 0.277 9.646834 
urf3_279
original 0.0 125362.0 229555.0 138572.0 104193.0 7.0 0.1708 11.104163 
4gt12-v0_86
original 0.0 251.0 413.0 246.0 162.0 2.0 0.15 0.063059 
4gt4-v0_73
original 9.0 395.0 647.0 398.0 252.0 2.0 0.0115 0.741055 
alu-v1_29
original 89.0 37.0 61.0 36.0 24.0 1.0 0.15 11.316895 
alu-bdd_288
original 17.0 84.0 138.0 86.0 54.0 1.0 0.15 0.67355 
decod24-v2_43
original 0.0 52.0 82.0 52.0 30.0 2.0 0.0115 12.361491 
mod8-10_178
original 1.0 342.0 558.0 348.0 216.0 5.0 0.4 0.995135 
one-two-three-v0_98
original 1.0 146.0 233.0 144.0 87.0 5.0 0.0115 56.033824 
4gt4-v0_78
original 0.0 235.0 391.0 247.0 156.0 2.0 0.15 0.42797 
4mod5-v0_19
original 27.0 35.0 53.0 34.0 18.0 2.0 0.0115 5.186035 
alu-v2_30
original 0.0 504.0 846.0 522.0 342.0 5.0 0.0115 0.032813 
alu-v3_35
original 7.0 37.0 58.0 33.0 21.0 2.0 0.0115 1.856338 
dist_223
improve 0.0 38046.0 66813.0 37966.0 28767.0 7.0 0.1708 3.386127 
4gt4-v0_79
original 0.0 231.0 378.0 239.0 147.0 2.0 0.15 0.437735 
hwb8_113
original 0.0 69380.0 118733.0 70866.0 49353.0 7.0 0.3832 3.880359 
ex3_229
original 11.0 403.0 667.0 408.0 264.0 2.0 0.15 0.760331 
xor5_254
original 0.0 7.0 13.0 9.0 6.0 1.0 0.15 0.001715 
f2_232
original 7.0 1206.0 1995.0 1183.0 789.0 7.0 0.1 2.295477 
