rd53_138
original 21 132 216 102 84 7.000000 0.500100 0.798084
4gt13-v1_93
original 17 68 104 62 36 7.000000 0.500100 2.342367
mod5mils_65
original 2 35 59 37 24 7.000000 0.500100 4.208649
mod5d1_63
original 168 22 34 22 12 7.000000 0.500100 18.440137
sym10_262
improve 0 64283 114314 67515 49974 7.000000 0.500100 20.337160
aj-e11_165
original 67 151 244 151 93 7.000000 0.500100 1.866942
hwb9_119
original 0 207775 362716 216442 154941 7.000000 0.500100 26.577931
4gt11_83
original 1 23 35 26 12 7.000000 0.500100 35.087379
cm42a_207
original 48 1776 3030 1727 1254 7.000000 0.500100 8.757279
4gt4-v0_72
improve 0 258 450 263 192 7.000000 0.500100 0.017716
max46_240
original 0 27126 47670 26957 20544 7.000000 0.500100 3.594103
dc2_222
improve 42 9462 16629 9711 7167 7.000000 0.500100 182.678656
sym9_193
improve 0 34881 62625 37363 27687 7.000000 0.500100 8.461636
rd53_135
original 0 296 521 317 225 7.000000 0.500100 0.028380
mod10_171
original 11 244 400 252 156 7.000000 0.500100 12.667497
ising_model_13
improve 0 633 816 109 183 7.000000 0.500100 2.614130
adr4_197
original 0 3439 6013 3428 2574 7.000000 0.500100 107.331387
4gt11_84
original 13 18 30 18 12 7.000000 0.500100 4.228009
4gt11_82
original 26 27 42 29 15 7.000000 0.500100 3.992545
wim_266
original 46 986 1682 962 696 7.000000 0.500100 17.826532
rd53_131
improve 0 469 802 495 333 7.000000 0.500100 0.035828
mod8-10_177
original 4 440 743 453 303 7.000000 0.500100 0.731284
4gt10-v1_81
original 40 148 244 151 96 7.000000 0.500100 1.343233
alu-v1_28
original 41 37 61 37 24 7.000000 0.500100 27.133751
cnt3-5_179
original 14 175 304 123 129 7.000000 0.500100 4.495239
square_root_7
original 0 7630 13492 7105 5862 7.000000 0.500100 3.533731
