rd53_138
improve 19 132 219 112 87 8.000000 0.550100 2.787786
4gt13-v1_93
original 17 68 113 67 45 8.000000 0.550100 13.529350
mod5mils_65
original 0 35 59 36 24 8.000000 0.550100 4.462408
mod5d1_63
original 2 22 37 26 15 8.000000 0.550100 20.452471
sym10_262
improve 0 64283 114750 66251 50457 8.000000 0.550100 7.318538
aj-e11_165
original 1 151 247 154 96 8.000000 0.550100 2.168791
hwb9_119
improve 0 207775 364293 214158 156480 8.000000 0.550100 23.068990
4gt11_83
original 1 23 35 26 12 8.000000 0.550100 4.261260
cm42a_207
original 13 1776 3036 1699 1260 8.000000 0.550100 11.024425
4gt4-v0_72
improve 0 258 435 244 177 8.000000 0.550100 0.020046
max46_240
improve 0 27126 47424 26959 20295 8.000000 0.550100 2.409867
dc2_222
original 16 9462 16647 9669 7185 8.000000 0.550100 214.850052
sym9_193
original 0 34881 62466 36068 27585 8.000000 0.550100 6.471406
rd53_135
improve 0 296 521 316 225 8.000000 0.550100 0.045273
mod10_171
original 0 244 412 261 168 8.000000 0.550100 12.620843
ising_model_13
original 0 633 699 143 66 8.000000 0.550100 0.905195
adr4_197
original 36 3439 6034 3376 2595 8.000000 0.550100 155.997661
4gt11_84
original 13 18 30 20 12 8.000000 0.550100 4.622702
4gt11_82
original 7 27 42 33 15 8.000000 0.550100 3.156479
wim_266
improve 2 986 1691 933 705 8.000000 0.550100 23.888290
rd53_131
original 0 469 796 484 327 8.000000 0.550100 0.034986
mod8-10_177
original 4 440 725 452 285 8.000000 0.550100 0.766916
4gt10-v1_81
original 10 148 238 147 90 8.000000 0.550100 1.264137
alu-v1_28
original 41 37 61 39 24 8.000000 0.550100 25.344646
cnt3-5_179
original 14 175 310 119 135 8.000000 0.550100 4.728226
square_root_7
improve 0 7630 13796 7620 6159 8.000000 0.550100 3.582008
one-two-three-v1_99
original 34 132 228 142 96 8.000000 0.550100 301.408027
mini_alu_305
improve 7 173 290 139 117 8.000000 0.550100 1.786263
rd53_311
original 0 275 521 266 246 8.000000 0.550100 0.040087
3_17_13
original 0 36 60 41 24 8.000000 0.550100 72.815960
rd73_252
improve 0 5321 9170 5319 3849 8.000000 0.550100 0.366997
4gt4-v0_80
original 3 179 305 189 126 8.000000 0.550100 0.346138
hwb7_59
improve 0 24379 41767 24990 17388 8.000000 0.550100 1.417474
ham3_102
original 7 20 35 21 15 8.000000 0.550100 74.460394
cnt3-5_180
original 0 485 833 387 348 8.000000 0.550100 14.628677
rd53_133
improve 0 580 1027 655 447 8.000000 0.550100 0.073566
4mod7-v0_94
original 9 162 270 171 108 8.000000 0.550100 3.759141
plus63mod4096_163
improve 0 128744 230436 138422 101646 8.000000 0.550100 18.247964
mini-alu_167
original 5 288 480 301 192 8.000000 0.550100 5.577884
root_255
improve 0 17159 30557 17097 13398 8.000000 0.550100 1.526519
z4_268
original 2 3073 5320 3021 2247 8.000000 0.550100 29.963420
majority_239
original 18 612 1029 624 417 8.000000 0.550100 1.090270
ex2_227
original 0 631 1078 640 447 8.000000 0.550100 0.048625
urf2_277
improve 0 20112 38337 25107 18225 8.000000 0.550100 1.653823
one-two-three-v3_101
original 1 70 118 73 48 8.000000 0.550100 28.620472
4gt13_91
original 0 103 172 100 69 8.000000 0.550100 0.840623
4gt12-v1_89
original 46 228 381 233 153 8.000000 0.550100 0.648857
sqrt8_260
improve 33 3009 5283 3049 2274 8.000000 0.550100 59.636327
rd32-v0_66
original 0 34 52 33 18 8.000000 0.550100 16.717558
sym9_148
original 0 21504 38262 22532 16758 8.000000 0.550100 3.873529
4gt5_75
original 1 83 140 84 57 8.000000 0.550100 3.512640
0410184_169
original 37 211 346 184 135 8.000000 0.550100 289.245651
urf2_152
improve 0 80480 139202 84065 58722 8.000000 0.550100 4.941425
urf1_278
original 0 54766 100954 61123 46188 8.000000 0.550100 12.865391
sym6_145
improve 0 3888 6648 4187 2760 8.000000 0.550100 0.236482
alu-v2_32
original 1 163 277 165 114 8.000000 0.550100 10.132933
4gt12-v0_88
original 3 194 320 193 126 8.000000 0.550100 0.335492
squar5_261
original 50 1993 3457 1942 1464 8.000000 0.550100 9.155624
alu-v2_31
original 1 451 730 437 279 8.000000 0.550100 8.507785
hwb5_53
original 0 1336 2287 1429 951 8.000000 0.550100 0.073956
one-two-three-v2_100
original 3 69 117 76 48 8.000000 0.550100 43.335379
cycle10_2_110
original 0 6050 10532 6159 4482 8.000000 0.550100 4.315883
urf6_160
improve 0 171840 311454 178495 139578 8.000000 0.550100 20.828156
ising_model_10
original 0 480 582 110 102 8.000000 0.550100 0.455407
sys6-v0_111
original 14 215 368 145 153 8.000000 0.550100 1.195912
plus63mod8192_164
improve 0 187112 341342 209121 154008 8.000000 0.550100 64.732738
mod5adder_127
original 0 555 972 561 417 8.000000 0.550100 0.103527
rd73_140
original 28 230 389 177 159 8.000000 0.550100 4.987203
4mod5-v1_23
original 8 69 123 82 54 8.000000 0.550100 6.157825
graycode6_47
original 0 5 29 13 24 8.000000 0.550100 0.020026
ising_model_16
improve 0 786 1074 164 288 8.000000 0.550100 2.503512
ham7_104
original 26 320 557 348 237 8.000000 0.550100 0.655512
ex-1_166
original 0 19 31 21 12 8.000000 0.550100 30.754098
decod24-v3_45
original 8 150 243 146 93 8.000000 0.550100 36.913269
urf4_187
original 0 512064 902397 499080 390333 8.000000 0.550100 40.303553
life_238
improve 0 22445 39425 23036 16980 8.000000 0.550100 1.808453
con1_216
improve 0 954 1641 944 687 8.000000 0.550100 0.084817
hwb6_56
original 0 6723 11574 6886 4851 8.000000 0.550100 0.393549
mod10_176
original 5 178 280 171 102 8.000000 0.550100 18.911518
ex1_226
original 0 7 13 9 6 8.000000 0.550100 0.001752
sf_276
original 23 778 1309 786 531 8.000000 0.550100 1.992359
cm152a_212
improve 0 1221 2140 1278 915 8.000000 0.550100 0.886124
4gt12-v0_87
original 0 247 421 254 174 8.000000 0.550100 0.018647
decod24-enable_126
original 10 338 581 353 243 8.000000 0.550100 0.563344
radd_250
improve 0 3213 5703 3335 2490 8.000000 0.550100 0.264375
pm1_249
original 13 1776 3036 1699 1260 8.000000 0.550100 11.276789
sf_274
original 1 781 1315 799 534 8.000000 0.550100 2.056960
miller_11
original 10 50 83 53 33 8.000000 0.550100 12.657604
rd53_251
improve 0 1291 2227 1353 936 8.000000 0.550100 0.100174
