rd53_138
original 5 132 213 107 81 2.000000 0.620000 1.870008
4gt13-v1_93
original 1 68 107 69 39 2.000000 0.620000 12.826066
mod5mils_65
original 2 35 53 34 18 2.000000 0.620000 3.270203
mod5d1_63
original 168 22 34 22 12 2.000000 0.620000 16.832577
sym10_262
improve 0 64283 118758 70472 54384 2.000000 0.620000 25.448877
aj-e11_165
improve 1 151 247 149 96 2.000000 0.620000 4.689350
hwb9_119
improve 0 207775 371707 223968 163797 2.000000 0.620000 46.001991
4gt11_83
original 1 23 35 26 12 2.000000 0.620000 2.018809
cm42a_207
original 25 1776 3105 1805 1329 2.000000 0.620000 17.504139
4gt4-v0_72
original 0 258 444 257 186 2.000000 0.620000 0.016508
max46_240
improve 0 27126 48577 27854 21408 2.000000 0.620000 11.793254
dc2_222
original 13 9462 17166 10232 7704 2.000000 0.620000 314.682087
sym9_193
original 0 34881 65604 39322 30723 2.000000 0.620000 31.734607
rd53_135
improve 0 296 512 309 216 2.000000 0.620000 0.026910
mod10_171
original 37 244 403 249 159 2.000000 0.620000 11.554860
ising_model_13
improve 0 633 843 142 210 2.000000 0.620000 0.766242
adr4_197
improve 33 3439 6225 3585 2778 2.000000 0.620000 116.607607
4gt11_84
original 13 18 30 20 12 2.000000 0.620000 3.749879
4gt11_82
original 26 27 42 29 15 2.000000 0.620000 4.276472
wim_266
improve 2 986 1697 982 711 2.000000 0.620000 17.393445
rd53_131
improve 0 469 814 495 345 2.000000 0.620000 0.033135
mod8-10_177
original 14 440 731 446 291 2.000000 0.620000 0.680909
4gt10-v1_81
improve 66 148 244 144 96 2.000000 0.620000 1.250565
alu-v1_28
original 41 37 58 37 21 2.000000 0.620000 24.312133
cnt3-5_179
original 19 175 307 122 132 2.000000 0.620000 4.407911
square_root_7
improve 0 7630 14134 7987 6489 2.000000 0.620000 3.788624
