rd53_138
original 21 132 216 102 84 7.000000 0.810000 0.823532
4gt13-v1_93
original 17 68 107 64 39 7.000000 0.810000 2.350079
mod5mils_65
original 2 35 59 37 24 7.000000 0.810000 4.240527
mod5d1_63
original 168 22 34 22 12 7.000000 0.810000 18.526592
sym10_262
improve 0 64283 114314 67515 49974 7.000000 0.810000 20.185386
aj-e11_165
original 1 151 244 153 93 7.000000 0.810000 1.986273
hwb9_119
original 0 207775 362716 216442 154941 7.000000 0.810000 26.995527
4gt11_83
original 1 23 35 26 12 7.000000 0.810000 35.876938
cm42a_207
original 48 1776 3030 1727 1254 7.000000 0.810000 8.638184
4gt4-v0_72
improve 0 258 450 263 192 7.000000 0.810000 0.020488
max46_240
original 0 27126 47670 26957 20544 7.000000 0.810000 3.477889
dc2_222
improve 42 9462 16629 9711 7167 7.000000 0.810000 184.387500
sym9_193
improve 0 34881 62625 37363 27687 7.000000 0.810000 8.434703
rd53_135
original 0 296 521 317 225 7.000000 0.810000 0.027257
mod10_171
original 11 244 400 252 156 7.000000 0.810000 12.837148
ising_model_13
improve 0 633 816 109 183 7.000000 0.810000 2.549048
adr4_197
original 0 3439 6013 3428 2574 7.000000 0.810000 105.244972
4gt11_84
original 1 18 30 20 12 7.000000 0.810000 4.338673
4gt11_82
original 26 27 42 29 15 7.000000 0.810000 3.942286
wim_266
original 46 986 1682 962 696 7.000000 0.810000 18.028409
rd53_131
improve 0 469 802 495 333 7.000000 0.810000 0.033624
mod8-10_177
improve 4 440 731 456 291 7.000000 0.810000 0.740361
4gt10-v1_81
original 40 148 244 151 96 7.000000 0.810000 1.293815
alu-v1_28
original 41 37 61 37 24 7.000000 0.810000 27.364014
cnt3-5_179
original 14 175 304 123 129 7.000000 0.810000 4.621111
square_root_7
original 0 7630 13471 7100 5841 7.000000 0.810000 2.941518
one-two-three-v1_99
original 32 132 222 142 90 7.000000 0.810000 234.281254
mini_alu_305
original 9 173 290 134 117 7.000000 0.810000 0.610543
rd53_311
original 0 275 527 263 252 7.000000 0.810000 0.049043
3_17_13
original 0 36 57 38 21 7.000000 0.810000 74.847922
rd73_252
improve 0 5321 9248 5505 3927 7.000000 0.810000 0.366843
4gt4-v0_80
original 21 179 296 180 117 7.000000 0.810000 0.351899
hwb7_59
improve 0 24379 41440 24563 17061 7.000000 0.810000 1.509429
ham3_102
original 2 20 35 21 15 7.000000 0.810000 75.233020
cnt3-5_180
original 29 485 815 385 330 7.000000 0.810000 5.458851
rd53_133
improve 0 580 1006 646 426 7.000000 0.810000 0.081502
4mod7-v0_94
original 32 162 267 165 105 7.000000 0.810000 4.290636
plus63mod4096_163
improve 0 128744 229662 139347 100872 7.000000 0.810000 20.024429
mini-alu_167
original 1 288 477 294 189 7.000000 0.810000 5.055027
root_255
improve 0 17159 30869 17576 13710 7.000000 0.810000 2.076330
z4_268
original 1 3073 5290 3106 2217 7.000000 0.810000 46.884399
majority_239
original 7 612 1026 622 414 7.000000 0.810000 1.107124
ex2_227
original 0 631 1075 659 444 7.000000 0.810000 0.041949
urf2_277
original 0 20112 37593 22970 17481 7.000000 0.810000 4.394523
one-two-three-v3_101
original 7 70 115 72 45 7.000000 0.810000 38.580230
4gt13_91
original 10 103 166 105 63 7.000000 0.810000 0.781399
4gt12-v1_89
original 46 228 378 234 150 7.000000 0.810000 0.637812
sqrt8_260
improve 33 3009 5232 3065 2223 7.000000 0.810000 24.762902
rd32-v0_66
original 0 34 52 33 18 7.000000 0.810000 13.553001
sym9_148
improve 0 21504 37563 23047 16059 7.000000 0.810000 1.370194
4gt5_75
original 8 83 134 80 51 7.000000 0.810000 3.620382
0410184_169
improve 24 211 346 175 135 7.000000 0.810000 373.008772
urf2_152
improve 0 80480 137570 81839 57090 7.000000 0.810000 4.864204
urf1_278
improve 0 54766 99652 61751 44868 7.000000 0.810000 9.183912
sym6_145
original 0 3888 6606 4073 2718 7.000000 0.810000 0.223604
alu-v2_32
original 37 163 265 162 102 7.000000 0.810000 4.334012
4gt12-v0_88
original 3 194 317 190 123 7.000000 0.810000 0.337653
squar5_261
original 38 1993 3442 1939 1449 7.000000 0.810000 19.474912
alu-v2_31
original 12 451 748 451 297 7.000000 0.810000 8.912196
hwb5_53
improve 0 1336 2278 1403 942 7.000000 0.810000 0.078946
one-two-three-v2_100
original 96 69 108 66 39 7.000000 0.810000 44.479781
cycle10_2_110
original 0 6050 10664 6414 4614 7.000000 0.810000 0.432979
urf6_160
improve 0 171840 308720 177328 136788 7.000000 0.810000 52.436226
ising_model_10
original 0 480 597 110 117 7.000000 0.810000 0.452874
sys6-v0_111
improve 14 215 365 163 150 7.000000 0.810000 1.695975
plus63mod8192_164
original 0 187112 338096 204027 150984 7.000000 0.810000 95.965721
mod5adder_127
improve 0 555 975 601 420 7.000000 0.810000 0.087442
rd73_140
original 35 230 389 186 159 7.000000 0.810000 2.531551
4mod5-v1_23
original 75 69 120 76 51 7.000000 0.810000 4.452398
graycode6_47
original 0 5 29 13 24 7.000000 0.810000 0.018907
ising_model_16
original 0 786 1005 176 219 7.000000 0.810000 158.475014
ham7_104
original 30 320 545 350 225 7.000000 0.810000 0.698726
ex-1_166
original 0 19 31 21 12 7.000000 0.810000 30.180194
decod24-v3_45
original 8 150 234 137 84 7.000000 0.810000 57.668955
urf4_187
original 0 512064 900282 505169 388218 7.000000 0.810000 52.750706
life_238
improve 0 22445 39476 23521 17022 7.000000 0.810000 3.585688
con1_216
original 0 954 1662 948 708 7.000000 0.810000 0.083437
hwb6_56
original 0 6723 11601 6925 4878 7.000000 0.810000 1.189466
mod10_176
original 5 178 286 173 108 7.000000 0.810000 9.225632
ex1_226
original 0 7 16 10 9 7.000000 0.810000 0.001871
sf_276
original 13 778 1276 763 498 7.000000 0.810000 1.961907
cm152a_212
improve 0 1221 2124 1292 903 7.000000 0.810000 0.104387
4gt12-v0_87
original 0 247 415 241 168 7.000000 0.810000 0.017640
decod24-enable_126
original 1 338 581 371 243 7.000000 0.810000 0.590623
radd_250
improve 0 3213 5676 3465 2463 7.000000 0.810000 0.230523
pm1_249
original 48 1776 3030 1727 1254 7.000000 0.810000 8.911391
sf_274
original 6 781 1285 763 504 7.000000 0.810000 2.084534
miller_11
original 0 50 86 59 36 7.000000 0.810000 12.398275
rd53_251
original 0 1291 2221 1372 930 7.000000 0.810000 0.074872
mlp4_245
improve 10 18852 33222 19909 14370 7.000000 0.810000 440.650311
9symml_195
improve 0 34881 62625 37363 27687 7.000000 0.810000 8.551488
rd84_142
original 45 343 598 225 255 7.000000 0.810000 12.595515
inc_237
improve 2 10619 18311 10854 7692 7.000000 0.810000 81.106352
sqn_258
original 0 10223 17747 10201 7524 7.000000 0.810000 0.820280
alu-v2_33
original 1 37 61 40 24 7.000000 0.810000 26.667647
sao2_257
original 0 38577 69438 38542 30861 7.000000 0.810000 6.947843
co14_215
improve 0 17936 32985 17472 15045 7.000000 0.810000 3.599784
decod24-v1_41
original 17 85 139 87 54 7.000000 0.810000 1.734909
4mod5-v0_20
original 2 20 29 18 9 7.000000 0.810000 40.925184
alu-v4_37
original 3 37 61 40 24 7.000000 0.810000 4.333612
urf3_155
improve 0 423488 733133 437874 309636 7.000000 0.810000 29.766599
misex1_241
original 0 4813 8674 5256 3861 7.000000 0.810000 0.812826
alu-v0_27
original 89 36 60 36 24 7.000000 0.810000 4.335416
4mod5-v1_24
original 2 36 60 39 24 7.000000 0.810000 39.816812
4mod7-v1_96
original 32 164 266 159 102 7.000000 0.810000 19.427289
cm82a_208
original 10 650 1094 660 444 7.000000 0.810000 1.455532
ham15_107
original 2 8763 15360 8981 6597 7.000000 0.810000 916.408107
0example
original 3 9 18 13 9 7.000000 0.810000 15.370247
dc1_220
original 0 1914 3339 1917 1425 7.000000 0.810000 0.170002
4gt4-v1_74
original 0 273 462 282 189 7.000000 0.810000 0.021810
rd32-v1_68
original 0 36 54 33 18 7.000000 0.810000 13.404330
decod24-v0_38
original 1 51 84 55 33 7.000000 0.810000 9.826217
sym6_316
improve 0 270 513 282 243 7.000000 0.810000 0.040745
alu-v0_26
original 1 84 138 89 54 7.000000 0.810000 1.222688
clip_206
original 0 33827 59633 33793 25806 7.000000 0.810000 28.159517
4mod5-v0_18
original 2 69 111 69 42 7.000000 0.810000 4.821479
cm85a_209
improve 0 11414 20135 12260 8721 7.000000 0.810000 0.906902
alu-v4_36
original 12 115 187 115 72 7.000000 0.810000 35.333400
one-two-three-v0_97
original 40 290 476 288 186 7.000000 0.810000 2.318184
4gt13_90
original 10 107 176 115 69 7.000000 0.810000 0.881315
mod5d2_64
original 18 53 89 60 36 7.000000 0.810000 5.765298
ground_state_estimation_10
improve 0 390180 446346 200511 56166 7.000000 0.810000 12.354381
C17_204
improve 0 467 809 497 342 7.000000 0.810000 0.148394
4gt13_92
original 7 66 111 65 45 7.000000 0.810000 58.607023
rd53_130
original 0 1043 1757 1026 714 7.000000 0.810000 0.055921
alu-v3_34
original 98 52 82 49 30 7.000000 0.810000 3.058325
decod24-bdd_294
original 0 73 115 71 42 7.000000 0.810000 0.006698
4gt5_76
original 64 91 145 93 54 7.000000 0.810000 2.113070
sym9_146
improve 3 328 571 278 243 7.000000 0.810000 6.340169
4mod5-v1_22
original 2 21 33 22 12 7.000000 0.810000 5.564496
rd32_270
original 9 84 135 85 51 7.000000 0.810000 3.196252
hwb4_49
original 1 233 380 242 147 7.000000 0.810000 1.488544
urf5_280
improve 0 49829 88880 54806 39048 7.000000 0.810000 4.499301
4gt5_77
original 1 131 215 130 84 7.000000 0.810000 67.104294
rd84_253
original 0 13658 24191 13695 10533 7.000000 0.810000 4.456841
4_49_16
original 24 217 358 225 141 7.000000 0.810000 2.844127
qft_10
original 0 200 266 69 66 7.000000 0.810000 0.463635
4mod5-bdd_287
original 1 70 118 78 48 7.000000 0.810000 0.234092
qft_16
improve 0 512 854 199 282 7.000000 0.810000 12.459008
urf1_149
improve 0 184864 320719 191009 135837 7.000000 0.810000 15.487213
