rd53_138
original 25 132 213 110 81 2.000000 0.200100 0.412357
4gt13-v1_93
original 0 68 107 69 39 2.000000 0.200100 11.885591
mod5mils_65
original 27 35 53 34 18 2.000000 0.200100 3.470486
mod5d1_63
original 124 22 34 22 12 2.000000 0.200100 21.923814
sym10_262
improve 0 64283 118752 71192 54435 2.000000 0.200100 17.603420
aj-e11_165
original 1 151 250 160 99 2.000000 0.200100 2.437310
hwb9_119
improve 0 207775 374452 227178 166548 2.000000 0.200100 36.427574
4gt11_83
original 1 23 35 26 12 2.000000 0.200100 3.115273
cm42a_207
improve 22 1776 3069 1755 1293 2.000000 0.200100 10.799019
4gt4-v0_72
original 0 258 438 255 180 2.000000 0.200100 0.019350
max46_240
improve 0 27126 48954 28202 21813 2.000000 0.200100 4.216750
dc2_222
improve 18 9462 17058 10280 7596 2.000000 0.200100 319.486126
sym9_193
improve 0 34881 65513 40094 30567 2.000000 0.200100 15.915709
rd53_135
improve 0 296 518 320 222 2.000000 0.200100 0.040645
mod10_171
original 11 244 403 249 159 2.000000 0.200100 11.970042
ising_model_13
original 0 633 768 143 135 2.000000 0.200100 0.903496
adr4_197
improve 51 3439 6226 3563 2778 2.000000 0.200100 126.115508
4gt11_84
original 25 18 30 18 12 2.000000 0.200100 4.064011
4gt11_82
original 26 27 42 29 15 2.000000 0.200100 3.643361
wim_266
improve 7 986 1700 1001 714 2.000000 0.200100 32.773715
rd53_131
improve 0 469 823 510 354 2.000000 0.200100 0.027766
mod8-10_177
original 14 440 731 446 291 2.000000 0.200100 0.628110
4gt10-v1_81
original 10 148 241 142 93 2.000000 0.200100 1.215823
alu-v1_28
original 41 37 58 37 21 2.000000 0.200100 23.068966
cnt3-5_179
improve 14 175 307 120 132 2.000000 0.200100 4.604463
square_root_7
original 0 7630 14230 7884 6600 2.000000 0.200100 18.079846
one-two-three-v1_99
original 8 132 219 136 87 2.000000 0.200100 3050.707476
mini_alu_305
original 29 173 290 133 117 2.000000 0.200100 0.517378
rd53_311
original 0 275 494 236 219 2.000000 0.200100 0.063899
3_17_13
original 0 36 57 38 21 2.000000 0.200100 62.436875
rd73_252
original 0 5321 9530 5512 4209 2.000000 0.200100 2.461758
4gt4-v0_80
improve 1 179 299 200 120 2.000000 0.200100 0.257806
hwb7_59
original 0 24379 42682 25193 18303 2.000000 0.200100 1.368419
ham3_102
original 5 20 32 22 12 2.000000 0.200100 61.233851
cnt3-5_180
original 22 485 839 421 354 2.000000 0.200100 17.235260
rd53_133
improve 0 580 1021 664 441 2.000000 0.200100 0.057842
4mod7-v0_94
original 7 162 264 163 102 2.000000 0.200100 4.337073
plus63mod4096_163
improve 0 128744 238010 147306 109107 2.000000 0.200100 43.476398
mini-alu_167
improve 13 288 480 286 192 2.000000 0.200100 7.723657
root_255
improve 0 17159 31661 18214 14481 2.000000 0.200100 7.046610
z4_268
original 1 3073 5413 3107 2340 2.000000 0.200100 37.837177
majority_239
original 33 612 1035 637 423 2.000000 0.200100 1.272141
ex2_227
original 0 631 1102 651 471 2.000000 0.200100 0.046090
urf2_277
original 0 20112 37602 22962 17490 2.000000 0.200100 1.635151
one-two-three-v3_101
original 17 70 115 69 45 2.000000 0.200100 31.116610
4gt13_91
original 6 103 169 107 66 2.000000 0.200100 0.625700
4gt12-v1_89
original 1 228 378 231 150 2.000000 0.200100 0.514235
sqrt8_260
improve 23 3009 5391 3197 2382 2.000000 0.200100 54.754977
rd32-v0_66
original 1 34 52 33 18 2.000000 0.200100 13.704902
sym9_148
improve 0 21504 38427 23572 16923 2.000000 0.200100 1.616619
4gt5_75
original 56 83 131 81 48 2.000000 0.200100 78.289716
0410184_169
original 102 211 355 192 144 2.000000 0.200100 221.729725
urf2_152
original 0 80480 139895 81632 59415 2.000000 0.200100 4.184253
urf1_278
original 0 54766 101731 61854 46965 2.000000 0.200100 11.643250
sym6_145
improve 0 3888 6798 4355 2910 2.000000 0.200100 0.223692
alu-v2_32
improve 64 163 268 164 105 2.000000 0.200100 32.669887
4gt12-v0_88
improve 30 194 320 194 126 2.000000 0.200100 0.259688
squar5_261
original 6 1993 3466 1981 1473 2.000000 0.200100 19.234074
alu-v2_31
original 71 451 733 439 282 2.000000 0.200100 6.530690
hwb5_53
original 0 1336 2296 1429 960 2.000000 0.200100 0.061344
one-two-three-v2_100
original 96 69 111 69 42 2.000000 0.200100 35.633252
cycle10_2_110
improve 0 6050 11030 6657 4980 2.000000 0.200100 0.440515
urf6_160
improve 0 171840 316100 181757 144183 2.000000 0.200100 32.315780
ising_model_10
original 0 480 669 110 189 2.000000 0.200100 2.080234
sys6-v0_111
original 30 215 353 154 138 2.000000 0.200100 4.580324
plus63mod8192_164
improve 0 187112 348229 219087 160794 2.000000 0.200100 76.291225
mod5adder_127
improve 0 555 948 589 393 2.000000 0.200100 0.084559
rd73_140
original 14 230 374 177 144 2.000000 0.200100 1.414029
4mod5-v1_23
original 44 69 114 74 45 2.000000 0.200100 5.734248
graycode6_47
original 0 5 29 13 24 2.000000 0.200100 0.015919
ising_model_16
original 0 786 1059 176 273 2.000000 0.200100 9.250673
ham7_104
original 0 320 548 333 228 2.000000 0.200100 0.668020
ex-1_166
original 0 19 28 18 9 2.000000 0.200100 25.420192
decod24-v3_45
original 9 150 243 145 93 2.000000 0.200100 20.266211
urf4_187
improve 0 512064 924007 522132 411786 2.000000 0.200100 53.961521
life_238
improve 0 22445 40953 24744 18495 2.000000 0.200100 4.855377
con1_216
improve 0 954 1701 1034 747 2.000000 0.200100 0.056430
hwb6_56
original 0 6723 11706 7011 4983 2.000000 0.200100 0.359127
mod10_176
original 11 178 292 172 114 2.000000 0.200100 21.554566
ex1_226
original 0 7 16 11 9 2.000000 0.200100 0.002176
sf_276
original 11 778 1276 788 498 2.000000 0.200100 1.602076
cm152a_212
improve 0 1221 2208 1345 987 2.000000 0.200100 0.121193
4gt12-v0_87
original 0 247 421 251 174 2.000000 0.200100 0.018317
decod24-enable_126
improve 6 338 569 348 231 2.000000 0.200100 0.557168
radd_250
original 0 3213 5934 3450 2721 2.000000 0.200100 0.572471
pm1_249
improve 22 1776 3069 1755 1293 2.000000 0.200100 11.036949
sf_274
original 1 781 1270 790 489 2.000000 0.200100 5.886132
miller_11
original 0 50 77 50 27 2.000000 0.200100 10.570847
rd53_251
original 0 1291 2266 1382 975 2.000000 0.200100 0.070308
mlp4_245
improve 0 18852 34643 20730 15732 2.000000 0.200100 805.810187
9symml_195
improve 0 34881 65513 40094 30567 2.000000 0.200100 15.908387
rd84_142
original 51 343 565 253 222 2.000000 0.200100 20.782138
inc_237
improve 11 10619 19040 11348 8421 2.000000 0.200100 106.672194
sqn_258
improve 0 10223 18233 10664 8010 2.000000 0.200100 0.894327
alu-v2_33
original 1 37 61 39 24 2.000000 0.200100 22.780947
sao2_257
improve 0 38577 71211 41359 32589 2.000000 0.200100 9.668244
co14_215
original 0 17936 34061 17930 16125 2.000000 0.200100 42.946319
decod24-v1_41
original 17 85 139 89 54 2.000000 0.200100 3.646343
4mod5-v0_20
original 2 20 29 18 9 2.000000 0.200100 37.229005
alu-v4_37
original 1 37 61 41 24 2.000000 0.200100 5.441611
urf3_155
improve 0 423488 746991 440821 323400 2.000000 0.200100 44.022471
misex1_241
improve 0 4813 8689 5377 3876 2.000000 0.200100 0.418194
alu-v0_27
original 0 36 60 41 24 2.000000 0.200100 5.244416
4mod5-v1_24
original 2 36 60 39 24 2.000000 0.200100 35.843069
4mod7-v1_96
original 71 164 266 168 102 2.000000 0.200100 16.517876
cm82a_208
original 5 650 1103 642 453 2.000000 0.200100 1.328588
ham15_107
original 28 8763 15855 9351 7092 2.000000 0.200100 612.981168
0example
original 3 9 18 13 9 2.000000 0.200100 13.163429
dc1_220
improve 0 1914 3429 2009 1515 2.000000 0.200100 0.110586
4gt4-v1_74
original 0 273 459 285 186 2.000000 0.200100 0.017697
rd32-v1_68
original 1 36 54 33 18 2.000000 0.200100 13.608075
decod24-v0_38
original 20 51 81 52 30 2.000000 0.200100 7.731898
sym6_316
improve 0 270 522 292 252 2.000000 0.200100 0.027924
alu-v0_26
original 9 84 135 84 51 2.000000 0.200100 5.043192
clip_206
improve 0 33827 62381 36770 28503 2.000000 0.200100 45.481485
4mod5-v0_18
original 44 69 111 70 42 2.000000 0.200100 5.970051
cm85a_209
improve 0 11414 20839 12876 9414 2.000000 0.200100 2.049892
alu-v4_36
original 61 115 184 114 69 2.000000 0.200100 31.453704
one-two-three-v0_97
original 5 290 476 298 186 2.000000 0.200100 1.812664
4gt13_90
original 6 107 173 111 66 2.000000 0.200100 0.757214
mod5d2_64
original 7 53 86 58 33 2.000000 0.200100 5.157325
ground_state_estimation_10
original 0 390180 466995 215576 76815 2.000000 0.200100 10.131793
C17_204
improve 0 467 818 493 351 2.000000 0.200100 0.158994
4gt13_92
original 95 66 108 68 42 2.000000 0.200100 37.354062
rd53_130
original 0 1043 1814 1070 771 2.000000 0.200100 0.056669
alu-v3_34
original 41 52 82 51 30 2.000000 0.200100 2.803705
decod24-bdd_294
original 0 73 127 79 54 2.000000 0.200100 0.005626
4gt5_76
original 1 91 145 91 54 2.000000 0.200100 1.723360
sym9_146
original 51 328 565 276 237 2.000000 0.200100 9.320963
4mod5-v1_22
original 2 21 30 19 9 2.000000 0.200100 5.000678
rd32_270
original 12 84 135 87 51 2.000000 0.200100 3.035877
hwb4_49
improve 25 233 377 235 144 2.000000 0.200100 1.296666
urf5_280
improve 0 49829 91018 55626 41178 2.000000 0.200100 5.557831
4gt5_77
original 8 131 218 135 87 2.000000 0.200100 63.049159
rd84_253
original 0 13658 25085 14430 11427 2.000000 0.200100 4.934417
4_49_16
original 37 217 355 225 138 2.000000 0.200100 3.058387
qft_10
original 0 200 272 71 72 2.000000 0.200100 1.493354
4mod5-bdd_287
original 47 70 115 72 45 2.000000 0.200100 0.232877
qft_16
original 0 512 818 213 306 2.000000 0.200100 10.711544
urf1_149
improve 0 184864 324532 190428 139668 2.000000 0.200100 10.657966
urf5_158
original 0 164416 286858 165637 122442 2.000000 0.200100 13.279295
urf3_279
original 0 125362 237262 142953 111900 2.000000 0.200100 21.465925
4gt12-v0_86
original 0 251 431 259 180 2.000000 0.200100 0.056564
4gt4-v0_73
original 9 395 650 398 255 2.000000 0.200100 0.673542
alu-v1_29
original 46 37 61 41 24 2.000000 0.200100 6.582335
alu-bdd_288
original 29 84 138 86 54 2.000000 0.200100 0.519732
decod24-v2_43
original 0 52 82 52 30 2.000000 0.200100 9.916832
mod8-10_178
original 21 342 567 343 225 2.000000 0.200100 0.559191
one-two-three-v0_98
original 10 146 242 151 96 2.000000 0.200100 561.720788
4gt4-v0_78
original 9 235 391 240 156 2.000000 0.200100 0.409861
4mod5-v0_19
original 27 35 53 34 18 2.000000 0.200100 5.072392
alu-v2_30
original 0 504 864 519 360 2.000000 0.200100 0.029760
alu-v3_35
original 21 37 58 33 21 2.000000 0.200100 1.796854
dist_223
original 0 38046 69714 39239 31668 2.000000 0.200100 40.000247
4gt4-v0_79
original 9 231 381 232 150 2.000000 0.200100 0.438661
hwb8_113
improve 0 69380 122844 74204 53451 2.000000 0.200100 6.708307
ex3_229
original 20 403 661 403 258 2.000000 0.200100 0.704595
xor5_254
original 0 7 16 11 9 2.000000 0.200100 0.002122
f2_232
improve 2 1206 2034 1297 828 2.000000 0.200100 3.067823
time:22734.002586