rd53_138
original 5 132 213 107 81 2.000000 0.470000 2.007128
4gt13-v1_93
original 1 68 107 69 39 2.000000 0.470000 13.575638
mod5mils_65
original 2 35 53 34 18 2.000000 0.470000 3.512885
mod5d1_63
original 168 22 34 22 12 2.000000 0.470000 17.857988
sym10_262
improve 0 64283 118758 70472 54384 2.000000 0.470000 26.511136
aj-e11_165
improve 1 151 247 149 96 2.000000 0.470000 4.913982
hwb9_119
improve 0 207775 371707 223968 163797 2.000000 0.470000 47.593739
4gt11_83
original 1 23 35 26 12 2.000000 0.470000 2.143653
cm42a_207
original 25 1776 3105 1805 1329 2.000000 0.470000 18.445718
4gt4-v0_72
original 0 258 444 257 186 2.000000 0.470000 0.017387
max46_240
improve 0 27126 48577 27854 21408 2.000000 0.470000 12.452192
dc2_222
original 13 9462 17166 10232 7704 2.000000 0.470000 320.246702
sym9_193
original 0 34881 65604 39322 30723 2.000000 0.470000 33.037488
rd53_135
improve 0 296 512 309 216 2.000000 0.470000 0.026763
mod10_171
original 37 244 403 249 159 2.000000 0.470000 12.247358
ising_model_13
improve 0 633 843 142 210 2.000000 0.470000 0.805203
adr4_197
improve 33 3439 6225 3585 2778 2.000000 0.470000 120.548603
4gt11_84
original 13 18 30 20 12 2.000000 0.470000 3.956114
4gt11_82
original 26 27 42 29 15 2.000000 0.470000 4.507529
wim_266
improve 2 986 1697 982 711 2.000000 0.470000 18.295195
rd53_131
improve 0 469 814 495 345 2.000000 0.470000 0.036862
mod8-10_177
original 14 440 731 446 291 2.000000 0.470000 0.716733
4gt10-v1_81
improve 66 148 244 144 96 2.000000 0.470000 1.317955
alu-v1_28
original 41 37 58 37 21 2.000000 0.470000 25.755982
cnt3-5_179
original 19 175 307 122 132 2.000000 0.470000 4.638474
square_root_7
improve 0 7630 14134 7987 6489 2.000000 0.470000 3.947109
one-two-three-v1_99
original 34 132 219 130 87 2.000000 0.470000 1426.887801
mini_alu_305
improve 7 173 293 147 120 2.000000 0.470000 0.728689
rd53_311
improve 0 275 530 284 255 2.000000 0.470000 0.067963
3_17_13
original 0 36 57 38 21 2.000000 0.470000 68.847658
rd73_252
original 0 5321 9428 5495 4107 2.000000 0.470000 0.456880
4gt4-v0_80
original 6 179 296 177 117 2.000000 0.470000 0.297064
hwb7_59
improve 0 24379 42970 25561 18588 2.000000 0.470000 2.324628
ham3_102
original 4 20 32 20 12 2.000000 0.470000 69.053148
cnt3-5_180
improve 29 485 824 395 339 2.000000 0.470000 9.808721
rd53_133
improve 0 580 994 628 414 2.000000 0.470000 0.035102
4mod7-v0_94
original 33 162 264 165 102 2.000000 0.470000 3.825211
plus63mod4096_163
improve 0 128744 237242 146736 108336 2.000000 0.470000 66.981997
mini-alu_167
original 11 288 477 292 189 2.000000 0.470000 4.546925
root_255
improve 0 17159 31346 17963 14160 2.000000 0.470000 10.582908
z4_268
original 2 3073 5455 3151 2382 2.000000 0.470000 51.215287
majority_239
improve 0 612 1047 643 435 2.000000 0.470000 2.522803
ex2_227
improve 0 631 1102 701 471 2.000000 0.470000 0.046882
urf2_277
improve 0 20112 37464 24290 17352 2.000000 0.470000 1.690954
one-two-three-v3_101
original 0 70 115 75 45 2.000000 0.470000 37.105750
4gt13_91
original 6 103 169 107 66 2.000000 0.470000 0.807303
4gt12-v1_89
original 2 228 384 237 156 2.000000 0.470000 0.616132
sqrt8_260
original 32 3009 5379 3236 2370 2.000000 0.470000 79.655229
rd32-v0_66
original 0 34 52 33 18 2.000000 0.470000 13.923729
sym9_148
improve 0 21504 38322 23494 16818 2.000000 0.470000 1.787268
4gt5_75
original 34 83 137 87 54 2.000000 0.470000 10.711930
0410184_169
original 53 211 355 186 144 2.000000 0.470000 422.958116
urf2_152
improve 0 80480 138401 83487 57921 2.000000 0.470000 4.651111
urf1_278
improve 0 54766 101326 63210 46548 2.000000 0.470000 6.644062
sym6_145
improve 0 3888 6729 4281 2841 2.000000 0.470000 0.235484
alu-v2_32
improve 1 163 268 166 105 2.000000 0.470000 46.168919
4gt12-v0_88
improve 15 194 320 197 126 2.000000 0.470000 0.301762
squar5_261
improve 23 1993 3499 1958 1506 2.000000 0.470000 50.767647
alu-v2_31
original 29 451 739 441 288 2.000000 0.470000 7.639354
hwb5_53
improve 0 1336 2260 1393 924 2.000000 0.470000 0.069390
one-two-three-v2_100
original 96 69 111 68 42 2.000000 0.470000 40.247950
cycle10_2_110
improve 0 6050 10841 6717 4791 2.000000 0.470000 0.473892
urf6_160
improve 0 171840 315273 182943 143211 2.000000 0.470000 92.290001
ising_model_10
original 0 480 654 133 174 2.000000 0.470000 1.416913
sys6-v0_111
original 31 215 350 161 135 2.000000 0.470000 3.401588
plus63mod8192_164
improve 0 187112 348707 219396 161190 2.000000 0.470000 130.691762
mod5adder_127
improve 0 555 972 593 417 2.000000 0.470000 0.086649
rd73_140
original 37 230 377 188 147 2.000000 0.470000 4.325171
4mod5-v1_23
original 8 69 114 74 45 2.000000 0.470000 8.299612
graycode6_47
original 0 5 29 13 24 2.000000 0.470000 0.019140
ising_model_16
improve 0 786 1188 240 306 2.000000 0.470000 83.940675
ham7_104
improve 7 320 551 357 231 2.000000 0.470000 0.802957
ex-1_166
original 0 19 28 18 9 2.000000 0.470000 27.890460
decod24-v3_45
original 33 150 243 145 93 2.000000 0.470000 22.889062
urf4_187
improve 0 512064 916266 526378 404085 2.000000 0.470000 57.936026
life_238
improve 0 22445 40849 24755 18384 2.000000 0.470000 5.187808
con1_216
original 0 954 1695 968 741 2.000000 0.470000 0.086483
hwb6_56
improve 0 6723 11796 7396 5073 2.000000 0.470000 0.390975
mod10_176
original 37 178 292 172 114 2.000000 0.470000 19.354540
ex1_226
original 0 7 16 10 9 2.000000 0.470000 0.002270
sf_276
original 13 778 1288 783 510 2.000000 0.470000 1.838809
cm152a_212
improve 0 1221 2203 1328 978 2.000000 0.470000 0.856968
4gt12-v0_87
improve 0 247 427 256 180 2.000000 0.470000 0.018913
decod24-enable_126
improve 10 338 566 344 228 2.000000 0.470000 0.643397
radd_250
improve 0 3213 5910 3640 2688 2.000000 0.470000 4.163695
pm1_249
original 25 1776 3105 1805 1329 2.000000 0.470000 18.143443
sf_274
original 4 781 1291 790 510 2.000000 0.470000 16.092876
miller_11
original 0 50 77 50 27 2.000000 0.470000 11.267884
rd53_251
original 0 1291 2254 1378 963 2.000000 0.470000 0.091999
mlp4_245
original 11 18852 34230 20179 15378 2.000000 0.470000 1162.570613
9symml_195
original 0 34881 65604 39322 30723 2.000000 0.470000 32.398145
rd84_142
original 49 343 583 225 240 2.000000 0.470000 42.054450
inc_237
original 6 10619 18989 11145 8370 2.000000 0.470000 167.939110
sqn_258
improve 0 10223 18131 10621 7908 2.000000 0.470000 0.990869
alu-v2_33
original 1 37 61 38 24 2.000000 0.470000 24.672749
sao2_257
original 0 38577 71079 39405 32502 2.000000 0.470000 10.363203
co14_215
improve 0 17936 34073 18156 16059 2.000000 0.470000 17.332605
decod24-v1_41
original 0 85 142 93 57 2.000000 0.470000 3.772891
4mod5-v0_20
original 2 20 29 18 9 2.000000 0.470000 36.750237
alu-v4_37
original 1 37 61 41 24 2.000000 0.470000 8.712322
urf3_155
improve 0 423488 742388 442655 318873 2.000000 0.470000 34.879230
misex1_241
improve 0 4813 8581 5256 3768 2.000000 0.470000 1.096014
alu-v0_27
original 0 36 60 41 24 2.000000 0.470000 8.779805
4mod5-v1_24
original 32 36 57 35 21 2.000000 0.470000 35.134720
4mod7-v1_96
original 32 164 263 158 99 2.000000 0.470000 17.743678
cm82a_208
original 2 650 1115 656 465 2.000000 0.470000 1.461098
ham15_107
improve 23 8763 15738 9444 6960 2.000000 0.470000 995.993719
0example
original 3 9 18 13 9 2.000000 0.470000 14.597421
dc1_220
original 0 1914 3429 1978 1515 2.000000 0.470000 0.141974
4gt4-v1_74
original 0 273 459 281 186 2.000000 0.470000 0.018318
rd32-v1_68
original 0 36 54 33 18 2.000000 0.470000 12.919106
decod24-v0_38
original 32 51 81 52 30 2.000000 0.470000 15.663038
sym6_316
original 0 270 552 295 282 2.000000 0.470000 0.044973
alu-v0_26
original 75 84 135 83 51 2.000000 0.470000 4.523895
clip_206
improve 0 33827 61961 36343 28074 2.000000 0.470000 14.743452
4mod5-v0_18
original 8 69 111 70 42 2.000000 0.470000 8.237448
cm85a_209
original 0 11414 20768 12527 9354 2.000000 0.470000 4.596729
alu-v4_36
improve 32 115 187 119 72 2.000000 0.470000 32.681009
one-two-three-v0_97
original 17 290 476 298 186 2.000000 0.470000 2.079389
4gt13_90
original 6 107 176 110 69 2.000000 0.470000 0.813293
mod5d2_64
original 14 53 86 58 33 2.000000 0.470000 5.003327
ground_state_estimation_10
original 0 390180 471303 220422 81123 2.000000 0.470000 10.726655
C17_204
improve 0 467 839 512 372 2.000000 0.470000 0.136883
4gt13_92
original 1 66 108 69 42 2.000000 0.470000 41.511043
rd53_130
improve 0 1043 1817 1092 774 2.000000 0.470000 0.079495
alu-v3_34
original 41 52 82 51 30 2.000000 0.470000 2.755446
decod24-bdd_294
original 0 73 118 72 45 2.000000 0.470000 0.007024
4gt5_76
original 12 91 145 91 54 2.000000 0.470000 1.660660
sym9_146
improve 5 328 571 279 243 2.000000 0.470000 8.783754
4mod5-v1_22
original 2 21 30 19 9 2.000000 0.470000 4.928210
rd32_270
original 34 84 132 80 48 2.000000 0.470000 2.863899
hwb4_49
improve 55 233 377 235 144 2.000000 0.470000 1.416627
urf5_280
improve 0 49829 90725 55931 40884 2.000000 0.470000 6.342540
4gt5_77
original 1 131 218 133 87 2.000000 0.470000 55.620305
rd84_253
improve 0 13658 25256 14621 11511 2.000000 0.470000 40.477330
4_49_16
original 64 217 355 225 138 2.000000 0.470000 2.809454
qft_10
improve 0 200 276 74 66 2.000000 0.470000 3.137671
4mod5-bdd_287
original 1 70 112 73 42 2.000000 0.470000 0.252592
qft_16
original 0 512 806 191 294 2.000000 0.470000 63.104254
urf1_149
improve 0 184864 324107 192663 139227 2.000000 0.470000 13.838564
urf5_158
improve 0 164416 284383 166250 119967 2.000000 0.470000 10.500130
urf3_279
improve 0 125362 237183 144990 111741 2.000000 0.470000 27.781634
4gt12-v0_86
improve 0 251 434 262 183 2.000000 0.470000 0.050100
4gt4-v0_73
original 0 395 659 406 264 2.000000 0.470000 0.754745
alu-v1_29
original 76 37 61 41 24 2.000000 0.470000 9.300414
alu-bdd_288
original 5 84 141 91 57 2.000000 0.470000 0.577117
decod24-v2_43
original 0 52 82 52 30 2.000000 0.470000 11.459226
mod8-10_178
original 1 342 573 344 231 2.000000 0.470000 0.622989
one-two-three-v0_98
original 1 146 239 143 93 2.000000 0.470000 52.550928
4gt4-v0_78
original 16 235 397 247 162 2.000000 0.470000 0.476209
4mod5-v0_19
original 27 35 53 34 18 2.000000 0.470000 5.012449
alu-v2_30
improve 0 504 855 506 351 2.000000 0.470000 0.032447
alu-v3_35
original 7 37 58 36 21 2.000000 0.470000 1.935235
dist_223
improve 0 38046 69469 40067 31290 2.000000 0.470000 38.817297
4gt4-v0_79
original 16 231 393 242 162 2.000000 0.470000 0.479803
hwb8_113
improve 0 69380 122693 74949 53283 2.000000 0.470000 11.994115
ex3_229
improve 0 403 670 420 267 2.000000 0.470000 0.841671
xor5_254
original 0 7 16 10 9 2.000000 0.470000 0.001344
f2_232
original 4 1206 2037 1236 831 2.000000 0.470000 2.524595
time:13832.386208