rd53_138
improve 42 132 216 103 84 6.000000 0.180120 0.889247
4gt13-v1_93
original 17 68 110 68 42 6.000000 0.180120 8.584093
mod5mils_65
original 0 35 59 35 24 6.000000 0.180120 4.062108
mod5d1_63
original 2 22 37 26 15 6.000000 0.180120 22.023292
sym10_262
improve 0 64283 118266 71728 53943 6.000000 0.180120 11.493750
aj-e11_165
original 1 151 247 162 96 6.000000 0.180120 2.753166
hwb9_119
improve 0 207775 370840 228047 163026 6.000000 0.180120 14.576458
4gt11_83
original 1 23 35 26 12 6.000000 0.180120 37.008543
cm42a_207
improve 6 1776 3081 1762 1305 6.000000 0.180120 8.630980
4gt4-v0_72
original 0 258 450 268 192 6.000000 0.180120 0.018136
max46_240
improve 0 27126 49892 30427 22716 6.000000 0.180120 15.194437
dc2_222
original 35 9462 16938 10019 7476 6.000000 0.180120 141.299408
sym9_193
improve 0 34881 64852 40182 29886 6.000000 0.180120 17.835924
rd53_135
original 0 296 515 319 219 6.000000 0.180120 0.038284
mod10_171
original 0 244 418 255 174 6.000000 0.180120 11.354298
ising_model_13
original 0 633 768 143 135 6.000000 0.180120 2.841288
adr4_197
improve 13 3439 6127 3585 2688 6.000000 0.180120 60.262758
4gt11_84
original 25 18 30 18 12 6.000000 0.180120 4.134276
4gt11_82
original 26 27 42 30 15 6.000000 0.180120 4.574935
wim_266
improve 13 986 1706 995 720 6.000000 0.180120 33.639937
rd53_131
original 0 469 826 511 357 6.000000 0.180120 0.039899
mod8-10_177
original 14 440 740 465 300 6.000000 0.180120 0.620554
4gt10-v1_81
original 10 148 247 156 99 6.000000 0.180120 0.943406
alu-v1_28
original 17 37 61 39 24 6.000000 0.180120 23.979084
cnt3-5_179
original 14 175 313 138 138 6.000000 0.180120 3.856738
square_root_7
improve 0 7630 13697 7591 6051 6.000000 0.180120 4.856355
one-two-three-v1_99
original 68 132 219 138 87 6.000000 0.180120 211.153401
mini_alu_305
improve 0 173 287 154 114 6.000000 0.180120 1.591541
rd53_311
improve 0 275 521 262 246 6.000000 0.180120 0.042295
3_17_13
original 0 36 57 38 21 6.000000 0.180120 64.921520
rd73_252
original 0 5321 9485 5646 4164 6.000000 0.180120 2.681414
4gt4-v0_80
original 6 179 302 194 123 6.000000 0.180120 0.272967
hwb7_59
improve 0 24379 42595 26442 18216 6.000000 0.180120 1.241306
ham3_102
original 1 20 35 21 15 6.000000 0.180120 64.969799
cnt3-5_180
original 22 485 827 423 342 6.000000 0.180120 5.605475
rd53_133
original 0 580 1051 647 471 6.000000 0.180120 0.057485
4mod7-v0_94
original 34 162 273 175 111 6.000000 0.180120 3.420171
plus63mod4096_163
improve 0 128744 235501 148226 106650 6.000000 0.180120 25.899898
mini-alu_167
original 10 288 498 309 210 6.000000 0.180120 4.315459
root_255
original 0 17159 30959 17587 13800 6.000000 0.180120 2.887320
z4_268
original 15 3073 5404 3100 2331 6.000000 0.180120 15.544923
majority_239
improve 29 612 1044 609 432 6.000000 0.180120 0.936128
ex2_227
original 0 631 1090 679 459 6.000000 0.180120 0.144448
urf2_277
original 0 20112 37500 23269 17388 6.000000 0.180120 4.210763
one-two-three-v3_101
original 48 70 115 73 45 6.000000 0.180120 33.313098
4gt13_91
original 2 103 166 104 63 6.000000 0.180120 0.629978
4gt12-v1_89
improve 2 228 393 251 165 6.000000 0.180120 0.559798
sqrt8_260
original 28 3009 5364 3134 2355 6.000000 0.180120 34.164055
rd32-v0_66
original 0 34 52 33 18 6.000000 0.180120 13.509524
sym9_148
improve 0 21504 38343 23703 16839 6.000000 0.180120 1.194864
4gt5_75
original 8 83 137 85 54 6.000000 0.180120 3.270739
0410184_169
original 83 211 355 182 144 6.000000 0.180120 269.466953
urf2_152
original 0 80480 139307 84217 58827 6.000000 0.180120 4.030922
urf1_278
improve 0 54766 100383 63188 45567 6.000000 0.180120 12.554019
sym6_145
improve 0 3888 6714 4271 2826 6.000000 0.180120 0.189086
alu-v2_32
original 14 163 265 162 102 6.000000 0.180120 4.187720
4gt12-v0_88
original 12 194 323 192 129 6.000000 0.180120 0.278647
squar5_261
improve 34 1993 3484 1983 1491 6.000000 0.180120 15.624278
alu-v2_31
improve 49 451 751 445 300 6.000000 0.180120 7.187958
hwb5_53
original 0 1336 2323 1438 987 6.000000 0.180120 0.063381
one-two-three-v2_100
original 77 69 114 71 45 6.000000 0.180120 37.826837
cycle10_2_110
improve 0 6050 10874 6655 4821 6.000000 0.180120 0.862697
urf6_160
improve 0 171840 312398 185559 140508 6.000000 0.180120 23.368011
ising_model_10
improve 0 480 594 109 114 6.000000 0.180120 0.368893
sys6-v0_111
original 31 215 350 144 135 6.000000 0.180120 1.817167
plus63mod8192_164
improve 0 187112 348103 220862 160743 6.000000 0.180120 63.646578
mod5adder_127
original 0 555 957 593 402 6.000000 0.180120 0.085662
rd73_140
improve 37 230 380 177 150 6.000000 0.180120 1.332981
4mod5-v1_23
original 32 69 120 79 51 6.000000 0.180120 4.157465
graycode6_47
original 0 5 29 13 24 6.000000 0.180120 0.014722
ising_model_16
improve 0 786 1026 177 228 6.000000 0.180120 5.347709
ham7_104
original 0 320 548 332 228 6.000000 0.180120 0.560443
ex-1_166
original 0 19 31 21 12 6.000000 0.180120 26.466574
decod24-v3_45
original 8 150 246 148 96 6.000000 0.180120 81.627033
urf4_187
improve 0 512064 908665 528037 396570 6.000000 0.180120 33.903312
life_238
improve 0 22445 40157 24327 17712 6.000000 0.180120 1.410239
con1_216
original 0 954 1692 1002 738 6.000000 0.180120 0.063808
hwb6_56
original 0 6723 11736 7151 5013 6.000000 0.180120 0.328027
mod10_176
original 14 178 295 180 117 6.000000 0.180120 12.167017
ex1_226
original 0 7 16 11 9 6.000000 0.180120 0.001747
sf_276
original 10 778 1309 810 531 6.000000 0.180120 1.637991
cm152a_212
improve 0 1221 2196 1365 975 6.000000 0.180120 0.097183
4gt12-v0_87
original 0 247 427 259 180 6.000000 0.180120 0.016428
decod24-enable_126
original 19 338 572 357 234 6.000000 0.180120 0.479080
radd_250
improve 0 3213 5760 3575 2547 6.000000 0.180120 0.190391
pm1_249
improve 6 1776 3081 1762 1305 6.000000 0.180120 8.951625
sf_274
original 17 781 1309 798 528 6.000000 0.180120 1.927576
miller_11
original 63 50 83 53 33 6.000000 0.180120 10.834244
rd53_251
original 0 1291 2248 1346 957 6.000000 0.180120 0.067186
mlp4_245
original 8 18852 34335 20454 15483 6.000000 0.180120 402.037306
9symml_195
improve 0 34881 64852 40182 29886 6.000000 0.180120 17.654698
rd84_142
improve 32 343 586 224 243 6.000000 0.180120 27.371412
inc_237
improve 33 10619 18905 11125 8286 6.000000 0.180120 69.918033
sqn_258
improve 0 10223 18188 10965 7965 6.000000 0.180120 0.827917
alu-v2_33
original 1 37 61 39 24 6.000000 0.180120 23.609756
sao2_257
improve 0 38577 70415 41280 31821 6.000000 0.180120 4.728555
co14_215
original 0 17936 33605 17751 15669 6.000000 0.180120 4.432668
decod24-v1_41
original 47 85 139 89 54 6.000000 0.180120 3.535005
4mod5-v0_20
original 2 20 29 18 9 6.000000 0.180120 36.226841
alu-v4_37
original 96 37 61 39 24 6.000000 0.180120 3.933322
urf3_155
improve 0 423488 745436 454918 321912 6.000000 0.180120 29.612161
misex1_241
improve 0 4813 8806 5365 3993 6.000000 0.180120 0.394130
alu-v0_27
original 89 36 60 36 24 6.000000 0.180120 3.861915
4mod5-v1_24
original 2 36 60 39 24 6.000000 0.180120 35.554176
4mod7-v1_96
original 1 164 269 165 105 6.000000 0.180120 15.486800
cm82a_208
original 15 650 1109 640 459 6.000000 0.180120 1.473542
ham15_107
original 3 8763 15591 9334 6828 6.000000 0.180120 465.382359
0example
original 3 9 18 13 9 6.000000 0.180120 13.958136
dc1_220
original 0 1914 3405 2017 1491 6.000000 0.180120 0.102595
4gt4-v1_74
original 0 273 465 284 192 6.000000 0.180120 0.018740
rd32-v1_68
original 0 36 54 33 18 6.000000 0.180120 13.286145
decod24-v0_38
original 19 51 84 56 33 6.000000 0.180120 10.061702
sym6_316
original 0 270 528 282 258 6.000000 0.180120 0.034166
alu-v0_26
original 61 84 138 85 54 6.000000 0.180120 1.199348
clip_206
original 0 33827 61637 35983 27810 6.000000 0.180120 4.403972
4mod5-v0_18
original 8 69 111 71 42 6.000000 0.180120 4.200558
cm85a_209
improve 0 11414 20520 12828 9099 6.000000 0.180120 1.268414
alu-v4_36
original 7 115 196 122 81 6.000000 0.180120 31.672777
one-two-three-v0_97
original 34 290 482 291 192 6.000000 0.180120 2.030773
4gt13_90
original 2 107 173 111 66 6.000000 0.180120 0.810441
mod5d2_64
original 21 53 86 57 33 6.000000 0.180120 5.047747
ground_state_estimation_10
original 0 390180 454254 206409 64074 6.000000 0.180120 10.953646
C17_204
improve 0 467 824 520 357 6.000000 0.180120 0.152764
4gt13_92
original 5 66 114 76 48 6.000000 0.180120 25.168207
rd53_130
original 0 1043 1805 1070 762 6.000000 0.180120 0.055218
alu-v3_34
original 5 52 85 52 33 6.000000 0.180120 2.515841
decod24-bdd_294
original 0 73 118 71 45 6.000000 0.180120 0.006735
4gt5_76
original 1 91 151 99 60 6.000000 0.180120 1.931414
sym9_146
original 21 328 571 246 243 6.000000 0.180120 2.471827
4mod5-v1_22
original 2 21 33 22 12 6.000000 0.180120 4.930742
rd32_270
original 2 84 138 84 54 6.000000 0.180120 2.949817
hwb4_49
original 66 233 374 233 141 6.000000 0.180120 1.418273
urf5_280
improve 0 49829 89801 56209 39972 6.000000 0.180120 3.260985
4gt5_77
original 1 131 224 142 93 6.000000 0.180120 69.684472
rd84_253
improve 0 13658 25265 15160 11604 6.000000 0.180120 1.869804
4_49_16
original 24 217 367 236 150 6.000000 0.180120 2.535561
qft_10
improve 0 200 275 80 63 6.000000 0.180120 2.433269
4mod5-bdd_287
original 5 70 118 76 48 6.000000 0.180120 0.182835
qft_16
improve 0 512 832 218 267 6.000000 0.180120 9.078633
urf1_149
original 0 184864 326140 194210 141276 6.000000 0.180120 10.028320
urf5_158
original 0 164416 285166 170135 120750 6.000000 0.180120 8.853734
urf3_279
improve 0 125362 233814 146448 108399 6.000000 0.180120 16.074965
4gt12-v0_86
original 0 251 437 268 186 6.000000 0.180120 0.053393
4gt4-v0_73
original 15 395 659 404 264 6.000000 0.180120 0.561966
alu-v1_29
original 89 37 61 36 24 6.000000 0.180120 3.909493
alu-bdd_288
improve 34 84 144 86 60 6.000000 0.180120 0.542045
decod24-v2_43
original 30 52 82 52 30 6.000000 0.180120 4.996836
mod8-10_178
original 20 342 579 350 237 6.000000 0.180120 0.537662
one-two-three-v0_98
original 40 146 245 148 99 6.000000 0.180120 51.930099
4gt4-v0_78
original 21 235 400 256 165 6.000000 0.180120 0.479176
4mod5-v0_19
original 78 35 56 37 21 6.000000 0.180120 5.182011
alu-v2_30
original 0 504 876 539 372 6.000000 0.180120 0.026140
alu-v3_35
original 3 37 61 40 24 6.000000 0.180120 1.867476
dist_223
original 0 38046 69120 39767 31074 6.000000 0.180120 3.559537
4gt4-v0_79
improve 25 231 390 239 159 6.000000 0.180120 0.468752
hwb8_113
improve 0 69380 121109 74641 51729 6.000000 0.180120 3.628066
ex3_229
original 1 403 685 418 282 6.000000 0.180120 0.699618
xor5_254
original 0 7 16 11 9 6.000000 0.180120 0.001675
f2_232
improve 13 1206 2067 1268 861 6.000000 0.180120 3.439120
time:9274.630250