rd53_138
improve 42 132 216 103 84 6.000000 0.300120 0.880201
4gt13-v1_93
original 17 68 110 68 42 6.000000 0.300120 8.487841
mod5mils_65
original 0 35 59 35 24 6.000000 0.300120 4.063218
mod5d1_63
original 2 22 37 26 15 6.000000 0.300120 21.812837
sym10_262
improve 0 64283 118266 71728 53943 6.000000 0.300120 11.476239
aj-e11_165
original 1 151 247 162 96 6.000000 0.300120 2.767924
hwb9_119
improve 0 207775 370840 228047 163026 6.000000 0.300120 14.586273
4gt11_83
original 1 23 35 26 12 6.000000 0.300120 36.819409
cm42a_207
improve 6 1776 3081 1762 1305 6.000000 0.300120 8.646697
4gt4-v0_72
original 0 258 450 268 192 6.000000 0.300120 0.016507
max46_240
improve 0 27126 49892 30427 22716 6.000000 0.300120 15.313060
dc2_222
original 35 9462 16938 10019 7476 6.000000 0.300120 141.158111
sym9_193
improve 0 34881 64852 40182 29886 6.000000 0.300120 17.804734
rd53_135
original 0 296 515 319 219 6.000000 0.300120 0.026136
mod10_171
original 0 244 418 255 174 6.000000 0.300120 11.415211
ising_model_13
original 0 633 768 143 135 6.000000 0.300120 2.865486
adr4_197
improve 13 3439 6127 3585 2688 6.000000 0.300120 60.204232
4gt11_84
original 25 18 30 18 12 6.000000 0.300120 4.077962
4gt11_82
original 26 27 42 30 15 6.000000 0.300120 4.555372
wim_266
improve 13 986 1706 995 720 6.000000 0.300120 33.646172
rd53_131
original 0 469 826 511 357 6.000000 0.300120 0.042820
mod8-10_177
original 14 440 740 465 300 6.000000 0.300120 0.636705
4gt10-v1_81
original 10 148 247 156 99 6.000000 0.300120 0.935071
alu-v1_28
original 17 37 61 39 24 6.000000 0.300120 23.903501
cnt3-5_179
original 14 175 313 138 138 6.000000 0.300120 3.870881
square_root_7
improve 0 7630 13697 7591 6051 6.000000 0.300120 4.843076
one-two-three-v1_99
original 68 132 219 138 87 6.000000 0.300120 211.350500
mini_alu_305
improve 0 173 287 154 114 6.000000 0.300120 1.591685
rd53_311
improve 0 275 521 262 246 6.000000 0.300120 0.040857
3_17_13
original 0 36 57 38 21 6.000000 0.300120 64.877118
rd73_252
original 0 5321 9485 5646 4164 6.000000 0.300120 2.745069
4gt4-v0_80
original 6 179 302 194 123 6.000000 0.300120 0.273942
hwb7_59
improve 0 24379 42595 26442 18216 6.000000 0.300120 1.240799
ham3_102
original 1 20 35 21 15 6.000000 0.300120 65.018764
cnt3-5_180
original 22 485 827 423 342 6.000000 0.300120 5.599419
rd53_133
original 0 580 1051 647 471 6.000000 0.300120 0.053900
4mod7-v0_94
original 34 162 273 175 111 6.000000 0.300120 3.403106
plus63mod4096_163
improve 0 128744 235501 148226 106650 6.000000 0.300120 25.822531
mini-alu_167
original 10 288 498 309 210 6.000000 0.300120 4.331634
root_255
original 0 17159 30959 17587 13800 6.000000 0.300120 2.885795
z4_268
original 15 3073 5404 3100 2331 6.000000 0.300120 15.530714
majority_239
improve 29 612 1044 609 432 6.000000 0.300120 0.925085
ex2_227
original 0 631 1090 679 459 6.000000 0.300120 0.144240
urf2_277
original 0 20112 37500 23269 17388 6.000000 0.300120 4.216325
one-two-three-v3_101
original 48 70 115 73 45 6.000000 0.300120 33.403186
4gt13_91
original 2 103 166 104 63 6.000000 0.300120 0.625462
4gt12-v1_89
improve 2 228 393 251 165 6.000000 0.300120 0.554644
sqrt8_260
original 28 3009 5364 3134 2355 6.000000 0.300120 34.167792
rd32-v0_66
original 0 34 52 33 18 6.000000 0.300120 13.464945
sym9_148
improve 0 21504 38343 23703 16839 6.000000 0.300120 1.192214
4gt5_75
original 8 83 137 85 54 6.000000 0.300120 3.298175
0410184_169
original 83 211 355 182 144 6.000000 0.300120 269.997513
urf2_152
original 0 80480 139307 84217 58827 6.000000 0.300120 4.049637
urf1_278
improve 0 54766 100383 63188 45567 6.000000 0.300120 12.550983
sym6_145
improve 0 3888 6714 4271 2826 6.000000 0.300120 0.189394
alu-v2_32
original 14 163 265 162 102 6.000000 0.300120 4.190040
4gt12-v0_88
original 12 194 323 192 129 6.000000 0.300120 0.280607
squar5_261
improve 34 1993 3484 1983 1491 6.000000 0.300120 15.620170
alu-v2_31
improve 49 451 751 445 300 6.000000 0.300120 7.186352
hwb5_53
original 0 1336 2323 1438 987 6.000000 0.300120 0.064951
one-two-three-v2_100
original 77 69 114 71 45 6.000000 0.300120 37.862917
cycle10_2_110
improve 0 6050 10874 6655 4821 6.000000 0.300120 0.869853
urf6_160
improve 0 171840 312398 185559 140508 6.000000 0.300120 22.786309
ising_model_10
improve 0 480 594 109 114 6.000000 0.300120 0.369812
sys6-v0_111
original 31 215 350 144 135 6.000000 0.300120 1.833572
plus63mod8192_164
improve 0 187112 348103 220862 160743 6.000000 0.300120 63.379410
mod5adder_127
original 0 555 957 593 402 6.000000 0.300120 0.087490
rd73_140
improve 37 230 380 177 150 6.000000 0.300120 1.328872
4mod5-v1_23
original 32 69 120 79 51 6.000000 0.300120 4.141282
graycode6_47
original 0 5 29 13 24 6.000000 0.300120 0.016126
ising_model_16
improve 0 786 1026 177 228 6.000000 0.300120 5.349248
ham7_104
original 0 320 548 332 228 6.000000 0.300120 0.569748
ex-1_166
original 0 19 31 21 12 6.000000 0.300120 26.523782
decod24-v3_45
original 8 150 246 148 96 6.000000 0.300120 81.796463
urf4_187
improve 0 512064 908665 528037 396570 6.000000 0.300120 33.745355
life_238
improve 0 22445 40157 24327 17712 6.000000 0.300120 1.439342
con1_216
original 0 954 1692 1002 738 6.000000 0.300120 0.051711
hwb6_56
original 0 6723 11736 7151 5013 6.000000 0.300120 0.319741
mod10_176
original 14 178 295 180 117 6.000000 0.300120 12.093978
ex1_226
original 0 7 16 11 9 6.000000 0.300120 0.001764
sf_276
original 10 778 1309 810 531 6.000000 0.300120 1.668893
cm152a_212
improve 0 1221 2196 1365 975 6.000000 0.300120 0.096563
4gt12-v0_87
original 0 247 427 259 180 6.000000 0.300120 0.016593
decod24-enable_126
original 19 338 572 357 234 6.000000 0.300120 0.486313
radd_250
improve 0 3213 5760 3575 2547 6.000000 0.300120 0.235672
pm1_249
improve 6 1776 3081 1762 1305 6.000000 0.300120 8.979041
sf_274
original 17 781 1309 798 528 6.000000 0.300120 1.948430
miller_11
original 63 50 83 53 33 6.000000 0.300120 10.887889
rd53_251
original 0 1291 2248 1346 957 6.000000 0.300120 0.067792
mlp4_245
original 8 18852 34335 20454 15483 6.000000 0.300120 402.378578
9symml_195
improve 0 34881 64852 40182 29886 6.000000 0.300120 17.640321
rd84_142
improve 32 343 586 224 243 6.000000 0.300120 27.357411
inc_237
improve 33 10619 18905 11125 8286 6.000000 0.300120 69.933593
sqn_258
improve 0 10223 18188 10965 7965 6.000000 0.300120 0.830481
alu-v2_33
original 1 37 61 39 24 6.000000 0.300120 23.514314
sao2_257
improve 0 38577 70415 41280 31821 6.000000 0.300120 4.712248
co14_215
original 0 17936 33605 17751 15669 6.000000 0.300120 4.427045
decod24-v1_41
original 47 85 139 89 54 6.000000 0.300120 3.523418
4mod5-v0_20
original 2 20 29 18 9 6.000000 0.300120 36.289515
alu-v4_37
original 96 37 61 39 24 6.000000 0.300120 3.928348
urf3_155
improve 0 423488 745436 454918 321912 6.000000 0.300120 29.600557
misex1_241
improve 0 4813 8806 5365 3993 6.000000 0.300120 0.396534
alu-v0_27
original 89 36 60 36 24 6.000000 0.300120 3.835862
4mod5-v1_24
original 2 36 60 39 24 6.000000 0.300120 35.612144
4mod7-v1_96
original 1 164 269 165 105 6.000000 0.300120 15.437410
cm82a_208
original 15 650 1109 640 459 6.000000 0.300120 1.455389
ham15_107
original 3 8763 15591 9334 6828 6.000000 0.300120 465.079608
0example
original 3 9 18 13 9 6.000000 0.300120 13.859269
dc1_220
original 0 1914 3405 2017 1491 6.000000 0.300120 0.101982
4gt4-v1_74
original 0 273 465 284 192 6.000000 0.300120 0.018109
rd32-v1_68
original 0 36 54 33 18 6.000000 0.300120 13.342170
decod24-v0_38
original 19 51 84 56 33 6.000000 0.300120 10.009900
sym6_316
original 0 270 528 282 258 6.000000 0.300120 0.027389
alu-v0_26
original 61 84 138 85 54 6.000000 0.300120 1.135704
clip_206
original 0 33827 61637 35983 27810 6.000000 0.300120 4.393429
4mod5-v0_18
original 8 69 111 71 42 6.000000 0.300120 4.191292
cm85a_209
improve 0 11414 20520 12828 9099 6.000000 0.300120 1.206439
alu-v4_36
original 7 115 196 122 81 6.000000 0.300120 31.442884
one-two-three-v0_97
original 34 290 482 291 192 6.000000 0.300120 2.014058
4gt13_90
original 2 107 173 111 66 6.000000 0.300120 0.766114
mod5d2_64
original 21 53 86 57 33 6.000000 0.300120 5.011981
ground_state_estimation_10
original 0 390180 454254 206409 64074 6.000000 0.300120 10.908942
C17_204
improve 0 467 824 520 357 6.000000 0.300120 0.164167
4gt13_92
original 5 66 114 76 48 6.000000 0.300120 24.825030
rd53_130
original 0 1043 1805 1070 762 6.000000 0.300120 0.057037
alu-v3_34
original 5 52 85 52 33 6.000000 0.300120 2.496318
decod24-bdd_294
original 0 73 118 71 45 6.000000 0.300120 0.005019
4gt5_76
original 1 91 151 99 60 6.000000 0.300120 1.916680
sym9_146
original 21 328 571 246 243 6.000000 0.300120 2.457062
4mod5-v1_22
original 2 21 33 22 12 6.000000 0.300120 4.928087
rd32_270
original 2 84 138 84 54 6.000000 0.300120 2.934364
hwb4_49
original 66 233 374 233 141 6.000000 0.300120 1.404662
urf5_280
improve 0 49829 89801 56209 39972 6.000000 0.300120 3.232543
4gt5_77
original 1 131 224 142 93 6.000000 0.300120 69.525706
rd84_253
improve 0 13658 25265 15160 11604 6.000000 0.300120 1.867950
4_49_16
original 24 217 367 236 150 6.000000 0.300120 2.489077
qft_10
improve 0 200 275 80 63 6.000000 0.300120 2.428334
4mod5-bdd_287
original 5 70 118 76 48 6.000000 0.300120 0.176344
qft_16
improve 0 512 832 218 267 6.000000 0.300120 9.079525
urf1_149
original 0 184864 326140 194210 141276 6.000000 0.300120 10.116323
urf5_158
original 0 164416 285166 170135 120750 6.000000 0.300120 8.843845
urf3_279
improve 0 125362 233814 146448 108399 6.000000 0.300120 16.122625
4gt12-v0_86
original 0 251 437 268 186 6.000000 0.300120 0.052888
4gt4-v0_73
original 15 395 659 404 264 6.000000 0.300120 0.584795
alu-v1_29
original 89 37 61 36 24 6.000000 0.300120 3.909717
alu-bdd_288
improve 34 84 144 86 60 6.000000 0.300120 0.540949
decod24-v2_43
original 30 52 82 52 30 6.000000 0.300120 5.059523
mod8-10_178
original 20 342 579 350 237 6.000000 0.300120 0.534178
one-two-three-v0_98
original 40 146 245 148 99 6.000000 0.300120 52.211435
4gt4-v0_78
original 21 235 400 256 165 6.000000 0.300120 0.484038
4mod5-v0_19
original 78 35 56 37 21 6.000000 0.300120 5.179774
alu-v2_30
original 0 504 876 539 372 6.000000 0.300120 0.030068
alu-v3_35
original 3 37 61 40 24 6.000000 0.300120 1.907685
dist_223
original 0 38046 69120 39767 31074 6.000000 0.300120 3.572736
4gt4-v0_79
improve 25 231 390 239 159 6.000000 0.300120 0.478505
hwb8_113
improve 0 69380 121109 74641 51729 6.000000 0.300120 3.642710
ex3_229
original 1 403 685 418 282 6.000000 0.300120 0.690683
xor5_254
original 0 7 16 11 9 6.000000 0.300120 0.001732
f2_232
improve 13 1206 2067 1268 861 6.000000 0.300120 3.422932
time:18541.230407