rd53_138
original 21 132 216 102 84 7.000000 0.450100 0.796428
4gt13-v1_93
original 17 68 104 62 36 7.000000 0.450100 2.336882
mod5mils_65
original 2 35 59 37 24 7.000000 0.450100 4.238678
mod5d1_63
original 168 22 34 22 12 7.000000 0.450100 18.496739
sym10_262
improve 0 64283 114314 67515 49974 7.000000 0.450100 20.239514
aj-e11_165
original 67 151 244 151 93 7.000000 0.450100 1.851595
hwb9_119
original 0 207775 362716 216442 154941 7.000000 0.450100 27.348487
4gt11_83
original 1 23 35 26 12 7.000000 0.450100 35.097097
cm42a_207
original 48 1776 3030 1727 1254 7.000000 0.450100 8.889795
4gt4-v0_72
improve 0 258 450 263 192 7.000000 0.450100 0.020015
max46_240
original 0 27126 47670 26957 20544 7.000000 0.450100 3.552074
dc2_222
improve 42 9462 16629 9711 7167 7.000000 0.450100 187.370137
sym9_193
improve 0 34881 62625 37363 27687 7.000000 0.450100 8.468367
rd53_135
original 0 296 521 317 225 7.000000 0.450100 0.028303
mod10_171
original 11 244 400 252 156 7.000000 0.450100 12.691797
ising_model_13
improve 0 633 816 109 183 7.000000 0.450100 2.616606
adr4_197
original 0 3439 6013 3428 2574 7.000000 0.450100 106.318172
4gt11_84
original 13 18 30 18 12 7.000000 0.450100 4.268465
4gt11_82
original 26 27 42 29 15 7.000000 0.450100 4.006058
wim_266
original 46 986 1682 962 696 7.000000 0.450100 17.879438
rd53_131
improve 0 469 802 495 333 7.000000 0.450100 0.036791
mod8-10_177
original 4 440 743 453 303 7.000000 0.450100 0.740928
4gt10-v1_81
original 40 148 244 151 96 7.000000 0.450100 1.360098
alu-v1_28
original 41 37 61 37 24 7.000000 0.450100 27.118837
cnt3-5_179
original 14 175 304 123 129 7.000000 0.450100 4.493754
square_root_7
original 0 7630 13492 7105 5862 7.000000 0.450100 3.520506
one-two-three-v1_99
original 32 132 222 142 90 7.000000 0.450100 232.581456
mini_alu_305
improve 9 173 290 138 117 7.000000 0.450100 0.605033
rd53_311
original 0 275 527 263 252 7.000000 0.450100 0.046182
3_17_13
original 0 36 57 38 21 7.000000 0.450100 74.348998
rd73_252
improve 0 5321 9260 5451 3939 7.000000 0.450100 0.338792
4gt4-v0_80
original 21 179 296 180 117 7.000000 0.450100 0.344864
hwb7_59
improve 0 24379 41440 24563 17061 7.000000 0.450100 1.436670
ham3_102
original 2 20 35 21 15 7.000000 0.450100 74.666615
cnt3-5_180
original 29 485 815 385 330 7.000000 0.450100 5.313735
rd53_133
improve 0 580 1015 663 435 7.000000 0.450100 0.075305
4mod7-v0_94
original 32 162 267 165 105 7.000000 0.450100 4.260084
plus63mod4096_163
improve 0 128744 229615 139685 100773 7.000000 0.450100 38.797610
mini-alu_167
original 5 288 477 289 189 7.000000 0.450100 4.987626
root_255
improve 0 17159 30588 17553 13425 7.000000 0.450100 3.046706
z4_268
original 1 3073 5332 3052 2259 7.000000 0.450100 46.483925
majority_239
original 7 612 1026 622 414 7.000000 0.450100 1.104677
ex2_227
original 0 631 1075 659 444 7.000000 0.450100 0.041188
urf2_277
improve 0 20112 37175 23412 17052 7.000000 0.450100 3.535971
one-two-three-v3_101
original 14 70 115 70 45 7.000000 0.450100 38.348343
4gt13_91
original 10 103 166 105 63 7.000000 0.450100 0.862963
4gt12-v1_89
original 46 228 378 234 150 7.000000 0.450100 0.633014
sqrt8_260
improve 33 3009 5232 3065 2223 7.000000 0.450100 24.401029
rd32-v0_66
original 0 34 52 33 18 7.000000 0.450100 13.578163
sym9_148
improve 0 21504 37767 23118 16254 7.000000 0.450100 3.168778
4gt5_75
original 8 83 134 79 51 7.000000 0.450100 3.714515
0410184_169
improve 24 211 346 175 135 7.000000 0.450100 365.934176
urf2_152
improve 0 80480 137570 81839 57090 7.000000 0.450100 4.754940
urf1_278
improve 0 54766 99652 61751 44868 7.000000 0.450100 9.042703
sym6_145
improve 0 3888 6564 4128 2676 7.000000 0.450100 0.225074
alu-v2_32
original 37 163 265 162 102 7.000000 0.450100 4.296473
4gt12-v0_88
original 3 194 317 190 123 7.000000 0.450100 0.339698
squar5_261
original 38 1993 3442 1939 1449 7.000000 0.450100 16.726782
alu-v2_31
original 12 451 748 451 297 7.000000 0.450100 8.729596
hwb5_53
improve 0 1336 2278 1403 942 7.000000 0.450100 0.074618
one-two-three-v2_100
original 96 69 108 66 39 7.000000 0.450100 43.880625
cycle10_2_110
improve 0 6050 10655 6498 4605 7.000000 0.450100 0.382788
urf6_160
improve 0 171840 308448 177220 136584 7.000000 0.450100 21.298336
ising_model_10
original 0 480 597 110 117 7.000000 0.450100 0.438998
sys6-v0_111
original 48 215 365 151 150 7.000000 0.450100 1.654623
plus63mod8192_164
improve 0 187112 338650 210278 151341 7.000000 0.450100 63.284124
mod5adder_127
original 0 555 963 590 408 7.000000 0.450100 0.086287
rd73_140
original 35 230 389 186 159 7.000000 0.450100 2.530220
4mod5-v1_23
original 75 69 120 76 51 7.000000 0.450100 4.489923
graycode6_47
original 0 5 29 13 24 7.000000 0.450100 0.018389
ising_model_16
original 0 786 1005 176 219 7.000000 0.450100 154.335332
ham7_104
original 30 320 545 350 225 7.000000 0.450100 0.675217
ex-1_166
original 0 19 31 21 12 7.000000 0.450100 29.943849
decod24-v3_45
original 8 150 234 137 84 7.000000 0.450100 56.422329
urf4_187
original 0 512064 892182 497956 380118 7.000000 0.450100 46.297899
life_238
improve 0 22445 39476 23521 17022 7.000000 0.450100 3.545092
con1_216
original 0 954 1662 948 708 7.000000 0.450100 0.077289
hwb6_56
original 0 6723 11601 6925 4878 7.000000 0.450100 1.174267
mod10_176
original 37 178 286 176 108 7.000000 0.450100 9.162797
ex1_226
original 0 7 16 10 9 7.000000 0.450100 0.002503
sf_276
original 13 778 1270 761 492 7.000000 0.450100 1.923208
cm152a_212
improve 0 1221 2124 1292 903 7.000000 0.450100 0.108056
4gt12-v0_87
original 0 247 415 241 168 7.000000 0.450100 0.017237
decod24-enable_126
original 1 338 581 371 243 7.000000 0.450100 0.581223
radd_250
improve 0 3213 5667 3460 2454 7.000000 0.450100 0.216323
pm1_249
original 48 1776 3030 1727 1254 7.000000 0.450100 8.647395
sf_274
original 47 781 1294 791 513 7.000000 0.450100 2.039608
miller_11
original 0 50 86 59 36 7.000000 0.450100 12.270754
rd53_251
original 0 1291 2221 1379 930 7.000000 0.450100 0.107764
mlp4_245
improve 10 18852 33222 19909 14370 7.000000 0.450100 456.740006
9symml_195
improve 0 34881 62625 37363 27687 7.000000 0.450100 8.262685
rd84_142
original 44 343 598 225 255 7.000000 0.450100 10.157734
inc_237
improve 2 10619 18323 10853 7704 7.000000 0.450100 88.103693
sqn_258
original 0 10223 17747 10201 7524 7.000000 0.450100 0.744376
alu-v2_33
original 2 37 61 39 24 7.000000 0.450100 26.424667
sao2_257
original 0 38577 69150 38231 30573 7.000000 0.450100 5.857631
co14_215
improve 0 17936 32985 17472 15045 7.000000 0.450100 3.602442
decod24-v1_41
original 17 85 136 83 51 7.000000 0.450100 1.737692
4mod5-v0_20
original 2 20 29 18 9 7.000000 0.450100 40.180182
alu-v4_37
original 3 37 61 40 24 7.000000 0.450100 4.428969
urf3_155
improve 0 423488 734210 438156 310695 7.000000 0.450100 32.257290
misex1_241
improve 0 4813 8686 5405 3873 7.000000 0.450100 0.458119
alu-v0_27
original 89 36 60 36 24 7.000000 0.450100 4.194500
4mod5-v1_24
original 14 36 60 39 24 7.000000 0.450100 39.286731
4mod7-v1_96
original 32 164 266 159 102 7.000000 0.450100 19.393721
cm82a_208
original 10 650 1094 660 444 7.000000 0.450100 1.470904
ham15_107
original 23 8763 15405 9039 6642 7.000000 0.450100 935.141644
0example
original 3 9 18 13 9 7.000000 0.450100 15.493738
dc1_220
improve 0 1914 3318 1918 1404 7.000000 0.450100 0.123072
4gt4-v1_74
original 0 273 462 282 189 7.000000 0.450100 0.019093
rd32-v1_68
original 0 36 54 33 18 7.000000 0.450100 13.400645
decod24-v0_38
original 1 51 84 55 33 7.000000 0.450100 9.759577
sym6_316
improve 0 270 513 282 243 7.000000 0.450100 0.053029
alu-v0_26
original 9 84 135 84 51 7.000000 0.450100 1.235939
clip_206
original 0 33827 60332 34110 26505 7.000000 0.450100 6.425705
4mod5-v0_18
original 2 69 111 69 42 7.000000 0.450100 4.774708
cm85a_209
improve 0 11414 20135 12260 8721 7.000000 0.450100 0.891327
alu-v4_36
original 9 115 187 115 72 7.000000 0.450100 35.105212
one-two-three-v0_97
original 40 290 476 288 186 7.000000 0.450100 2.322493
4gt13_90
original 10 107 176 115 69 7.000000 0.450100 0.909427
mod5d2_64
original 18 53 89 60 36 7.000000 0.450100 5.599754
ground_state_estimation_10
improve 0 390180 446346 200511 56166 7.000000 0.450100 12.384320
C17_204
improve 0 467 809 497 342 7.000000 0.450100 0.146410
4gt13_92
original 28 66 111 65 45 7.000000 0.450100 58.133314
rd53_130
original 0 1043 1757 1026 714 7.000000 0.450100 0.057104
alu-v3_34
original 98 52 82 49 30 7.000000 0.450100 3.020885
decod24-bdd_294
original 0 73 115 71 42 7.000000 0.450100 0.007516
4gt5_76
original 64 91 145 93 54 7.000000 0.450100 1.999182
sym9_146
improve 3 328 571 276 243 7.000000 0.450100 6.228466
4mod5-v1_22
original 2 21 33 22 12 7.000000 0.450100 5.518035
rd32_270
original 9 84 135 85 51 7.000000 0.450100 3.131908
hwb4_49
original 1 233 380 240 147 7.000000 0.450100 1.505287
urf5_280
improve 0 49829 88880 54806 39048 7.000000 0.450100 4.569658
4gt5_77
original 19 131 215 130 84 7.000000 0.450100 66.760265
rd84_253
original 0 13658 24191 13695 10533 7.000000 0.450100 4.365717
4_49_16
original 24 217 358 225 141 7.000000 0.450100 2.718440
qft_10
original 0 200 266 69 66 7.000000 0.450100 0.470865
4mod5-bdd_287
original 1 70 118 77 48 7.000000 0.450100 0.221243
qft_16
improve 0 512 854 199 282 7.000000 0.450100 12.049339
urf1_149
improve 0 184864 320719 191009 135837 7.000000 0.450100 15.401270
urf5_158
improve 0 164416 280906 168420 116490 7.000000 0.450100 10.313915
urf3_279
improve 0 125362 231930 141383 106497 7.000000 0.450100 28.530075
4gt12-v0_86
original 0 251 422 251 171 7.000000 0.450100 0.049833
4gt4-v0_73
original 9 395 656 395 261 7.000000 0.450100 0.704478
alu-v1_29
original 5 37 61 40 24 7.000000 0.450100 4.374050
alu-bdd_288
original 17 84 144 82 60 7.000000 0.450100 0.660461
decod24-v2_43
original 1 52 85 54 33 7.000000 0.450100 6.163566
mod8-10_178
original 21 342 570 343 228 7.000000 0.450100 0.643543
one-two-three-v0_98
original 40 146 233 142 87 7.000000 0.450100 58.698717
4gt4-v0_78
original 16 235 391 235 156 7.000000 0.450100 0.423090
4mod5-v0_19
original 2 35 59 38 24 7.000000 0.450100 5.840232
alu-v2_30
original 0 504 876 528 372 7.000000 0.450100 0.033001
alu-v3_35
original 3 37 61 40 24 7.000000 0.450100 2.151617
dist_223
original 0 38046 67332 37458 29286 7.000000 0.450100 7.996617
4gt4-v0_79
original 20 231 381 227 150 7.000000 0.450100 0.410006
hwb8_113
improve 0 69380 118958 71973 49578 7.000000 0.450100 4.113703
ex3_229
original 1 403 673 421 270 7.000000 0.450100 0.824620
xor5_254
original 0 7 16 10 9 7.000000 0.450100 0.002484
f2_232
original 10 1206 1992 1166 786 7.000000 0.450100 2.715024
time:32848.328075