rd53_138
improve 15 132 219 110 87 6.000000 0.100000 0.826524
4gt13-v1_93
original 17 68 110 68 42 6.000000 0.100000 11.014621
mod5mils_65
original 0 35 59 35 24 6.000000 0.100000 3.611280
mod5d1_63
original 2 22 37 26 15 6.000000 0.100000 35.740287
sym10_262
improve 0 64283 116844 70514 52524 6.000000 0.100000 14.037931
aj-e11_165
original 1 151 247 162 96 6.000000 0.100000 2.495049
hwb9_119
improve 0 207775 370840 228047 163026 6.000000 0.100000 13.790090
4gt11_83
original 1 23 35 26 12 6.000000 0.100000 36.306839
cm42a_207
original 25 1776 3063 1762 1287 6.000000 0.100000 7.126531
4gt4-v0_72
original 0 258 450 268 192 6.000000 0.100000 0.017828
max46_240
improve 0 27126 49892 30427 22716 6.000000 0.100000 14.542216
dc2_222
original 42 9462 17019 10177 7557 6.000000 0.100000 179.950175
sym9_193
improve 0 34881 64852 40182 29886 6.000000 0.100000 17.108472
rd53_135
original 0 296 515 319 219 6.000000 0.100000 0.025683
mod10_171
original 0 244 418 255 174 6.000000 0.100000 11.147614
ising_model_13
original 0 633 759 143 126 6.000000 0.100000 2.783262
adr4_197
improve 31 3439 6104 3580 2661 6.000000 0.100000 57.307688
4gt11_84
original 25 18 30 18 12 6.000000 0.100000 4.048229
4gt11_82
original 26 27 42 30 15 6.000000 0.100000 4.416527
wim_266
improve 13 986 1706 995 720 6.000000 0.100000 14.681344
rd53_131
original 0 469 826 511 357 6.000000 0.100000 0.029055
mod8-10_177
original 14 440 740 465 300 6.000000 0.100000 0.580151
4gt10-v1_81
original 13 148 247 155 99 6.000000 0.100000 0.984571
alu-v1_28
original 17 37 61 39 24 6.000000 0.100000 22.318750
cnt3-5_179
original 14 175 313 139 138 6.000000 0.100000 3.776360
square_root_7
improve 0 7630 13697 7591 6051 6.000000 0.100000 4.757860
one-two-three-v1_99
original 32 132 225 144 93 6.000000 0.100000 195.749124
mini_alu_305
improve 0 173 287 154 114 6.000000 0.100000 1.497410
rd53_311
improve 0 275 521 262 246 6.000000 0.100000 0.038267
3_17_13
original 0 36 57 38 21 6.000000 0.100000 61.391226
rd73_252
original 0 5321 9485 5646 4164 6.000000 0.100000 2.735303
4gt4-v0_80
original 6 179 302 194 123 6.000000 0.100000 0.244533
hwb7_59
improve 0 24379 42595 26442 18216 6.000000 0.100000 1.169230
ham3_102
original 1 20 35 21 15 6.000000 0.100000 62.349379
cnt3-5_180
original 22 485 836 437 351 6.000000 0.100000 5.585992
rd53_133
original 0 580 1051 647 471 6.000000 0.100000 0.053699
4mod7-v0_94
original 34 162 273 175 111 6.000000 0.100000 3.365758
plus63mod4096_163
improve 0 128744 235374 147880 106518 6.000000 0.100000 22.213857
mini-alu_167
original 17 288 498 309 210 6.000000 0.100000 4.911974
root_255
original 0 17159 30959 17587 13800 6.000000 0.100000 2.732405
z4_268
original 0 3073 5428 3208 2355 6.000000 0.100000 14.648667
majority_239
original 8 612 1035 622 423 6.000000 0.100000 0.967350
ex2_227
original 0 631 1090 679 459 6.000000 0.100000 0.035419
urf2_277
original 0 20112 37500 23269 17388 6.000000 0.100000 4.018208
one-two-three-v3_101
original 48 70 115 73 45 6.000000 0.100000 31.744912
4gt13_91
original 2 103 166 104 63 6.000000 0.100000 0.597600
4gt12-v1_89
original 46 228 390 246 162 6.000000 0.100000 0.551095
sqrt8_260
improve 23 3009 5379 3195 2370 6.000000 0.100000 13.953545
rd32-v0_66
original 0 34 52 33 18 6.000000 0.100000 13.889324
sym9_148
improve 0 21504 38343 23703 16839 6.000000 0.100000 1.134556
4gt5_75
original 8 83 137 85 54 6.000000 0.100000 2.941216
0410184_169
original 37 211 355 189 144 6.000000 0.100000 260.108105
urf2_152
original 0 80480 139307 84217 58827 6.000000 0.100000 3.907446
urf1_278
improve 0 54766 100383 63188 45567 6.000000 0.100000 12.016625
sym6_145
improve 0 3888 6714 4271 2826 6.000000 0.100000 0.183851
alu-v2_32
original 14 163 265 162 102 6.000000 0.100000 5.346800
4gt12-v0_88
original 12 194 323 192 129 6.000000 0.100000 0.258977
squar5_261
original 50 1993 3496 2011 1503 6.000000 0.100000 21.045256
alu-v2_31
original 32 451 760 475 309 6.000000 0.100000 6.672409
hwb5_53
original 0 1336 2323 1438 987 6.000000 0.100000 0.060299
one-two-three-v2_100
original 1 69 117 75 48 6.000000 0.100000 35.818547
cycle10_2_110
improve 0 6050 10874 6655 4821 6.000000 0.100000 0.825553
urf6_160
original 0 171840 312924 181713 141084 6.000000 0.100000 35.981423
ising_model_10
improve 0 480 594 109 114 6.000000 0.100000 0.343867
sys6-v0_111
original 31 215 350 144 135 6.000000 0.100000 3.588841
plus63mod8192_164
improve 0 187112 348103 220862 160743 6.000000 0.100000 63.282081
mod5adder_127
original 0 555 957 593 402 6.000000 0.100000 0.082466
rd73_140
improve 37 230 380 177 150 6.000000 0.100000 1.298251
4mod5-v1_23
original 32 69 120 79 51 6.000000 0.100000 3.828835
graycode6_47
original 0 5 29 13 24 6.000000 0.100000 0.016195
ising_model_16
improve 0 786 1026 177 228 6.000000 0.100000 5.144314
ham7_104
original 0 320 548 332 228 6.000000 0.100000 0.510670
ex-1_166
original 0 19 31 21 12 6.000000 0.100000 25.467059
decod24-v3_45
original 8 150 246 148 96 6.000000 0.100000 79.288599
urf4_187
improve 0 512064 908665 528037 396570 6.000000 0.100000 32.117097
life_238
improve 0 22445 40157 24327 17712 6.000000 0.100000 1.348906
con1_216
original 0 954 1692 1002 738 6.000000 0.100000 0.049184
hwb6_56
original 0 6723 11736 7151 5013 6.000000 0.100000 0.299813
mod10_176
original 14 178 295 180 117 6.000000 0.100000 18.036944
ex1_226
original 0 7 16 11 9 6.000000 0.100000 0.002062
sf_276
original 10 778 1309 810 531 6.000000 0.100000 1.486501
cm152a_212
improve 0 1221 2196 1365 975 6.000000 0.100000 0.091310
4gt12-v0_87
original 0 247 427 259 180 6.000000 0.100000 0.013288
decod24-enable_126
original 19 338 572 357 234 6.000000 0.100000 0.445306
radd_250
improve 0 3213 5760 3575 2547 6.000000 0.100000 0.179902
pm1_249
original 25 1776 3063 1762 1287 6.000000 0.100000 7.312418
sf_274
original 17 781 1309 798 528 6.000000 0.100000 1.635143
miller_11
original 0 50 86 59 36 6.000000 0.100000 10.217050
rd53_251
original 0 1291 2248 1346 957 6.000000 0.100000 0.059880
mlp4_245
improve 28 18852 34338 20993 15465 6.000000 0.100000 445.851376
9symml_195
improve 0 34881 64852 40182 29886 6.000000 0.100000 17.019554
rd84_142
original 51 343 571 256 228 6.000000 0.100000 23.718015
inc_237
original 30 10619 18821 11207 8202 6.000000 0.100000 62.875551
sqn_258
improve 0 10223 18188 10965 7965 6.000000 0.100000 0.901138
alu-v2_33
original 1 37 61 39 24 6.000000 0.100000 22.585600
sao2_257
improve 0 38577 70415 41280 31821 6.000000 0.100000 4.597629
co14_215
original 0 17936 33413 17552 15477 6.000000 0.100000 21.466542
decod24-v1_41
original 47 85 139 89 54 6.000000 0.100000 3.406305
4mod5-v0_20
original 2 20 29 18 9 6.000000 0.100000 35.341011
alu-v4_37
original 1 37 64 44 27 6.000000 0.100000 3.707331
urf3_155
improve 0 423488 745436 454918 321912 6.000000 0.100000 27.980301
misex1_241
original 0 4813 8641 5320 3828 6.000000 0.100000 0.384671
alu-v0_27
original 89 36 60 36 24 6.000000 0.100000 3.649090
4mod5-v1_24
original 2 36 60 39 24 6.000000 0.100000 34.013527
4mod7-v1_96
original 1 164 269 165 105 6.000000 0.100000 12.189643
cm82a_208
improve 20 650 1103 643 453 6.000000 0.100000 1.376453
ham15_107
original 21 8763 15585 9287 6822 6.000000 0.100000 303.174028
0example
original 3 9 18 13 9 6.000000 0.100000 12.933005
dc1_220
original 0 1914 3405 2017 1491 6.000000 0.100000 0.094275
4gt4-v1_74
original 0 273 465 284 192 6.000000 0.100000 0.015143
rd32-v1_68
original 0 36 54 33 18 6.000000 0.100000 13.552128
decod24-v0_38
original 19 51 84 56 33 6.000000 0.100000 9.543888
sym6_316
original 0 270 528 282 258 6.000000 0.100000 0.026510
alu-v0_26
original 13 84 141 90 57 6.000000 0.100000 0.999587
clip_206
improve 0 33827 62007 37376 28152 6.000000 0.100000 10.393586
4mod5-v0_18
original 8 69 111 71 42 6.000000 0.100000 3.894372
cm85a_209
improve 0 11414 20847 13109 9393 6.000000 0.100000 10.212762
alu-v4_36
original 12 115 196 122 81 6.000000 0.100000 29.158751
one-two-three-v0_97
original 13 290 485 306 195 6.000000 0.100000 1.787976
4gt13_90
original 2 107 173 111 66 6.000000 0.100000 0.707860
mod5d2_64
original 21 53 86 57 33 6.000000 0.100000 4.724166
ground_state_estimation_10
improve 0 390180 449421 207739 59241 6.000000 0.100000 10.058043
C17_204
improve 0 467 824 520 357 6.000000 0.100000 0.149842
4gt13_92
original 5 66 114 76 48 6.000000 0.100000 19.471244
rd53_130
original 0 1043 1805 1070 762 6.000000 0.100000 0.050717
alu-v3_34
original 5 52 85 52 33 6.000000 0.100000 2.409718
decod24-bdd_294
original 0 73 118 71 45 6.000000 0.100000 0.006031
4gt5_76
original 1 91 151 99 60 6.000000 0.100000 1.837860
sym9_146
improve 21 328 571 257 243 6.000000 0.100000 11.297192
4mod5-v1_22
original 2 21 33 22 12 6.000000 0.100000 4.668499
rd32_270
original 2 84 138 84 54 6.000000 0.100000 2.935896
hwb4_49
original 1 233 389 247 156 6.000000 0.100000 1.312715
urf5_280
improve 0 49829 89801 56209 39972 6.000000 0.100000 3.026435
4gt5_77
original 1 131 224 142 93 6.000000 0.100000 83.592530
rd84_253
improve 0 13658 25265 15160 11604 6.000000 0.100000 1.659215
4_49_16
original 24 217 367 236 150 6.000000 0.100000 2.493017
qft_10
improve 0 200 275 80 63 6.000000 0.100000 2.361125
4mod5-bdd_287
original 5 70 118 76 48 6.000000 0.100000 0.166700
qft_16
improve 0 512 832 218 267 6.000000 0.100000 8.801893
urf1_149
original 0 184864 326140 194210 141276 6.000000 0.100000 9.388117
urf5_158
original 0 164416 285166 170135 120750 6.000000 0.100000 8.326754
urf3_279
improve 0 125362 233814 146448 108399 6.000000 0.100000 15.486184
4gt12-v0_86
original 0 251 437 268 186 6.000000 0.100000 0.051157
4gt4-v0_73
original 15 395 659 403 264 6.000000 0.100000 0.529788
alu-v1_29
original 89 37 61 36 24 6.000000 0.100000 3.401269
alu-bdd_288
original 35 84 144 89 60 6.000000 0.100000 0.604147
decod24-v2_43
original 100 52 82 52 30 6.000000 0.100000 7.748186
mod8-10_178
improve 35 342 576 354 234 6.000000 0.100000 0.500520
one-two-three-v0_98
original 40 146 245 152 99 6.000000 0.100000 49.333690
4gt4-v0_78
original 21 235 400 256 165 6.000000 0.100000 0.502863
4mod5-v0_19
original 78 35 56 37 21 6.000000 0.100000 4.703426
alu-v2_30
original 0 504 876 539 372 6.000000 0.100000 0.027548
alu-v3_35
original 3 37 61 40 24 6.000000 0.100000 1.773474
dist_223
original 0 38046 69120 39767 31074 6.000000 0.100000 9.441860
4gt4-v0_79
original 6 231 393 245 162 6.000000 0.100000 0.485558
hwb8_113
improve 0 69380 121109 74641 51729 6.000000 0.100000 3.314702
ex3_229
original 1 403 685 418 282 6.000000 0.100000 0.636632
xor5_254
original 0 7 16 11 9 6.000000 0.100000 0.001798
f2_232
improve 13 1206 2067 1268 861 6.000000 0.100000 3.284282
time:2997.109086