rd53_138
improve 19 132 219 124 87 6.000000 0.810000 0.498494
4gt13-v1_93
original 13 68 113 69 45 6.000000 0.810000 2.109911
mod5mils_65
original 2 35 59 37 24 6.000000 0.810000 3.921872
mod5d1_63
original 168 22 34 22 12 6.000000 0.810000 17.305146
sym10_262
original 0 64283 116777 69425 52494 6.000000 0.810000 11.033643
aj-e11_165
original 23 151 256 162 105 6.000000 0.810000 2.835616
hwb9_119
improve 0 207775 370881 225481 163047 6.000000 0.810000 27.981381
4gt11_83
original 1 23 35 26 12 6.000000 0.810000 33.289340
cm42a_207
original 2 1776 3087 1803 1311 6.000000 0.810000 8.317376
4gt4-v0_72
improve 0 258 462 270 204 6.000000 0.810000 0.020837
max46_240
improve 0 27126 48441 28279 21312 6.000000 0.810000 2.309093
dc2_222
improve 37 9462 16965 10214 7494 6.000000 0.810000 176.729176
sym9_193
improve 0 34881 63746 38568 28821 6.000000 0.810000 9.898453
rd53_135
original 0 296 512 304 216 6.000000 0.810000 0.034806
mod10_171
original 14 244 418 258 174 6.000000 0.810000 11.831944
ising_model_13
improve 0 633 807 133 174 6.000000 0.810000 2.417093
adr4_197
improve 25 3439 6133 3559 2694 6.000000 0.810000 62.790165
4gt11_84
original 13 18 30 18 12 6.000000 0.810000 3.917693
4gt11_82
original 26 27 42 29 15 6.000000 0.810000 4.766042
wim_266
improve 40 986 1712 968 726 6.000000 0.810000 13.316560
rd53_131
improve 0 469 823 528 354 6.000000 0.810000 0.035905
mod8-10_177
original 8 440 743 471 303 6.000000 0.810000 0.689562
4gt10-v1_81
original 10 148 244 148 96 6.000000 0.810000 1.191425
alu-v1_28
original 17 37 61 39 24 6.000000 0.810000 25.525450
cnt3-5_179
original 14 175 313 137 138 6.000000 0.810000 4.220725
square_root_7
original 0 7630 13774 7370 6144 6.000000 0.810000 1.013479
one-two-three-v1_99
original 32 132 219 138 87 6.000000 0.810000 218.024158
mini_alu_305
original 0 173 293 135 120 6.000000 0.810000 1.926654
rd53_311
improve 0 275 527 296 252 6.000000 0.810000 0.040307
3_17_13
original 0 36 57 38 21 6.000000 0.810000 70.480581
rd73_252
improve 0 5321 9386 5656 4065 6.000000 0.810000 0.334793
4gt4-v0_80
original 3 179 296 186 117 6.000000 0.810000 0.324388
hwb7_59
improve 0 24379 42517 25475 18138 6.000000 0.810000 1.444174
ham3_102
original 2 20 35 21 15 6.000000 0.810000 69.204742
cnt3-5_180
original 15 485 842 413 357 6.000000 0.810000 7.361229
rd53_133
improve 0 580 1006 657 426 6.000000 0.810000 0.036355
4mod7-v0_94
original 61 162 270 169 108 6.000000 0.810000 3.666431
plus63mod4096_163
original 0 128744 235190 142772 106446 6.000000 0.810000 26.782873
mini-alu_167
original 5 288 486 300 198 6.000000 0.810000 4.462712
root_255
original 0 17159 31064 17629 13905 6.000000 0.810000 4.551798
z4_268
improve 8 3073 5419 3200 2346 6.000000 0.810000 16.079103
majority_239
original 7 612 1026 617 414 6.000000 0.810000 1.071509
ex2_227
improve 0 631 1090 689 459 6.000000 0.810000 0.038129
urf2_277
original 0 20112 37356 22963 17244 6.000000 0.810000 1.661894
one-two-three-v3_101
original 80 70 115 73 45 6.000000 0.810000 36.033019
4gt13_91
original 10 103 166 106 63 6.000000 0.810000 0.726801
4gt12-v1_89
original 13 228 390 229 162 6.000000 0.810000 0.589932
sqrt8_260
improve 2 3009 5358 3190 2349 6.000000 0.810000 21.227376
rd32-v0_66
original 0 34 52 34 18 6.000000 0.810000 12.644863
sym9_148
improve 0 21504 38831 24268 17304 6.000000 0.810000 6.000624
4gt5_75
original 8 83 134 82 51 6.000000 0.810000 3.386215
0410184_169
original 9 211 358 184 147 6.000000 0.810000 345.008989
urf2_152
improve 0 80480 139164 83633 58680 6.000000 0.810000 4.846118
urf1_278
improve 0 54766 100607 61834 45801 6.000000 0.810000 15.084190
sym6_145
improve 0 3888 6768 4386 2880 6.000000 0.810000 0.214270
alu-v2_32
original 13 163 271 169 108 6.000000 0.810000 4.149082
4gt12-v0_88
original 3 194 323 202 129 6.000000 0.810000 0.329345
squar5_261
original 30 1993 3475 1980 1482 6.000000 0.810000 10.371817
alu-v2_31
original 1 451 751 461 300 6.000000 0.810000 7.738842
hwb5_53
original 0 1336 2287 1433 951 6.000000 0.810000 0.068992
one-two-three-v2_100
original 96 69 108 66 39 6.000000 0.810000 40.373390
cycle10_2_110
original 0 6050 10805 6501 4755 6.000000 0.810000 0.418217
urf6_160
improve 0 171840 312717 183485 140796 6.000000 0.810000 35.724192
ising_model_10
improve 0 480 588 108 108 6.000000 0.810000 0.918847
sys6-v0_111
improve 1 215 362 163 147 6.000000 0.810000 1.505853
plus63mod8192_164
improve 0 187112 347025 219225 159759 6.000000 0.810000 50.130251
mod5adder_127
original 0 555 957 585 402 6.000000 0.810000 0.087554
rd73_140
original 14 230 392 194 162 6.000000 0.810000 1.505804
4mod5-v1_23
original 75 69 120 75 51 6.000000 0.810000 4.115150
graycode6_47
original 0 5 29 13 24 6.000000 0.810000 0.018118
ising_model_16
original 0 786 1017 176 231 6.000000 0.810000 120.303932
ham7_104
original 0 320 560 359 240 6.000000 0.810000 0.641332
ex-1_166
original 0 19 31 21 12 6.000000 0.810000 28.211598
decod24-v3_45
original 2 150 246 147 96 6.000000 0.810000 48.262539
urf4_187
original 0 512064 908493 509052 396429 6.000000 0.810000 44.185391
life_238
improve 0 22445 40112 24128 17655 6.000000 0.810000 3.971137
con1_216
improve 0 954 1683 1028 729 6.000000 0.810000 0.058933
hwb6_56
original 0 6723 11757 7177 5034 6.000000 0.810000 0.355089
mod10_176
original 67 178 292 179 114 6.000000 0.810000 10.260211
ex1_226
original 0 7 16 10 9 6.000000 0.810000 0.002280
sf_276
improve 0 778 1318 827 540 6.000000 0.810000 1.820055
cm152a_212
improve 0 1221 2164 1354 933 6.000000 0.810000 2.054029
4gt12-v0_87
improve 0 247 445 281 198 6.000000 0.810000 0.023159
decod24-enable_126
original 29 338 578 358 240 6.000000 0.810000 0.545012
radd_250
original 0 3213 5814 3480 2601 6.000000 0.810000 0.882990
pm1_249
original 2 1776 3087 1803 1311 6.000000 0.810000 8.396780
sf_274
improve 35 781 1315 796 534 6.000000 0.810000 1.904872
miller_11
original 10 50 83 53 33 6.000000 0.810000 11.400780
rd53_251
original 0 1291 2251 1399 960 6.000000 0.810000 0.067928
mlp4_245
original 42 18852 34332 20256 15480 6.000000 0.810000 530.470331
9symml_195
improve 0 34881 63746 38568 28821 6.000000 0.810000 9.872195
rd84_142
improve 42 343 598 225 255 6.000000 0.810000 40.191556
inc_237
original 11 10619 18881 11360 8262 6.000000 0.810000 51.299661
sqn_258
improve 0 10223 18041 10702 7815 6.000000 0.810000 2.277376
alu-v2_33
original 2 37 61 39 24 6.000000 0.810000 24.964127
sao2_257
improve 0 38577 70841 41346 32220 6.000000 0.810000 15.106855
co14_215
improve 0 17936 33456 17858 15513 6.000000 0.810000 5.251294
decod24-v1_41
original 47 85 139 90 54 6.000000 0.810000 3.790047
4mod5-v0_20
original 2 20 29 18 9 6.000000 0.810000 38.023066
alu-v4_37
original 3 37 61 40 24 6.000000 0.810000 4.124533
urf3_155
improve 0 423488 743999 451288 320487 6.000000 0.810000 31.704719
misex1_241
original 0 4813 8836 5465 4023 6.000000 0.810000 0.457647
alu-v0_27
original 5 36 60 40 24 6.000000 0.810000 4.053657
4mod5-v1_24
original 14 36 60 39 24 6.000000 0.810000 36.464428
4mod7-v1_96
original 2 164 272 168 108 6.000000 0.810000 22.999183
cm82a_208
improve 10 650 1106 644 456 6.000000 0.810000 1.290731
