rd53_138
original 25 132 213 110 81 2.000000 0.300100 0.425126
4gt13-v1_93
original 0 68 107 69 39 2.000000 0.300100 11.949051
mod5mils_65
original 27 35 53 34 18 2.000000 0.300100 3.540961
mod5d1_63
original 124 22 34 22 12 2.000000 0.300100 22.136096
sym10_262
improve 0 64283 118752 71192 54435 2.000000 0.300100 17.598836
aj-e11_165
original 1 151 250 160 99 2.000000 0.300100 2.420066
hwb9_119
improve 0 207775 374452 227178 166548 2.000000 0.300100 36.233027
4gt11_83
original 1 23 35 26 12 2.000000 0.300100 3.147615
cm42a_207
improve 22 1776 3069 1755 1293 2.000000 0.300100 10.792456
4gt4-v0_72
original 0 258 438 255 180 2.000000 0.300100 0.016954
max46_240
improve 0 27126 48954 28202 21813 2.000000 0.300100 4.229121
dc2_222
improve 18 9462 17058 10280 7596 2.000000 0.300100 312.810549
