rd53_138
original 25 132 213 110 81 2.000000 0.100100 0.501191
4gt13-v1_93
original 0 68 107 69 39 2.000000 0.100100 11.754475
mod5mils_65
original 27 35 53 34 18 2.000000 0.100100 3.588038
mod5d1_63
original 124 22 34 22 12 2.000000 0.100100 22.229972
sym10_262
improve 0 64283 118752 71192 54435 2.000000 0.100100 17.609089
aj-e11_165
original 1 151 250 160 99 2.000000 0.100100 2.440201
hwb9_119
improve 0 207775 374452 227178 166548 2.000000 0.100100 36.317727
4gt11_83
original 1 23 35 26 12 2.000000 0.100100 3.163022
cm42a_207
improve 22 1776 3069 1755 1293 2.000000 0.100100 10.706658
4gt4-v0_72
original 0 258 438 255 180 2.000000 0.100100 0.019150
max46_240
improve 0 27126 48954 28202 21813 2.000000 0.100100 4.204173
dc2_222
improve 18 9462 17058 10280 7596 2.000000 0.100100 313.124555
sym9_193
improve 0 34881 65513 40094 30567 2.000000 0.100100 15.900305
rd53_135
improve 0 296 518 320 222 2.000000 0.100100 0.035611
mod10_171
original 11 244 403 249 159 2.000000 0.100100 11.646882
ising_model_13
original 0 633 768 143 135 2.000000 0.100100 1.017779
adr4_197
improve 51 3439 6226 3563 2778 2.000000 0.100100 126.077410
4gt11_84
original 25 18 30 18 12 2.000000 0.100100 4.011819
4gt11_82
original 26 27 42 29 15 2.000000 0.100100 3.743594
wim_266
improve 7 986 1700 1001 714 2.000000 0.100100 32.656379
rd53_131
improve 0 469 823 510 354 2.000000 0.100100 0.030332
mod8-10_177
original 14 440 731 446 291 2.000000 0.100100 0.638251
4gt10-v1_81
original 10 148 241 142 93 2.000000 0.100100 1.202935
alu-v1_28
original 41 37 58 37 21 2.000000 0.100100 22.668808
cnt3-5_179
improve 14 175 307 120 132 2.000000 0.100100 4.511958
square_root_7
original 0 7630 14230 7884 6600 2.000000 0.100100 18.209261
one-two-three-v1_99
original 8 132 219 136 87 2.000000 0.100100 3051.877147
mini_alu_305
original 29 173 290 133 117 2.000000 0.100100 0.519608
rd53_311
original 0 275 494 236 219 2.000000 0.100100 0.061694
3_17_13
original 0 36 57 38 21 2.000000 0.100100 60.783607
rd73_252
original 0 5321 9530 5512 4209 2.000000 0.100100 2.449697
4gt4-v0_80
improve 1 179 299 200 120 2.000000 0.100100 0.254120
hwb7_59
original 0 24379 42682 25193 18303 2.000000 0.100100 1.353645
ham3_102
original 5 20 32 22 12 2.000000 0.100100 61.206090
cnt3-5_180
original 22 485 839 421 354 2.000000 0.100100 17.075497
rd53_133
improve 0 580 1021 664 441 2.000000 0.100100 0.066737
4mod7-v0_94
original 7 162 264 163 102 2.000000 0.100100 4.432944
plus63mod4096_163
improve 0 128744 238010 147306 109107 2.000000 0.100100 43.365089
mini-alu_167
improve 13 288 480 286 192 2.000000 0.100100 8.015096
root_255
improve 0 17159 31661 18214 14481 2.000000 0.100100 7.083518
z4_268
original 1 3073 5413 3107 2340 2.000000 0.100100 37.656131
majority_239
original 33 612 1035 637 423 2.000000 0.100100 1.090752
ex2_227
original 0 631 1102 651 471 2.000000 0.100100 0.047577
urf2_277
original 0 20112 37602 22962 17490 2.000000 0.100100 1.741522
one-two-three-v3_101
original 17 70 115 69 45 2.000000 0.100100 31.241529
4gt13_91
original 6 103 169 107 66 2.000000 0.100100 0.740296
4gt12-v1_89
original 1 228 378 231 150 2.000000 0.100100 0.519204
sqrt8_260
improve 23 3009 5391 3197 2382 2.000000 0.100100 54.904621
rd32-v0_66
original 1 34 52 33 18 2.000000 0.100100 13.660105
sym9_148
improve 0 21504 38427 23572 16923 2.000000 0.100100 1.625975
4gt5_75
original 56 83 131 81 48 2.000000 0.100100 78.783911
0410184_169
original 102 211 355 192 144 2.000000 0.100100 220.533892
urf2_152
original 0 80480 139895 81632 59415 2.000000 0.100100 4.170552
urf1_278
original 0 54766 101731 61854 46965 2.000000 0.100100 11.611393
sym6_145
improve 0 3888 6798 4355 2910 2.000000 0.100100 0.224489
alu-v2_32
improve 64 163 268 164 105 2.000000 0.100100 32.730420
4gt12-v0_88
improve 30 194 320 194 126 2.000000 0.100100 0.270203
squar5_261
original 6 1993 3466 1981 1473 2.000000 0.100100 18.982040
alu-v2_31
original 71 451 733 439 282 2.000000 0.100100 6.586584
hwb5_53
original 0 1336 2296 1429 960 2.000000 0.100100 0.061847
one-two-three-v2_100
original 96 69 111 69 42 2.000000 0.100100 35.959269
cycle10_2_110
improve 0 6050 11030 6657 4980 2.000000 0.100100 0.437558
urf6_160
improve 0 171840 316100 181757 144183 2.000000 0.100100 32.184976
ising_model_10
original 0 480 669 110 189 2.000000 0.100100 2.083097
sys6-v0_111
original 30 215 353 154 138 2.000000 0.100100 4.625484
plus63mod8192_164
improve 0 187112 348229 219087 160794 2.000000 0.100100 75.980169
mod5adder_127
improve 0 555 948 589 393 2.000000 0.100100 0.101070
rd73_140
original 14 230 374 177 144 2.000000 0.100100 1.405949
4mod5-v1_23
original 44 69 114 74 45 2.000000 0.100100 5.889978
graycode6_47
original 0 5 29 13 24 2.000000 0.100100 0.015714
ising_model_16
original 0 786 1059 176 273 2.000000 0.100100 9.189393
ham7_104
original 0 320 548 333 228 2.000000 0.100100 0.656490
ex-1_166
original 0 19 28 18 9 2.000000 0.100100 25.552241
decod24-v3_45
original 9 150 243 145 93 2.000000 0.100100 20.053679
urf4_187
improve 0 512064 924007 522132 411786 2.000000 0.100100 53.973110
life_238
improve 0 22445 40953 24744 18495 2.000000 0.100100 4.823518
con1_216
improve 0 954 1701 1034 747 2.000000 0.100100 0.056111
hwb6_56
original 0 6723 11706 7011 4983 2.000000 0.100100 0.355808
mod10_176
original 11 178 292 172 114 2.000000 0.100100 21.407455
ex1_226
original 0 7 16 11 9 2.000000 0.100100 0.002087
sf_276
original 11 778 1276 788 498 2.000000 0.100100 1.636618
cm152a_212
improve 0 1221 2208 1345 987 2.000000 0.100100 0.116746
4gt12-v0_87
original 0 247 421 251 174 2.000000 0.100100 0.018543
decod24-enable_126
improve 6 338 569 348 231 2.000000 0.100100 0.547858
radd_250
original 0 3213 5934 3450 2721 2.000000 0.100100 0.575190
pm1_249
improve 22 1776 3069 1755 1293 2.000000 0.100100 10.927934
sf_274
original 1 781 1270 790 489 2.000000 0.100100 5.817994
miller_11
original 0 50 77 50 27 2.000000 0.100100 10.513681
rd53_251
original 0 1291 2266 1382 975 2.000000 0.100100 0.075922
mlp4_245
improve 0 18852 34643 20730 15732 2.000000 0.100100 807.706406
9symml_195
improve 0 34881 65513 40094 30567 2.000000 0.100100 15.935797
rd84_142
original 51 343 565 253 222 2.000000 0.100100 20.851097
inc_237
improve 11 10619 19040 11348 8421 2.000000 0.100100 106.843895
sqn_258
improve 0 10223 18233 10664 8010 2.000000 0.100100 0.891620
alu-v2_33
original 1 37 61 39 24 2.000000 0.100100 22.961348
sao2_257
improve 0 38577 71211 41359 32589 2.000000 0.100100 9.671156
co14_215
original 0 17936 34061 17930 16125 2.000000 0.100100 42.969350
decod24-v1_41
original 17 85 139 89 54 2.000000 0.100100 3.658748
4mod5-v0_20
original 2 20 29 18 9 2.000000 0.100100 37.172920
alu-v4_37
original 1 37 61 41 24 2.000000 0.100100 5.481563
urf3_155
improve 0 423488 746991 440821 323400 2.000000 0.100100 44.122118
misex1_241
improve 0 4813 8689 5377 3876 2.000000 0.100100 0.430769
alu-v0_27
original 0 36 60 41 24 2.000000 0.100100 5.265233
4mod5-v1_24
original 2 36 60 39 24 2.000000 0.100100 36.264169
4mod7-v1_96
original 71 164 266 168 102 2.000000 0.100100 16.628921
cm82a_208
original 5 650 1103 642 453 2.000000 0.100100 1.269484
ham15_107
original 28 8763 15855 9351 7092 2.000000 0.100100 614.282331
0example
original 3 9 18 13 9 2.000000 0.100100 13.262603
dc1_220
improve 0 1914 3429 2009 1515 2.000000 0.100100 0.111447
4gt4-v1_74
original 0 273 459 285 186 2.000000 0.100100 0.016457
rd32-v1_68
original 1 36 54 33 18 2.000000 0.100100 13.449868
decod24-v0_38
original 20 51 81 52 30 2.000000 0.100100 7.671496
sym6_316
improve 0 270 522 292 252 2.000000 0.100100 0.027602
alu-v0_26
original 9 84 135 84 51 2.000000 0.100100 4.959924
clip_206
improve 0 33827 62381 36770 28503 2.000000 0.100100 45.433379
4mod5-v0_18
original 44 69 111 70 42 2.000000 0.100100 5.892028
cm85a_209
improve 0 11414 20839 12876 9414 2.000000 0.100100 2.034014
alu-v4_36
original 61 115 184 114 69 2.000000 0.100100 31.551142
one-two-three-v0_97
original 5 290 476 298 186 2.000000 0.100100 1.862301
4gt13_90
original 6 107 173 111 66 2.000000 0.100100 0.757828
mod5d2_64
original 7 53 86 58 33 2.000000 0.100100 5.141853
ground_state_estimation_10
original 0 390180 466995 215576 76815 2.000000 0.100100 10.133503
C17_204
improve 0 467 818 493 351 2.000000 0.100100 0.165184
4gt13_92
original 95 66 108 68 42 2.000000 0.100100 37.244046
rd53_130
original 0 1043 1814 1070 771 2.000000 0.100100 0.055902
alu-v3_34
original 41 52 82 51 30 2.000000 0.100100 2.801397
decod24-bdd_294
original 0 73 127 79 54 2.000000 0.100100 0.007239
4gt5_76
original 1 91 145 91 54 2.000000 0.100100 1.725122
sym9_146
original 51 328 565 276 237 2.000000 0.100100 9.352725
4mod5-v1_22
original 2 21 30 19 9 2.000000 0.100100 5.041723
rd32_270
original 12 84 135 87 51 2.000000 0.100100 3.113898
hwb4_49
improve 25 233 377 235 144 2.000000 0.100100 1.266205
urf5_280
improve 0 49829 91018 55626 41178 2.000000 0.100100 5.468622
4gt5_77
original 8 131 218 135 87 2.000000 0.100100 63.281744
rd84_253
original 0 13658 25085 14430 11427 2.000000 0.100100 4.935333
4_49_16
original 37 217 355 225 138 2.000000 0.100100 3.093456
qft_10
original 0 200 272 71 72 2.000000 0.100100 1.492906
4mod5-bdd_287
original 47 70 115 72 45 2.000000 0.100100 0.230519
qft_16
original 0 512 818 213 306 2.000000 0.100100 10.717963
urf1_149
improve 0 184864 324532 190428 139668 2.000000 0.100100 10.689862
urf5_158
original 0 164416 286858 165637 122442 2.000000 0.100100 13.259586
urf3_279
original 0 125362 237262 142953 111900 2.000000 0.100100 21.473850
4gt12-v0_86
original 0 251 431 259 180 2.000000 0.100100 0.062234
4gt4-v0_73
original 9 395 650 398 255 2.000000 0.100100 0.642414
alu-v1_29
original 46 37 61 41 24 2.000000 0.100100 6.501369
alu-bdd_288
original 29 84 138 86 54 2.000000 0.100100 0.505587
decod24-v2_43
original 0 52 82 52 30 2.000000 0.100100 9.861825
mod8-10_178
original 21 342 567 343 225 2.000000 0.100100 0.554157
one-two-three-v0_98
original 10 146 242 151 96 2.000000 0.100100 561.153575
4gt4-v0_78
original 9 235 391 240 156 2.000000 0.100100 0.445092
4mod5-v0_19
original 27 35 53 34 18 2.000000 0.100100 5.044621
alu-v2_30
original 0 504 864 519 360 2.000000 0.100100 0.027689
alu-v3_35
original 21 37 58 33 21 2.000000 0.100100 1.783269
dist_223
original 0 38046 69714 39239 31668 2.000000 0.100100 39.697933
4gt4-v0_79
original 9 231 381 232 150 2.000000 0.100100 0.403205
hwb8_113
improve 0 69380 122844 74204 53451 2.000000 0.100100 6.715260
ex3_229
original 20 403 661 403 258 2.000000 0.100100 0.715293
xor5_254
original 0 7 16 11 9 2.000000 0.100100 0.002106
f2_232
improve 2 1206 2034 1297 828 2.000000 0.100100 3.038747
time:7588.484679