rd53_138
original 19 132 216 108 84 5.000000 0.100100 0.601686
4gt13-v1_93
original 96 68 110 63 42 5.000000 0.100100 13.325040
mod5mils_65
original 0 35 56 34 21 5.000000 0.100100 4.029887
mod5d1_63
original 2 22 37 26 15 5.000000 0.100100 20.595186
sym10_262
original 0 64283 115235 68765 50952 5.000000 0.100100 12.814313
aj-e11_165
original 1 151 259 171 108 5.000000 0.100100 2.148279
hwb9_119
improve 0 207775 368211 225593 160380 5.000000 0.100100 20.355811
4gt11_83
original 1 23 35 26 12 5.000000 0.100100 4.205735
cm42a_207
original 2 1776 3066 1784 1290 5.000000 0.100100 14.499866
4gt4-v0_72
original 0 258 459 273 201 5.000000 0.100100 0.018606
max46_240
original 0 27126 48135 27799 21009 5.000000 0.100100 2.289570
dc2_222
improve 48 9462 16914 10153 7452 5.000000 0.100100 200.245300
sym9_193
original 0 34881 63288 37684 28407 5.000000 0.100100 10.726727
rd53_135
original 0 296 509 304 213 5.000000 0.100100 0.032219
mod10_171
original 10 244 406 244 162 5.000000 0.100100 12.788498
ising_model_13
improve 0 633 783 124 150 5.000000 0.100100 2.563782
adr4_197
improve 29 3439 6082 3530 2643 5.000000 0.100100 88.059684
4gt11_84
original 1 18 30 20 12 5.000000 0.100100 4.672328
4gt11_82
original 7 27 45 33 18 5.000000 0.100100 3.553808
wim_266
improve 4 986 1688 981 702 5.000000 0.100100 6.260036
rd53_131
improve 0 469 841 531 372 5.000000 0.100100 0.034309
mod8-10_177
original 4 440 737 466 297 5.000000 0.100100 0.718929
4gt10-v1_81
original 10 148 244 150 96 5.000000 0.100100 0.928090
alu-v1_28
original 32 37 58 34 21 5.000000 0.100100 26.810898
cnt3-5_179
original 2 175 319 127 144 5.000000 0.100100 5.455456
square_root_7
original 0 7630 13234 6928 5604 5.000000 0.100100 5.061642
one-two-three-v1_99
original 9 132 222 145 90 5.000000 0.100100 295.693990
mini_alu_305
improve 0 173 284 143 111 5.000000 0.100100 2.055557
rd53_311
original 0 275 500 238 225 5.000000 0.100100 0.072198
3_17_13
original 0 36 57 38 21 5.000000 0.100100 71.841531
rd73_252
improve 0 5321 9419 5651 4098 5.000000 0.100100 0.395219
4gt4-v0_80
original 6 179 299 188 120 5.000000 0.100100 0.311037
hwb7_59
original 0 24379 42268 25261 17889 5.000000 0.100100 1.456716
ham3_102
original 4 20 35 26 15 5.000000 0.100100 70.495511
cnt3-5_180
improve 19 485 824 396 339 5.000000 0.100100 7.964034
rd53_133
improve 0 580 1042 701 462 5.000000 0.100100 0.182585
4mod7-v0_94
original 7 162 258 156 96 5.000000 0.100100 3.536321
plus63mod4096_163
improve 0 128744 233881 146266 105051 5.000000 0.100100 32.935810
mini-alu_167
original 40 288 483 304 195 5.000000 0.100100 5.399438
root_255
original 0 17159 31298 17838 14139 5.000000 0.100100 4.506478
z4_268
improve 12 3073 5335 3088 2262 5.000000 0.100100 21.488951
majority_239
original 8 612 1032 639 420 5.000000 0.100100 1.039290
ex2_227
original 0 631 1069 651 438 5.000000 0.100100 0.038261
urf2_277
improve 0 20112 37302 23619 17160 5.000000 0.100100 9.204028
one-two-three-v3_101
original 1 70 118 76 48 5.000000 0.100100 31.515854
4gt13_91
original 0 103 172 106 69 5.000000 0.100100 0.820379
4gt12-v1_89
original 46 228 372 225 144 5.000000 0.100100 0.614976
sqrt8_260
improve 0 3009 5328 3177 2319 5.000000 0.100100 17.408507
rd32-v0_66
original 0 34 52 33 18 5.000000 0.100100 15.911390
sym9_148
original 0 21504 38052 23256 16548 5.000000 0.100100 2.995071
4gt5_75
original 4 83 140 85 57 5.000000 0.100100 3.305453
0410184_169
improve 18 211 361 208 150 5.000000 0.100100 179.371975
urf2_152
improve 0 80480 138983 83596 58503 5.000000 0.100100 4.906275
urf1_278
improve 0 54766 99963 61641 45180 5.000000 0.100100 7.880589
sym6_145
original 0 3888 6678 4156 2790 5.000000 0.100100 0.207885
alu-v2_32
original 13 163 271 164 108 5.000000 0.100100 10.177673
4gt12-v0_88
original 3 194 317 200 123 5.000000 0.100100 0.327389
squar5_261
improve 51 1993 3514 1997 1521 5.000000 0.100100 27.521600
alu-v2_31
original 3 451 754 473 303 5.000000 0.100100 8.332291
hwb5_53
original 0 1336 2272 1423 936 5.000000 0.100100 0.073279
one-two-three-v2_100
original 10 69 114 68 45 5.000000 0.100100 38.479674
cycle10_2_110
original 0 6050 10790 6524 4740 5.000000 0.100100 4.962869
urf6_160
improve 0 171840 315081 185449 143124 5.000000 0.100100 53.474767
ising_model_10
improve 0 480 618 108 138 5.000000 0.100100 1.022002
sys6-v0_111
improve 36 215 365 155 150 5.000000 0.100100 4.900932
plus63mod8192_164
improve 0 187112 346627 220619 159354 5.000000 0.100100 61.941652
mod5adder_127
original 0 555 954 590 399 5.000000 0.100100 0.087035
rd73_140
original 36 230 389 176 159 5.000000 0.100100 1.643583
4mod5-v1_23
original 2 69 120 79 51 5.000000 0.100100 5.774363
graycode6_47
original 0 5 29 13 24 5.000000 0.100100 0.018986
ising_model_16
improve 0 786 996 140 210 5.000000 0.100100 1.364600
ham7_104
original 35 320 560 358 240 5.000000 0.100100 0.686159
ex-1_166
original 0 19 31 21 12 5.000000 0.100100 29.972593
decod24-v3_45
original 9 150 243 147 93 5.000000 0.100100 35.499350
urf4_187
improve 0 512064 917719 523635 405582 5.000000 0.100100 52.754117
life_238
improve 0 22445 39915 24030 17466 5.000000 0.100100 2.030207
con1_216
improve 0 954 1674 1022 720 5.000000 0.100100 0.070619
hwb6_56
improve 0 6723 11694 7499 4971 5.000000 0.100100 0.386581
mod10_176
original 5 178 295 181 117 5.000000 0.100100 18.349630
ex1_226
original 0 7 13 9 6 5.000000 0.100100 0.001556
sf_276
improve 15 778 1306 795 528 5.000000 0.100100 1.901383
cm152a_212
improve 0 1221 2107 1279 882 5.000000 0.100100 0.868866
4gt12-v0_87
original 0 247 409 244 162 5.000000 0.100100 0.019075
decod24-enable_126
original 14 338 593 379 255 5.000000 0.100100 0.559722
radd_250
improve 0 3213 5781 3494 2568 5.000000 0.100100 0.246347
pm1_249
original 2 1776 3066 1784 1290 5.000000 0.100100 14.106653
sf_274
original 9 781 1300 810 519 5.000000 0.100100 2.098213
miller_11
original 109 50 77 50 27 5.000000 0.100100 12.206620
rd53_251
original 0 1291 2209 1328 918 5.000000 0.100100 0.085011
mlp4_245
improve 51 18852 34004 20211 15111 5.000000 0.100100 627.110201
9symml_195
original 0 34881 63288 37684 28407 5.000000 0.100100 10.847469
rd84_142
improve 50 343 589 228 246 5.000000 0.100100 23.212546
inc_237
improve 1 10619 18821 11578 8196 5.000000 0.100100 80.106334
sqn_258
original 0 10223 17894 10417 7671 5.000000 0.100100 3.473098
alu-v2_33
original 95 37 58 37 21 5.000000 0.100100 26.949929
sao2_257
original 0 38577 70725 39890 32148 5.000000 0.100100 13.602609
co14_215
improve 0 17936 33999 18509 16017 5.000000 0.100100 16.196085
decod24-v1_41
original 18 85 142 90 57 5.000000 0.100100 3.567043
4mod5-v0_20
original 2 20 29 18 9 5.000000 0.100100 40.249064
alu-v4_37
original 3 37 61 40 24 5.000000 0.100100 3.842168
urf3_155
improve 0 423488 748147 453754 324594 5.000000 0.100100 42.304854
misex1_241
original 0 4813 8458 5160 3645 5.000000 0.100100 0.399004
alu-v0_27
original 14 36 60 40 24 5.000000 0.100100 4.133126
4mod5-v1_24
original 14 36 60 39 24 5.000000 0.100100 39.947763
4mod7-v1_96
original 9 164 269 171 105 5.000000 0.100100 13.040777
cm82a_208
original 10 650 1112 662 462 5.000000 0.100100 1.434182
ham15_107
original 10 8763 15549 9232 6786 5.000000 0.100100 465.782145
0example
original 3 9 18 13 9 5.000000 0.100100 15.467372
dc1_220
original 0 1914 3354 1966 1440 5.000000 0.100100 0.158212
4gt4-v1_74
original 0 273 471 292 198 5.000000 0.100100 0.021373
rd32-v1_68
original 0 36 54 33 18 5.000000 0.100100 16.032518
decod24-v0_38
original 0 51 84 56 33 5.000000 0.100100 7.597352
sym6_316
original 0 270 504 267 234 5.000000 0.100100 0.145741
alu-v0_26
original 10 84 138 85 54 5.000000 0.100100 1.320673
clip_206
improve 0 33827 61112 36385 27237 5.000000 0.100100 11.894730
4mod5-v0_18
original 34 69 108 69 39 5.000000 0.100100 6.047710
cm85a_209
original 0 11414 20558 12503 9144 5.000000 0.100100 0.961583
alu-v4_36
improve 1 115 193 126 78 5.000000 0.100100 31.720468
one-two-three-v0_97
original 1 290 479 297 189 5.000000 0.100100 2.046234
4gt13_90
original 0 107 179 113 72 5.000000 0.100100 0.850773
mod5d2_64
original 7 53 86 58 33 5.000000 0.100100 5.576883
ground_state_estimation_10
improve 0 390180 462770 220252 72582 5.000000 0.100100 13.211281
C17_204
improve 0 467 827 507 360 5.000000 0.100100 0.144652
4gt13_92
original 3 66 111 74 45 5.000000 0.100100 32.203939
rd53_130
original 0 1043 1793 1055 750 5.000000 0.100100 0.088795
alu-v3_34
original 7 52 85 56 33 5.000000 0.100100 2.972356
decod24-bdd_294
original 0 73 115 71 42 5.000000 0.100100 0.006121
4gt5_76
original 1 91 151 98 60 5.000000 0.100100 2.227158
sym9_146
original 47 328 568 250 240 5.000000 0.100100 50.180022
4mod5-v1_22
original 2 21 33 22 12 5.000000 0.100100 5.464493
rd32_270
original 13 84 135 85 51 5.000000 0.100100 3.533009
hwb4_49
original 13 233 377 238 144 5.000000 0.100100 1.434898
urf5_280
original 0 49829 89573 54243 39744 5.000000 0.100100 5.767999
4gt5_77
original 3 131 215 140 84 5.000000 0.100100 45.478645
rd84_253
original 0 13658 24467 14258 10809 5.000000 0.100100 3.243475
4_49_16
original 3 217 367 234 150 5.000000 0.100100 2.691904
qft_10
improve 0 200 271 70 63 5.000000 0.100100 2.032294
4mod5-bdd_287
original 3 70 115 76 45 5.000000 0.100100 0.242683
qft_16
improve 0 512 955 251 267 5.000000 0.100100 40.091191
urf1_149
improve 0 184864 327523 198435 142635 5.000000 0.100100 12.349139
urf5_158
original 0 164416 284740 168021 120324 5.000000 0.100100 14.851954
urf3_279
improve 0 125362 232849 143404 107421 5.000000 0.100100 21.485184
4gt12-v0_86
original 0 251 419 258 168 5.000000 0.100100 0.050944
4gt4-v0_73
original 9 395 653 402 258 5.000000 0.100100 0.703063
alu-v1_29
original 14 37 61 40 24 5.000000 0.100100 4.056931
alu-bdd_288
original 2 84 144 92 60 5.000000 0.100100 0.700270
decod24-v2_43
original 1 52 85 55 33 5.000000 0.100100 3.609699
mod8-10_178
original 35 342 570 356 228 5.000000 0.100100 0.609811
one-two-three-v0_98
original 5 146 242 153 96 5.000000 0.100100 58.029502
4gt4-v0_78
original 9 235 394 246 159 5.000000 0.100100 0.402380
4mod5-v0_19
original 27 35 56 36 21 5.000000 0.100100 5.777190
alu-v2_30
original 0 504 858 517 354 5.000000 0.100100 0.035951
alu-v3_35
original 3 37 61 39 24 5.000000 0.100100 2.048715
dist_223
improve 0 38046 68421 39725 30360 5.000000 0.100100 5.729918
4gt4-v0_79
original 9 231 387 239 156 5.000000 0.100100 0.443670
hwb8_113
improve 0 69380 120497 74285 51114 5.000000 0.100100 4.860029
ex3_229
original 35 403 664 406 261 5.000000 0.100100 0.781615
xor5_254
original 0 7 13 9 6 5.000000 0.100100 0.001937
f2_232
improve 13 1206 2043 1244 837 5.000000 0.100100 2.330734
time:3570.945119:2943.791149