rd53_138
original 2 132 222 108 90 3.000000 0.800000 0.516286
4gt13-v1_93
original 96 68 104 62 36 3.000000 0.800000 12.357479
mod5mils_65
original 2 35 59 39 24 3.000000 0.800000 4.006007
mod5d1_63
original 29 22 34 22 12 3.000000 0.800000 21.085432
sym10_262
improve 0 64283 118421 69984 54108 3.000000 0.800000 19.034306
aj-e11_165
original 1 151 250 161 99 3.000000 0.800000 1.561102
hwb9_119
improve 0 207775 373873 224877 166047 3.000000 0.800000 25.171286
4gt11_83
original 1 23 35 26 12 3.000000 0.800000 12.636140
cm42a_207
original 17 1776 3096 1773 1320 3.000000 0.800000 13.986289
4gt4-v0_72
original 0 258 456 265 198 3.000000 0.800000 0.019737
max46_240
improve 0 27126 48604 28430 21474 3.000000 0.800000 2.268327
dc2_222
original 42 9462 17247 10158 7785 3.000000 0.800000 181.845498
sym9_193
original 0 34881 63570 37044 28689 3.000000 0.800000 2.846486
rd53_135
original 0 296 506 303 210 3.000000 0.800000 0.027640
mod10_171
original 11 244 406 244 162 3.000000 0.800000 11.788614
ising_model_13
original 0 633 813 143 180 3.000000 0.800000 0.716387
adr4_197
original 4 3439 6208 3495 2769 3.000000 0.800000 100.139507
4gt11_84
original 11 18 30 18 12 3.000000 0.800000 4.358904
4gt11_82
original 26 27 42 29 15 3.000000 0.800000 3.217600
wim_266
original 24 986 1691 946 705 3.000000 0.800000 8.463741
rd53_131
improve 0 469 817 499 348 3.000000 0.800000 0.033270
mod8-10_177
original 0 440 746 454 306 3.000000 0.800000 0.663721
4gt10-v1_81
improve 10 148 253 163 105 3.000000 0.800000 1.234499
alu-v1_28
original 17 37 61 38 24 3.000000 0.800000 24.990697
cnt3-5_179
improve 14 175 316 145 141 3.000000 0.800000 5.350708
square_root_7
improve 0 7630 14197 8051 6552 3.000000 0.800000 6.002043
one-two-three-v1_99
original 32 132 225 140 93 3.000000 0.800000 204.828938
mini_alu_305
improve 0 173 281 137 108 3.000000 0.800000 0.494130
rd53_311
improve 0 275 524 281 249 3.000000 0.800000 0.046974
3_17_13
original 0 36 57 38 21 3.000000 0.800000 67.028011
rd73_252
improve 0 5321 9632 5582 4311 3.000000 0.800000 0.402333
4gt4-v0_80
original 7 179 308 200 129 3.000000 0.800000 0.297346
hwb7_59
improve 0 24379 42994 25946 18615 3.000000 0.800000 1.422296
ham3_102
original 36 20 35 21 15 3.000000 0.800000 65.901236
cnt3-5_180
improve 22 485 842 434 357 3.000000 0.800000 6.935584
rd53_133
improve 0 580 1000 661 420 3.000000 0.800000 0.049310
4mod7-v0_94
improve 8 162 273 179 111 3.000000 0.800000 3.467469
plus63mod4096_163
improve 0 128744 238627 147264 109770 3.000000 0.800000 34.397648
mini-alu_167
original 5 288 477 290 189 3.000000 0.800000 5.355768
root_255
original 0 17159 31484 17618 14325 3.000000 0.800000 2.666789
z4_268
improve 1 3073 5383 3205 2310 3.000000 0.800000 12.019468
majority_239
original 0 612 1017 618 405 3.000000 0.800000 3.039957
ex2_227
improve 0 631 1099 689 468 3.000000 0.800000 0.050079
urf2_277
improve 0 20112 37829 24797 17709 3.000000 0.800000 2.302453
one-two-three-v3_101
original 3 70 121 79 51 3.000000 0.800000 26.390190
4gt13_91
original 2 103 175 112 72 3.000000 0.800000 0.678391
4gt12-v1_89
original 2 228 378 227 150 3.000000 0.800000 0.556513
sqrt8_260
improve 29 3009 5430 3229 2421 3.000000 0.800000 29.297262
rd32-v0_66
original 1 34 52 33 18 3.000000 0.800000 15.087624
sym9_148
improve 0 21504 39348 23841 17829 3.000000 0.800000 3.947249
4gt5_75
original 8 83 143 90 60 3.000000 0.800000 3.077455
0410184_169
original 24 211 352 182 141 3.000000 0.800000 98.632118
urf2_152
improve 0 80480 140279 84770 59799 3.000000 0.800000 4.585577
urf1_278
improve 0 54766 101830 61836 47031 3.000000 0.800000 14.091809
sym6_145
improve 0 3888 6675 4138 2787 3.000000 0.800000 0.211584
alu-v2_32
original 5 163 274 162 111 3.000000 0.800000 6.557958
4gt12-v0_88
original 12 194 326 198 132 3.000000 0.800000 0.295913
squar5_261
original 16 1993 3505 1922 1512 3.000000 0.800000 11.627110
alu-v2_31
original 8 451 745 452 294 3.000000 0.800000 15.706357
hwb5_53
improve 0 1336 2290 1400 954 3.000000 0.800000 0.069980
one-two-three-v2_100
original 96 69 111 69 42 3.000000 0.800000 37.108194
cycle10_2_110
improve 0 6050 11114 6795 5064 3.000000 0.800000 0.472170
urf6_160
improve 0 171840 315600 184097 143724 3.000000 0.800000 24.448149
ising_model_10
original 0 480 630 117 150 3.000000 0.800000 11.698422
sys6-v0_111
original 32 215 365 159 150 3.000000 0.800000 1.711544
plus63mod8192_164
improve 0 187112 351407 220731 164079 3.000000 0.800000 64.734941
mod5adder_127
original 0 555 957 552 402 3.000000 0.800000 0.087406
rd73_140
original 37 230 395 192 165 3.000000 0.800000 1.464662
4mod5-v1_23
original 8 69 120 82 51 3.000000 0.800000 5.625370
graycode6_47
original 0 5 29 13 24 3.000000 0.800000 0.019512
ising_model_16
improve 0 786 1101 199 315 3.000000 0.800000 2.763925
ham7_104
original 11 320 563 344 243 3.000000 0.800000 0.675178
ex-1_166
original 0 19 31 21 12 3.000000 0.800000 28.070971
decod24-v3_45
original 1 150 246 143 96 3.000000 0.800000 17.668077
urf4_187
improve 0 512064 918320 522825 406233 3.000000 0.800000 36.784121
life_238
improve 0 22445 40673 24228 18228 3.000000 0.800000 1.787291
con1_216
improve 0 954 1737 1038 783 3.000000 0.800000 0.080882
hwb6_56
improve 0 6723 11907 7312 5184 3.000000 0.800000 0.373086
mod10_176
original 10 178 298 179 120 3.000000 0.800000 15.492521
ex1_226
original 0 7 13 9 6 3.000000 0.800000 0.001736
sf_276
improve 0 778 1264 783 486 3.000000 0.800000 1.618028
cm152a_212
original 0 1221 2247 1328 1026 3.000000 0.800000 0.884037
4gt12-v0_87
improve 0 247 427 251 180 3.000000 0.800000 0.017899
decod24-enable_126
original 14 338 587 368 249 3.000000 0.800000 0.509098
radd_250
improve 0 3213 5880 3541 2667 3.000000 0.800000 0.232960
pm1_249
original 17 1776 3096 1773 1320 3.000000 0.800000 13.900235
sf_274
original 13 781 1282 769 501 3.000000 0.800000 1.848961
miller_11
original 0 50 86 59 36 3.000000 0.800000 11.582709
rd53_251
improve 0 1291 2209 1399 918 3.000000 0.800000 0.067945
mlp4_245
improve 48 18852 34447 20336 15558 3.000000 0.800000 545.095363
9symml_195
original 0 34881 63570 37044 28689 3.000000 0.800000 2.840454
rd84_142
improve 51 343 586 230 243 3.000000 0.800000 29.656314
inc_237
improve 11 10619 18968 11186 8349 3.000000 0.800000 57.149095
sqn_258
improve 0 10223 18212 10552 7971 3.000000 0.800000 3.979539
alu-v2_33
original 1 37 61 40 24 3.000000 0.800000 33.541037
sao2_257
original 0 38577 71409 39667 32832 3.000000 0.800000 9.271075
co14_215
improve 0 17936 34165 18123 16170 3.000000 0.800000 14.045741
decod24-v1_41
original 96 85 142 89 57 3.000000 0.800000 3.901723
4mod5-v0_20
original 2 20 29 18 9 3.000000 0.800000 37.261835
alu-v4_37
original 1 37 64 44 27 3.000000 0.800000 3.520044
urf3_155
improve 0 423488 747901 446207 324345 3.000000 0.800000 31.306049
misex1_241
improve 0 4813 8743 5380 3930 3.000000 0.800000 1.390249
alu-v0_27
original 0 36 63 44 27 3.000000 0.800000 3.427759
4mod5-v1_24
original 2 36 63 41 27 3.000000 0.800000 36.768215
4mod7-v1_96
original 32 164 272 160 108 3.000000 0.800000 13.462523
cm82a_208
improve 2 650 1118 669 468 3.000000 0.800000 1.876670
ham15_107
improve 2 8763 15747 9676 6984 3.000000 0.800000 324.315857
0example
original 3 9 18 13 9 3.000000 0.800000 14.036885
dc1_220
original 0 1914 3360 1955 1446 3.000000 0.800000 0.119308
4gt4-v1_74
improve 0 273 480 291 207 3.000000 0.800000 0.019398
rd32-v1_68
original 1 36 54 33 18 3.000000 0.800000 14.929985
decod24-v0_38
original 1 51 84 55 33 3.000000 0.800000 7.533159
sym6_316
original 0 270 510 286 240 3.000000 0.800000 0.027430
alu-v0_26
original 1 84 138 84 54 3.000000 0.800000 2.390545
clip_206
original 0 33827 62066 35612 28239 3.000000 0.800000 5.756796
4mod5-v0_18
original 8 69 111 72 42 3.000000 0.800000 5.591314
cm85a_209
original 0 11414 20828 12280 9414 3.000000 0.800000 11.591794
alu-v4_36
original 34 115 199 122 84 3.000000 0.800000 29.576981
one-two-three-v0_97
original 5 290 473 297 183 3.000000 0.800000 1.853659
4gt13_90
original 6 107 176 113 69 3.000000 0.800000 0.761416
mod5d2_64
original 95 53 89 60 36 3.000000 0.800000 5.497807
ground_state_estimation_10
improve 0 390180 454014 211277 63834 3.000000 0.800000 10.753699
C17_204
original 0 467 827 499 360 3.000000 0.800000 0.148849
4gt13_92
original 7 66 108 62 42 3.000000 0.800000 19.225426
rd53_130
original 0 1043 1853 1074 810 3.000000 0.800000 0.064310
alu-v3_34
original 7 52 85 56 33 3.000000 0.800000 2.699985
decod24-bdd_294
original 0 73 118 73 45 3.000000 0.800000 0.006763
4gt5_76
original 32 91 157 101 66 3.000000 0.800000 1.965473
sym9_146
improve 3 328 580 279 252 3.000000 0.800000 25.148141
4mod5-v1_22
original 2 21 33 22 12 3.000000 0.800000 5.047154
rd32_270
original 4 84 135 81 51 3.000000 0.800000 3.197744
hwb4_49
original 1 233 392 251 159 3.000000 0.800000 1.334812
urf5_280
original 0 49829 91037 54714 41208 3.000000 0.800000 7.507192
4gt5_77
original 8 131 221 133 90 3.000000 0.800000 25.828658
rd84_253
improve 0 13658 24964 14476 11289 3.000000 0.800000 3.226522
4_49_16
improve 60 217 367 232 150 3.000000 0.800000 3.121732
qft_10
improve 0 200 263 66 60 3.000000 0.800000 1.020958
4mod5-bdd_287
original 1 70 118 78 48 3.000000 0.800000 0.215702
qft_16
original 0 512 794 192 282 3.000000 0.800000 15.868318
urf1_149
improve 0 184864 326761 194991 141885 3.000000 0.800000 12.785236
urf5_158
original 0 164416 286867 167165 122451 3.000000 0.800000 9.900424
urf3_279
improve 0 125362 236571 144721 111129 3.000000 0.800000 28.780344
4gt12-v0_86
improve 0 251 437 259 186 3.000000 0.800000 0.048876
4gt4-v0_73
original 15 395 662 399 267 3.000000 0.800000 0.670595
alu-v1_29
original 0 37 64 44 27 3.000000 0.800000 3.353145
alu-bdd_288
improve 10 84 144 91 60 3.000000 0.800000 0.633670
decod24-v2_43
original 1 52 85 55 33 3.000000 0.800000 3.259287
mod8-10_178
improve 1 342 585 377 243 3.000000 0.800000 0.592103
one-two-three-v0_98
original 11 146 242 146 96 3.000000 0.800000 50.645918
4gt4-v0_78
original 7 235 391 239 156 3.000000 0.800000 0.364998
4mod5-v0_19
original 2 35 59 36 24 3.000000 0.800000 5.193259
alu-v2_30
improve 0 504 885 533 381 3.000000 0.800000 0.030595
alu-v3_35
original 5 37 61 37 24 3.000000 0.800000 1.854433
dist_223
original 0 38046 70716 39830 32670 3.000000 0.800000 13.457415
4gt4-v0_79
original 7 231 390 238 159 3.000000 0.800000 0.360493
hwb8_113
improve 0 69380 122474 73808 53073 3.000000 0.800000 8.671319
ex3_229
original 1 403 667 413 264 3.000000 0.800000 0.727762
xor5_254
original 0 7 13 9 6 3.000000 0.800000 0.001033
f2_232
improve 2 1206 2067 1351 861 3.000000 0.800000 2.386172
time:23576.538230