rd53_138
improve 42 132 216 103 84 6.000000 0.500120 0.881767
4gt13-v1_93
original 17 68 110 68 42 6.000000 0.500120 8.520721
mod5mils_65
original 0 35 59 35 24 6.000000 0.500120 4.036026
mod5d1_63
original 2 22 37 26 15 6.000000 0.500120 21.759661
sym10_262
improve 0 64283 118266 71728 53943 6.000000 0.500120 11.475272
aj-e11_165
original 1 151 247 162 96 6.000000 0.500120 2.781974
hwb9_119
improve 0 207775 370840 228047 163026 6.000000 0.500120 14.654784
4gt11_83
original 1 23 35 26 12 6.000000 0.500120 36.724372
cm42a_207
improve 6 1776 3081 1762 1305 6.000000 0.500120 8.658139
4gt4-v0_72
original 0 258 450 268 192 6.000000 0.500120 0.018372
max46_240
improve 0 27126 49892 30427 22716 6.000000 0.500120 15.139977
dc2_222
original 35 9462 16938 10019 7476 6.000000 0.500120 140.968616
sym9_193
improve 0 34881 64852 40182 29886 6.000000 0.500120 17.801666
rd53_135
original 0 296 515 319 219 6.000000 0.500120 0.027293
mod10_171
original 0 244 418 255 174 6.000000 0.500120 11.328709
ising_model_13
original 0 633 768 143 135 6.000000 0.500120 2.840544
adr4_197
improve 13 3439 6127 3585 2688 6.000000 0.500120 60.092908
4gt11_84
original 25 18 30 18 12 6.000000 0.500120 4.065698
4gt11_82
original 26 27 42 30 15 6.000000 0.500120 4.588596
wim_266
improve 13 986 1706 995 720 6.000000 0.500120 33.642606
rd53_131
original 0 469 826 511 357 6.000000 0.500120 0.030644
mod8-10_177
original 14 440 740 465 300 6.000000 0.500120 0.624201
4gt10-v1_81
original 10 148 247 156 99 6.000000 0.500120 0.924502
alu-v1_28
original 17 37 61 39 24 6.000000 0.500120 23.958677
cnt3-5_179
original 14 175 313 138 138 6.000000 0.500120 3.865932
square_root_7
improve 0 7630 13697 7591 6051 6.000000 0.500120 5.043774
one-two-three-v1_99
original 68 132 219 138 87 6.000000 0.500120 210.339293
mini_alu_305
improve 0 173 287 154 114 6.000000 0.500120 1.594203
rd53_311
improve 0 275 521 262 246 6.000000 0.500120 0.042876
3_17_13
original 0 36 57 38 21 6.000000 0.500120 65.089165
rd73_252
original 0 5321 9485 5646 4164 6.000000 0.500120 2.676827
4gt4-v0_80
original 6 179 302 194 123 6.000000 0.500120 0.267922
hwb7_59
improve 0 24379 42595 26442 18216 6.000000 0.500120 1.236258
ham3_102
original 1 20 35 21 15 6.000000 0.500120 65.489803
cnt3-5_180
original 22 485 827 423 342 6.000000 0.500120 5.614631
rd53_133
original 0 580 1051 647 471 6.000000 0.500120 0.055127
4mod7-v0_94
original 34 162 273 175 111 6.000000 0.500120 3.444048
plus63mod4096_163
improve 0 128744 235501 148226 106650 6.000000 0.500120 25.893591
mini-alu_167
original 10 288 498 309 210 6.000000 0.500120 4.379858
root_255
original 0 17159 30959 17587 13800 6.000000 0.500120 2.928920
z4_268
original 15 3073 5404 3100 2331 6.000000 0.500120 15.489098
majority_239
improve 29 612 1044 609 432 6.000000 0.500120 0.923268
ex2_227
original 0 631 1090 679 459 6.000000 0.500120 0.158317
urf2_277
original 0 20112 37500 23269 17388 6.000000 0.500120 4.187189
one-two-three-v3_101
original 48 70 115 73 45 6.000000 0.500120 33.656807
4gt13_91
original 2 103 166 104 63 6.000000 0.500120 0.634485
4gt12-v1_89
improve 2 228 393 251 165 6.000000 0.500120 0.551799
sqrt8_260
original 28 3009 5364 3134 2355 6.000000 0.500120 34.041069
rd32-v0_66
original 0 34 52 33 18 6.000000 0.500120 13.402325
sym9_148
improve 0 21504 38343 23703 16839 6.000000 0.500120 1.186191
4gt5_75
original 8 83 137 85 54 6.000000 0.500120 3.258734
0410184_169
original 83 211 355 182 144 6.000000 0.500120 269.151281
urf2_152
original 0 80480 139307 84217 58827 6.000000 0.500120 4.026116
urf1_278
improve 0 54766 100383 63188 45567 6.000000 0.500120 12.550765
sym6_145
improve 0 3888 6714 4271 2826 6.000000 0.500120 0.189751
alu-v2_32
original 14 163 265 162 102 6.000000 0.500120 4.171014
4gt12-v0_88
original 12 194 323 192 129 6.000000 0.500120 0.283840
squar5_261
improve 34 1993 3484 1983 1491 6.000000 0.500120 15.693305
alu-v2_31
improve 49 451 751 445 300 6.000000 0.500120 7.156046
hwb5_53
original 0 1336 2323 1438 987 6.000000 0.500120 0.088818
one-two-three-v2_100
original 77 69 114 71 45 6.000000 0.500120 37.393684
cycle10_2_110
improve 0 6050 10874 6655 4821 6.000000 0.500120 0.859793
urf6_160
improve 0 171840 312398 185559 140508 6.000000 0.500120 22.635784
ising_model_10
improve 0 480 594 109 114 6.000000 0.500120 0.363201
sys6-v0_111
original 31 215 350 144 135 6.000000 0.500120 1.823311
plus63mod8192_164
improve 0 187112 348103 220862 160743 6.000000 0.500120 63.143803
mod5adder_127
original 0 555 957 593 402 6.000000 0.500120 0.084625
rd73_140
improve 37 230 380 177 150 6.000000 0.500120 1.328277
4mod5-v1_23
original 32 69 120 79 51 6.000000 0.500120 4.111052
graycode6_47
original 0 5 29 13 24 6.000000 0.500120 0.013552
ising_model_16
improve 0 786 1026 177 228 6.000000 0.500120 5.329313
ham7_104
original 0 320 548 332 228 6.000000 0.500120 0.562287
ex-1_166
original 0 19 31 21 12 6.000000 0.500120 26.194606
decod24-v3_45
original 8 150 246 148 96 6.000000 0.500120 80.463041
urf4_187
improve 0 512064 908665 528037 396570 6.000000 0.500120 33.863510
life_238
improve 0 22445 40157 24327 17712 6.000000 0.500120 1.435408
con1_216
original 0 954 1692 1002 738 6.000000 0.500120 0.050748
hwb6_56
original 0 6723 11736 7151 5013 6.000000 0.500120 0.319450
mod10_176
original 14 178 295 180 117 6.000000 0.500120 12.193542
ex1_226
original 0 7 16 11 9 6.000000 0.500120 0.001741
sf_276
original 10 778 1309 810 531 6.000000 0.500120 1.622712
cm152a_212
improve 0 1221 2196 1365 975 6.000000 0.500120 0.098966
4gt12-v0_87
original 0 247 427 259 180 6.000000 0.500120 0.016109
decod24-enable_126
original 19 338 572 357 234 6.000000 0.500120 0.492886
radd_250
improve 0 3213 5760 3575 2547 6.000000 0.500120 0.191229
pm1_249
improve 6 1776 3081 1762 1305 6.000000 0.500120 9.004822
sf_274
original 17 781 1309 798 528 6.000000 0.500120 1.938165
miller_11
original 63 50 83 53 33 6.000000 0.500120 10.777803
rd53_251
original 0 1291 2248 1346 957 6.000000 0.500120 0.068277
mlp4_245
original 8 18852 34335 20454 15483 6.000000 0.500120 401.481443
9symml_195
improve 0 34881 64852 40182 29886 6.000000 0.500120 17.670619
