rd53_138
original 21 132 216 102 84 7.000000 0.510000 0.776241
4gt13-v1_93
original 17 68 107 64 39 7.000000 0.510000 2.278237
mod5mils_65
original 2 35 59 37 24 7.000000 0.510000 3.994620
mod5d1_63
original 168 22 34 22 12 7.000000 0.510000 17.924033
sym10_262
improve 0 64283 114314 67515 49974 7.000000 0.510000 20.249849
aj-e11_165
original 1 151 244 153 93 7.000000 0.510000 1.910613
hwb9_119
original 0 207775 362716 216442 154941 7.000000 0.510000 26.284078
4gt11_83
original 1 23 35 26 12 7.000000 0.510000 34.537432
cm42a_207
original 48 1776 3030 1727 1254 7.000000 0.510000 8.319919
4gt4-v0_72
improve 0 258 450 263 192 7.000000 0.510000 0.017295
max46_240
original 0 27126 47670 26957 20544 7.000000 0.510000 3.504321
dc2_222
improve 42 9462 16629 9711 7167 7.000000 0.510000 178.720153
sym9_193
improve 0 34881 62625 37363 27687 7.000000 0.510000 8.142809
rd53_135
original 0 296 521 317 225 7.000000 0.510000 0.027413
mod10_171
original 11 244 400 252 156 7.000000 0.510000 12.419753
ising_model_13
improve 0 633 816 109 183 7.000000 0.510000 2.587557
adr4_197
original 0 3439 6013 3428 2574 7.000000 0.510000 103.024122
4gt11_84
original 1 18 30 20 12 7.000000 0.510000 4.115632
4gt11_82
original 26 27 42 29 15 7.000000 0.510000 3.885797
wim_266
original 46 986 1682 962 696 7.000000 0.510000 18.016052
rd53_131
improve 0 469 802 495 333 7.000000 0.510000 0.031515
mod8-10_177
improve 4 440 731 456 291 7.000000 0.510000 0.719058
4gt10-v1_81
original 40 148 244 151 96 7.000000 0.510000 1.311108
alu-v1_28
original 41 37 61 37 24 7.000000 0.510000 26.737863
cnt3-5_179
original 14 175 304 123 129 7.000000 0.510000 4.507160
square_root_7
original 0 7630 13471 7100 5841 7.000000 0.510000 2.922583
one-two-three-v1_99
original 32 132 222 142 90 7.000000 0.510000 229.044468
mini_alu_305
original 9 173 290 134 117 7.000000 0.510000 0.594832
rd53_311
original 0 275 527 263 252 7.000000 0.510000 0.049883
3_17_13
original 0 36 57 38 21 7.000000 0.510000 73.508847
rd73_252
improve 0 5321 9248 5505 3927 7.000000 0.510000 0.361651
4gt4-v0_80
original 21 179 296 180 117 7.000000 0.510000 0.347445
hwb7_59
improve 0 24379 41440 24563 17061 7.000000 0.510000 1.423437
ham3_102
original 2 20 35 21 15 7.000000 0.510000 73.345681
cnt3-5_180
original 29 485 815 385 330 7.000000 0.510000 5.516151
rd53_133
improve 0 580 1006 646 426 7.000000 0.510000 0.080213
4mod7-v0_94
original 32 162 267 165 105 7.000000 0.510000 4.217135
plus63mod4096_163
improve 0 128744 229662 139347 100872 7.000000 0.510000 19.743088
mini-alu_167
original 1 288 477 294 189 7.000000 0.510000 4.968464
root_255
improve 0 17159 30869 17576 13710 7.000000 0.510000 1.959616
z4_268
original 1 3073 5290 3106 2217 7.000000 0.510000 47.342140
majority_239
original 7 612 1026 622 414 7.000000 0.510000 1.083009
ex2_227
original 0 631 1075 659 444 7.000000 0.510000 0.040845
urf2_277
original 0 20112 37593 22970 17481 7.000000 0.510000 4.264204
one-two-three-v3_101
original 7 70 115 72 45 7.000000 0.510000 38.037227
4gt13_91
original 10 103 166 105 63 7.000000 0.510000 0.844577
4gt12-v1_89
original 46 228 378 234 150 7.000000 0.510000 0.627884
sqrt8_260
improve 33 3009 5232 3065 2223 7.000000 0.510000 24.375508
rd32-v0_66
original 0 34 52 33 18 7.000000 0.510000 13.321719
sym9_148
improve 0 21504 37563 23047 16059 7.000000 0.510000 1.297234
4gt5_75
original 8 83 134 80 51 7.000000 0.510000 3.553683
0410184_169
improve 24 211 346 175 135 7.000000 0.510000 366.262594
urf2_152
improve 0 80480 137570 81839 57090 7.000000 0.510000 4.728952
urf1_278
improve 0 54766 99652 61751 44868 7.000000 0.510000 9.241410
sym6_145
original 0 3888 6606 4073 2718 7.000000 0.510000 0.220364
alu-v2_32
original 37 163 265 162 102 7.000000 0.510000 4.326810
4gt12-v0_88
original 3 194 317 190 123 7.000000 0.510000 0.327052
squar5_261
original 38 1993 3442 1939 1449 7.000000 0.510000 19.065405
alu-v2_31
original 12 451 748 451 297 7.000000 0.510000 8.732684
hwb5_53
improve 0 1336 2278 1403 942 7.000000 0.510000 0.074950
one-two-three-v2_100
original 96 69 108 66 39 7.000000 0.510000 44.061757
cycle10_2_110
original 0 6050 10664 6414 4614 7.000000 0.510000 0.418988
urf6_160
improve 0 171840 308720 177328 136788 7.000000 0.510000 52.419098
ising_model_10
original 0 480 597 110 117 7.000000 0.510000 0.440362
sys6-v0_111
improve 14 215 365 163 150 7.000000 0.510000 1.661156
plus63mod8192_164
original 0 187112 338096 204027 150984 7.000000 0.510000 92.620183
mod5adder_127
improve 0 555 975 601 420 7.000000 0.510000 0.089139
rd73_140
original 35 230 389 186 159 7.000000 0.510000 2.493261
4mod5-v1_23
original 75 69 120 76 51 7.000000 0.510000 4.314359
graycode6_47
original 0 5 29 13 24 7.000000 0.510000 0.017554
ising_model_16
original 0 786 1005 176 219 7.000000 0.510000 155.546860
ham7_104
original 30 320 545 350 225 7.000000 0.510000 0.687429
ex-1_166
original 0 19 31 21 12 7.000000 0.510000 30.094270
decod24-v3_45
original 8 150 234 137 84 7.000000 0.510000 56.439606
urf4_187
original 0 512064 900282 505169 388218 7.000000 0.510000 51.786663
life_238
improve 0 22445 39476 23521 17022 7.000000 0.510000 3.544325
con1_216
original 0 954 1662 948 708 7.000000 0.510000 0.078598
hwb6_56
original 0 6723 11601 6925 4878 7.000000 0.510000 1.206630
mod10_176
original 5 178 286 173 108 7.000000 0.510000 9.118704
ex1_226
original 0 7 16 10 9 7.000000 0.510000 0.002466
sf_276
original 13 778 1276 763 498 7.000000 0.510000 1.912595
cm152a_212
improve 0 1221 2124 1292 903 7.000000 0.510000 0.101918
4gt12-v0_87
original 0 247 415 241 168 7.000000 0.510000 0.016176
decod24-enable_126
original 1 338 581 371 243 7.000000 0.510000 0.582196
radd_250
improve 0 3213 5676 3465 2463 7.000000 0.510000 0.226769
pm1_249
original 48 1776 3030 1727 1254 7.000000 0.510000 8.633444
sf_274
original 6 781 1285 763 504 7.000000 0.510000 2.060007
miller_11
original 0 50 86 59 36 7.000000 0.510000 12.278715
rd53_251
original 0 1291 2221 1372 930 7.000000 0.510000 0.074946
mlp4_245
improve 10 18852 33222 19909 14370 7.000000 0.510000 435.691859
9symml_195
improve 0 34881 62625 37363 27687 7.000000 0.510000 8.482175
rd84_142
original 45 343 598 225 255 7.000000 0.510000 12.445259
inc_237
improve 2 10619 18311 10854 7692 7.000000 0.510000 80.108650
sqn_258
original 0 10223 17747 10201 7524 7.000000 0.510000 0.724582
alu-v2_33
original 1 37 61 40 24 7.000000 0.510000 26.045339
sao2_257
original 0 38577 69438 38542 30861 7.000000 0.510000 6.739167
co14_215
improve 0 17936 32985 17472 15045 7.000000 0.510000 3.618604
decod24-v1_41
original 17 85 139 87 54 7.000000 0.510000 1.712317
4mod5-v0_20
original 2 20 29 18 9 7.000000 0.510000 39.777472
alu-v4_37
original 3 37 61 40 24 7.000000 0.510000 4.270216
urf3_155
improve 0 423488 733133 437874 309636 7.000000 0.510000 29.321618
misex1_241
original 0 4813 8674 5256 3861 7.000000 0.510000 0.792230
alu-v0_27
original 89 36 60 36 24 7.000000 0.510000 4.227339
4mod5-v1_24
original 2 36 60 39 24 7.000000 0.510000 39.046027
4mod7-v1_96
original 32 164 266 159 102 7.000000 0.510000 19.325917
cm82a_208
original 10 650 1094 660 444 7.000000 0.510000 1.437035
ham15_107
original 2 8763 15360 8981 6597 7.000000 0.510000 908.253383
0example
original 3 9 18 13 9 7.000000 0.510000 15.399189
dc1_220
original 0 1914 3339 1917 1425 7.000000 0.510000 0.134781
4gt4-v1_74
original 0 273 462 282 189 7.000000 0.510000 0.020247
rd32-v1_68
original 0 36 54 33 18 7.000000 0.510000 13.239207
decod24-v0_38
original 1 51 84 55 33 7.000000 0.510000 9.497737
sym6_316
improve 0 270 513 282 243 7.000000 0.510000 0.039243
alu-v0_26
original 1 84 138 89 54 7.000000 0.510000 1.259737
clip_206
original 0 33827 59633 33793 25806 7.000000 0.510000 28.298734
4mod5-v0_18
original 2 69 111 69 42 7.000000 0.510000 4.655555
cm85a_209
improve 0 11414 20135 12260 8721 7.000000 0.510000 0.878663
alu-v4_36
original 12 115 187 115 72 7.000000 0.510000 34.615669
one-two-three-v0_97
original 40 290 476 288 186 7.000000 0.510000 2.198320
4gt13_90
original 10 107 176 115 69 7.000000 0.510000 0.789637
mod5d2_64
original 18 53 89 60 36 7.000000 0.510000 5.606647
ground_state_estimation_10
improve 0 390180 446346 200511 56166 7.000000 0.510000 12.046311
C17_204
improve 0 467 809 497 342 7.000000 0.510000 0.145851
4gt13_92
original 7 66 111 65 45 7.000000 0.510000 57.000476
rd53_130
original 0 1043 1757 1026 714 7.000000 0.510000 0.053099
alu-v3_34
original 98 52 82 49 30 7.000000 0.510000 3.099876
decod24-bdd_294
original 0 73 115 71 42 7.000000 0.510000 0.007760
4gt5_76
original 64 91 145 93 54 7.000000 0.510000 2.081912
sym9_146
improve 3 328 571 278 243 7.000000 0.510000 6.362950
4mod5-v1_22
original 2 21 33 22 12 7.000000 0.510000 5.427375
rd32_270
original 9 84 135 85 51 7.000000 0.510000 3.110925
hwb4_49
original 1 233 380 242 147 7.000000 0.510000 1.404950
urf5_280
improve 0 49829 88880 54806 39048 7.000000 0.510000 4.543908
4gt5_77
original 1 131 215 130 84 7.000000 0.510000 66.414461
rd84_253
original 0 13658 24191 13695 10533 7.000000 0.510000 4.360364
4_49_16
original 24 217 358 225 141 7.000000 0.510000 2.842541
qft_10
original 0 200 266 69 66 7.000000 0.510000 0.453077
4mod5-bdd_287
original 1 70 118 78 48 7.000000 0.510000 0.222235
qft_16
improve 0 512 854 199 282 7.000000 0.510000 12.520536
urf1_149
improve 0 184864 320719 191009 135837 7.000000 0.510000 15.517777
urf5_158
improve 0 164416 280906 168420 116490 7.000000 0.510000 10.225407
urf3_279
improve 0 125362 231930 141383 106497 7.000000 0.510000 28.959275
4gt12-v0_86
original 0 251 422 251 171 7.000000 0.510000 0.050051
4gt4-v0_73
original 9 395 656 395 261 7.000000 0.510000 0.710840
alu-v1_29
original 5 37 61 40 24 7.000000 0.510000 4.333449
alu-bdd_288
original 17 84 144 82 60 7.000000 0.510000 0.706450
decod24-v2_43
original 1 52 85 55 33 7.000000 0.510000 6.193181
mod8-10_178
original 21 342 570 343 228 7.000000 0.510000 0.617337
one-two-three-v0_98
original 40 146 233 142 87 7.000000 0.510000 57.271985
4gt4-v0_78
original 16 235 391 235 156 7.000000 0.510000 0.412221
4mod5-v0_19
original 2 35 59 38 24 7.000000 0.510000 5.782059
alu-v2_30
original 0 504 876 528 372 7.000000 0.510000 0.040023
alu-v3_35
original 3 37 61 39 24 7.000000 0.510000 2.155566
dist_223
original 0 38046 67245 37614 29199 7.000000 0.510000 12.541974
4gt4-v0_79
original 20 231 381 227 150 7.000000 0.510000 0.413497
hwb8_113
improve 0 69380 118958 71973 49578 7.000000 0.510000 4.065824
ex3_229
original 1 403 673 420 270 7.000000 0.510000 0.835401
xor5_254
original 0 7 16 10 9 7.000000 0.510000 0.002459
f2_232
original 10 1206 1992 1166 786 7.000000 0.510000 2.775520
time:4115.637843