rd53_138
original 14 132 222 121 90 4.000000 0.611000 0.630151
4gt13-v1_93
original 17 68 110 68 42 4.000000 0.611000 13.856361
mod5mils_65
original 27 35 59 39 24 4.000000 0.611000 4.057164
mod5d1_63
original 2 22 37 26 15 4.000000 0.611000 17.630907
sym10_262
improve 0 64283 116944 69498 52620 4.000000 0.611000 13.127957
aj-e11_165
original 1 151 256 163 105 4.000000 0.611000 3.092631
hwb9_119
improve 0 207775 373298 225524 165426 4.000000 0.611000 33.518116
4gt11_83
original 1 23 35 26 12 4.000000 0.611000 3.934368
cm42a_207
improve 48 1776 3075 1762 1299 4.000000 0.611000 20.130928
4gt4-v0_72
original 0 258 453 262 195 4.000000 0.611000 0.018360
max46_240
original 0 27126 48549 27701 21423 4.000000 0.611000 3.191983
dc2_222
original 35 9462 17001 10026 7539 4.000000 0.611000 322.611785
sym9_193
improve 0 34881 63530 38092 28584 4.000000 0.611000 15.863574
rd53_135
original 0 296 533 301 237 4.000000 0.611000 0.031213
mod10_171
original 0 244 415 257 171 4.000000 0.611000 12.314544
ising_model_13
original 0 633 774 143 141 4.000000 0.611000 25.940248
adr4_197
improve 11 3439 6127 3583 2688 4.000000 0.611000 48.145618
4gt11_84
original 49 18 30 18 12 4.000000 0.611000 4.074952
4gt11_82
original 8 27 45 30 18 4.000000 0.611000 4.649921
wim_266
original 51 986 1673 941 687 4.000000 0.611000 32.696415
rd53_131
original 0 469 817 483 348 4.000000 0.611000 0.034096
mod8-10_177
improve 14 440 734 445 294 4.000000 0.611000 0.738988
4gt10-v1_81
original 11 148 244 155 96 4.000000 0.611000 1.563390
alu-v1_28
original 41 37 61 40 24 4.000000 0.611000 35.696151
cnt3-5_179
original 14 175 316 132 141 4.000000 0.611000 5.401817
square_root_7
original 0 7630 13711 7509 6081 4.000000 0.611000 9.651810
one-two-three-v1_99
original 34 132 219 137 87 4.000000 0.611000 235.006263
mini_alu_305
original 9 173 302 140 129 4.000000 0.611000 0.789622
rd53_311
original 0 275 524 269 249 4.000000 0.611000 0.035145
3_17_13
original 0 36 60 41 24 4.000000 0.611000 74.426878
rd73_252
original 0 5321 9500 5524 4179 4.000000 0.611000 3.744827
4gt4-v0_80
original 1 179 305 184 126 4.000000 0.611000 0.322471
hwb7_59
original 0 24379 42607 25525 18228 4.000000 0.611000 1.438786
ham3_102
original 7 20 35 21 15 4.000000 0.611000 75.253014
cnt3-5_180
original 22 485 827 406 342 4.000000 0.611000 23.101409
rd53_133
original 0 580 976 583 396 4.000000 0.611000 0.033132
4mod7-v0_94
original 22 162 270 169 108 4.000000 0.611000 3.844437
plus63mod4096_163
improve 0 128744 234517 144238 105696 4.000000 0.611000 27.634207
mini-alu_167
original 5 288 483 290 195 4.000000 0.611000 10.077603
root_255
improve 0 17159 31082 17907 13917 4.000000 0.611000 3.166950
z4_268
improve 0 3073 5425 3235 2352 4.000000 0.611000 19.309676
majority_239
original 1 612 1041 636 429 4.000000 0.611000 1.078225
ex2_227
original 0 631 1090 656 459 4.000000 0.611000 0.041874
urf2_277
improve 0 20112 37620 24530 17508 4.000000 0.611000 1.713055
one-two-three-v3_101
original 17 70 118 74 48 4.000000 0.611000 38.069653
4gt13_91
original 10 103 172 105 69 4.000000 0.611000 0.850416
4gt12-v1_89
original 36 228 384 231 156 4.000000 0.611000 0.624756
sqrt8_260
improve 18 3009 5349 3158 2340 4.000000 0.611000 28.367655
rd32-v0_66
original 0 34 52 33 18 4.000000 0.611000 13.198548
sym9_148
improve 0 21504 38019 23158 16515 4.000000 0.611000 1.325011
4gt5_75
original 32 83 137 84 54 4.000000 0.611000 3.550557
0410184_169
original 37 211 346 179 135 4.000000 0.611000 439.473965
urf2_152
improve 0 80480 140096 84322 59616 4.000000 0.611000 4.585043
urf1_278
improve 0 54766 101659 63966 46890 4.000000 0.611000 5.172469
sym6_145
original 0 3888 6735 4167 2847 4.000000 0.611000 0.208576
alu-v2_32
original 5 163 277 171 114 4.000000 0.611000 4.216914
4gt12-v0_88
original 21 194 326 203 132 4.000000 0.611000 0.313955
squar5_261
original 28 1993 3532 1993 1539 4.000000 0.611000 11.133034
alu-v2_31
original 8 451 742 448 291 4.000000 0.611000 8.617178
hwb5_53
original 0 1336 2311 1421 975 4.000000 0.611000 0.069911
one-two-three-v2_100
original 96 69 114 70 45 4.000000 0.611000 44.418215
cycle10_2_110
original 0 6050 10802 6579 4752 4.000000 0.611000 0.427866
urf6_160
improve 0 171840 314310 180517 142431 4.000000 0.611000 26.678670
ising_model_10
original 0 480 627 110 147 4.000000 0.611000 0.887169
sys6-v0_111
original 31 215 368 158 153 4.000000 0.611000 1.772441
plus63mod8192_164
improve 0 187112 346588 217134 159315 4.000000 0.611000 45.682722
mod5adder_127
improve 0 555 978 607 423 4.000000 0.611000 0.091797
rd73_140
improve 36 230 389 183 159 4.000000 0.611000 1.426776
4mod5-v1_23
original 24 69 126 80 57 4.000000 0.611000 6.873567
graycode6_47
original 0 5 29 13 24 4.000000 0.611000 0.019042
ising_model_16
original 0 786 1092 176 306 4.000000 0.611000 2.193053
ham7_104
original 6 320 551 334 231 4.000000 0.611000 0.685945
ex-1_166
original 0 19 31 21 12 4.000000 0.611000 30.084853
decod24-v3_45
original 1 150 246 142 96 4.000000 0.611000 39.253595
urf4_187
original 0 512064 911709 510920 399645 4.000000 0.611000 39.522369
life_238
original 0 22445 40319 24058 17874 4.000000 0.611000 3.355685
con1_216
improve 0 954 1683 1003 729 4.000000 0.611000 0.067886
hwb6_56
original 0 6723 11802 7065 5079 4.000000 0.611000 0.736132
mod10_176
original 5 178 292 183 114 4.000000 0.611000 9.869606
ex1_226
original 0 7 16 10 9 4.000000 0.611000 0.002399
sf_276
original 34 778 1297 786 519 4.000000 0.611000 1.803757
cm152a_212
improve 0 1221 2172 1298 951 4.000000 0.611000 0.102082
4gt12-v0_87
original 0 247 427 252 180 4.000000 0.611000 0.023742
decod24-enable_126
original 1 338 590 370 252 4.000000 0.611000 0.594717
radd_250
original 0 3213 5823 3462 2610 4.000000 0.611000 0.270256
pm1_249
improve 48 1776 3075 1762 1299 4.000000 0.611000 20.277288
sf_274
original 1 781 1297 801 516 4.000000 0.611000 1.810413
miller_11
original 109 50 86 55 36 4.000000 0.611000 12.228848
rd53_251
original 0 1291 2230 1336 939 4.000000 0.611000 0.074749
mlp4_245
improve 5 18852 34275 20497 15420 4.000000 0.611000 432.856958
9symml_195
improve 0 34881 63530 38092 28584 4.000000 0.611000 15.743761
rd84_142
original 32 343 598 221 255 4.000000 0.611000 13.094500
inc_237
original 6 10619 18617 10786 7998 4.000000 0.611000 44.396514
sqn_258
improve 0 10223 18107 10563 7884 4.000000 0.611000 0.824699
alu-v2_33
original 2 37 61 39 24 4.000000 0.611000 31.102174
sao2_257
improve 0 38577 70385 40789 31779 4.000000 0.611000 8.991444
co14_215
original 0 17936 33665 17475 15729 4.000000 0.611000 17.779102
decod24-v1_41
original 0 85 142 93 57 4.000000 0.611000 3.944615
4mod5-v0_20
original 2 20 29 18 9 4.000000 0.611000 39.717255
alu-v4_37
original 17 37 64 41 27 4.000000 0.611000 4.445603
urf3_155
improve 0 423488 752088 449344 328560 4.000000 0.611000 34.150610
misex1_241
improve 0 4813 8608 5134 3795 4.000000 0.611000 0.394634
alu-v0_27
original 17 36 63 41 27 4.000000 0.611000 4.083112
4mod5-v1_24
original 14 36 60 39 24 4.000000 0.611000 38.724895
4mod7-v1_96
original 12 164 275 170 111 4.000000 0.611000 23.580549
cm82a_208
original 25 650 1091 606 441 4.000000 0.611000 2.899059
