rd53_138
original 21 132 216 102 84 7.000000 0.710000 0.797504
4gt13-v1_93
original 17 68 107 64 39 7.000000 0.710000 2.339135
mod5mils_65
original 2 35 59 37 24 7.000000 0.710000 4.150499
mod5d1_63
original 168 22 34 22 12 7.000000 0.710000 18.366179
sym10_262
improve 0 64283 114314 67515 49974 7.000000 0.710000 20.915280
aj-e11_165
original 1 151 244 153 93 7.000000 0.710000 1.966687
hwb9_119
original 0 207775 362716 216442 154941 7.000000 0.710000 27.234868
4gt11_83
original 1 23 35 26 12 7.000000 0.710000 35.373490
cm42a_207
original 48 1776 3030 1727 1254 7.000000 0.710000 8.827860
4gt4-v0_72
improve 0 258 450 263 192 7.000000 0.710000 0.020814
max46_240
original 0 27126 47670 26957 20544 7.000000 0.710000 3.598500
dc2_222
improve 42 9462 16629 9711 7167 7.000000 0.710000 185.339425
sym9_193
improve 0 34881 62625 37363 27687 7.000000 0.710000 8.495760
rd53_135
original 0 296 521 317 225 7.000000 0.710000 0.028189
mod10_171
original 11 244 400 252 156 7.000000 0.710000 12.697926
ising_model_13
improve 0 633 816 109 183 7.000000 0.710000 2.605832
adr4_197
original 0 3439 6013 3428 2574 7.000000 0.710000 105.167403
4gt11_84
original 1 18 30 20 12 7.000000 0.710000 4.212498
4gt11_82
original 26 27 42 29 15 7.000000 0.710000 3.955292
wim_266
original 46 986 1682 962 696 7.000000 0.710000 18.074948
rd53_131
improve 0 469 802 495 333 7.000000 0.710000 0.033266
mod8-10_177
improve 4 440 731 456 291 7.000000 0.710000 0.736931
4gt10-v1_81
original 40 148 244 151 96 7.000000 0.710000 1.350024
alu-v1_28
original 41 37 61 37 24 7.000000 0.710000 27.058231
cnt3-5_179
original 14 175 304 123 129 7.000000 0.710000 4.570710
square_root_7
original 0 7630 13471 7100 5841 7.000000 0.710000 3.082843
one-two-three-v1_99
original 32 132 222 142 90 7.000000 0.710000 232.848051
mini_alu_305
original 9 173 290 134 117 7.000000 0.710000 0.607863
rd53_311
original 0 275 527 263 252 7.000000 0.710000 0.049005
3_17_13
original 0 36 57 38 21 7.000000 0.710000 74.761896
rd73_252
improve 0 5321 9248 5505 3927 7.000000 0.710000 0.368580
4gt4-v0_80
original 21 179 296 180 117 7.000000 0.710000 0.353918
hwb7_59
improve 0 24379 41440 24563 17061 7.000000 0.710000 1.435493
ham3_102
original 2 20 35 21 15 7.000000 0.710000 74.530509
cnt3-5_180
original 29 485 815 385 330 7.000000 0.710000 5.601810
rd53_133
improve 0 580 1006 646 426 7.000000 0.710000 0.081395
4mod7-v0_94
original 32 162 267 165 105 7.000000 0.710000 4.273208
plus63mod4096_163
improve 0 128744 229662 139347 100872 7.000000 0.710000 20.119495
mini-alu_167
original 1 288 477 294 189 7.000000 0.710000 5.007195
root_255
improve 0 17159 30869 17576 13710 7.000000 0.710000 2.055547
z4_268
original 1 3073 5290 3106 2217 7.000000 0.710000 48.401915
majority_239
original 7 612 1026 622 414 7.000000 0.710000 1.112705
ex2_227
original 0 631 1075 659 444 7.000000 0.710000 0.042294
urf2_277
original 0 20112 37593 22970 17481 7.000000 0.710000 4.318167
one-two-three-v3_101
original 7 70 115 72 45 7.000000 0.710000 38.456693
4gt13_91
original 10 103 166 105 63 7.000000 0.710000 0.854399
4gt12-v1_89
original 46 228 378 234 150 7.000000 0.710000 0.631566
sqrt8_260
improve 33 3009 5232 3065 2223 7.000000 0.710000 24.747982
rd32-v0_66
original 0 34 52 33 18 7.000000 0.710000 13.434301
sym9_148
improve 0 21504 37563 23047 16059 7.000000 0.710000 1.312381
4gt5_75
original 8 83 134 80 51 7.000000 0.710000 3.628017
0410184_169
improve 24 211 346 175 135 7.000000 0.710000 372.061080
urf2_152
improve 0 80480 137570 81839 57090 7.000000 0.710000 4.804977
urf1_278
improve 0 54766 99652 61751 44868 7.000000 0.710000 9.237426
sym6_145
original 0 3888 6606 4073 2718 7.000000 0.710000 0.231240
alu-v2_32
original 37 163 265 162 102 7.000000 0.710000 4.371999
4gt12-v0_88
original 3 194 317 190 123 7.000000 0.710000 0.333226
squar5_261
original 38 1993 3442 1939 1449 7.000000 0.710000 19.732431
alu-v2_31
original 12 451 748 451 297 7.000000 0.710000 8.790612
hwb5_53
improve 0 1336 2278 1403 942 7.000000 0.710000 0.073833
one-two-three-v2_100
original 96 69 108 66 39 7.000000 0.710000 44.612815
cycle10_2_110
original 0 6050 10664 6414 4614 7.000000 0.710000 0.424161
urf6_160
improve 0 171840 308720 177328 136788 7.000000 0.710000 54.345350
ising_model_10
original 0 480 597 110 117 7.000000 0.710000 0.455518
sys6-v0_111
improve 14 215 365 163 150 7.000000 0.710000 1.698496
plus63mod8192_164
original 0 187112 338096 204027 150984 7.000000 0.710000 95.378538
mod5adder_127
improve 0 555 975 601 420 7.000000 0.710000 0.091211
rd73_140
original 35 230 389 186 159 7.000000 0.710000 2.545370
4mod5-v1_23
original 75 69 120 76 51 7.000000 0.710000 4.421125
graycode6_47
original 0 5 29 13 24 7.000000 0.710000 0.017118
ising_model_16
original 0 786 1005 176 219 7.000000 0.710000 159.211517
ham7_104
original 30 320 545 350 225 7.000000 0.710000 0.687190
ex-1_166
original 0 19 31 21 12 7.000000 0.710000 30.542673
decod24-v3_45
original 8 150 234 137 84 7.000000 0.710000 56.819471
urf4_187
original 0 512064 900282 505169 388218 7.000000 0.710000 52.096349
life_238
improve 0 22445 39476 23521 17022 7.000000 0.710000 3.661322
con1_216
original 0 954 1662 948 708 7.000000 0.710000 0.078519
hwb6_56
original 0 6723 11601 6925 4878 7.000000 0.710000 1.176242
mod10_176
original 5 178 286 173 108 7.000000 0.710000 9.245733
ex1_226
original 0 7 16 10 9 7.000000 0.710000 0.002411
sf_276
original 13 778 1276 763 498 7.000000 0.710000 1.941190
cm152a_212
improve 0 1221 2124 1292 903 7.000000 0.710000 0.107917
4gt12-v0_87
original 0 247 415 241 168 7.000000 0.710000 0.019081
decod24-enable_126
original 1 338 581 371 243 7.000000 0.710000 0.590494
radd_250
improve 0 3213 5676 3465 2463 7.000000 0.710000 0.229308
pm1_249
original 48 1776 3030 1727 1254 7.000000 0.710000 8.773527
sf_274
original 6 781 1285 763 504 7.000000 0.710000 2.059129
miller_11
original 0 50 86 59 36 7.000000 0.710000 12.541816
rd53_251
original 0 1291 2221 1372 930 7.000000 0.710000 0.074886
mlp4_245
improve 10 18852 33222 19909 14370 7.000000 0.710000 443.282823
9symml_195
improve 0 34881 62625 37363 27687 7.000000 0.710000 8.452727
rd84_142
original 45 343 598 225 255 7.000000 0.710000 12.772392
inc_237
improve 2 10619 18311 10854 7692 7.000000 0.710000 82.021504
sqn_258
original 0 10223 17747 10201 7524 7.000000 0.710000 0.737982
alu-v2_33
original 1 37 61 40 24 7.000000 0.710000 26.525409
sao2_257
original 0 38577 69438 38542 30861 7.000000 0.710000 6.923496
co14_215
improve 0 17936 32985 17472 15045 7.000000 0.710000 3.651830
decod24-v1_41
original 17 85 139 87 54 7.000000 0.710000 1.731655
4mod5-v0_20
original 2 20 29 18 9 7.000000 0.710000 40.799571
alu-v4_37
original 3 37 61 40 24 7.000000 0.710000 4.349246
urf3_155
improve 0 423488 733133 437874 309636 7.000000 0.710000 29.783534
misex1_241
original 0 4813 8674 5256 3861 7.000000 0.710000 0.808469
alu-v0_27
original 89 36 60 36 24 7.000000 0.710000 4.313082
4mod5-v1_24
original 2 36 60 39 24 7.000000 0.710000 39.757106
4mod7-v1_96
original 32 164 266 159 102 7.000000 0.710000 19.655792
cm82a_208
original 10 650 1094 660 444 7.000000 0.710000 1.457187
ham15_107
original 2 8763 15360 8981 6597 7.000000 0.710000 913.054446
0example
original 3 9 18 13 9 7.000000 0.710000 15.700612
dc1_220
original 0 1914 3339 1917 1425 7.000000 0.710000 0.132920
4gt4-v1_74
original 0 273 462 282 189 7.000000 0.710000 0.020545
rd32-v1_68
original 0 36 54 33 18 7.000000 0.710000 13.500034
decod24-v0_38
original 1 51 84 55 33 7.000000 0.710000 9.761396
sym6_316
improve 0 270 513 282 243 7.000000 0.710000 0.041400
alu-v0_26
original 1 84 138 89 54 7.000000 0.710000 1.287583
clip_206
original 0 33827 59633 33793 25806 7.000000 0.710000 28.094926
4mod5-v0_18
original 2 69 111 69 42 7.000000 0.710000 4.735880
cm85a_209
improve 0 11414 20135 12260 8721 7.000000 0.710000 0.931308
alu-v4_36
original 12 115 187 115 72 7.000000 0.710000 35.131170
one-two-three-v0_97
original 40 290 476 288 186 7.000000 0.710000 2.253100
4gt13_90
original 10 107 176 115 69 7.000000 0.710000 0.804624
mod5d2_64
original 18 53 89 60 36 7.000000 0.710000 5.704979
ground_state_estimation_10
improve 0 390180 446346 200511 56166 7.000000 0.710000 12.302463
C17_204
improve 0 467 809 497 342 7.000000 0.710000 0.146416
4gt13_92
original 7 66 111 65 45 7.000000 0.710000 57.699267
rd53_130
original 0 1043 1757 1026 714 7.000000 0.710000 0.058293
alu-v3_34
original 98 52 82 49 30 7.000000 0.710000 3.142002
decod24-bdd_294
original 0 73 115 71 42 7.000000 0.710000 0.007999
4gt5_76
original 64 91 145 93 54 7.000000 0.710000 2.096822
sym9_146
improve 3 328 571 278 243 7.000000 0.710000 6.456247
4mod5-v1_22
original 2 21 33 22 12 7.000000 0.710000 5.509336
rd32_270
original 9 84 135 85 51 7.000000 0.710000 3.170854
hwb4_49
original 1 233 380 242 147 7.000000 0.710000 1.439284
urf5_280
improve 0 49829 88880 54806 39048 7.000000 0.710000 4.634813
4gt5_77
original 1 131 215 130 84 7.000000 0.710000 66.550338
rd84_253
original 0 13658 24191 13695 10533 7.000000 0.710000 4.352245
4_49_16
original 24 217 358 225 141 7.000000 0.710000 2.827905
qft_10
original 0 200 266 69 66 7.000000 0.710000 0.468397
4mod5-bdd_287
original 1 70 118 78 48 7.000000 0.710000 0.223854
qft_16
improve 0 512 854 199 282 7.000000 0.710000 12.442582
urf1_149
improve 0 184864 320719 191009 135837 7.000000 0.710000 15.573669
urf5_158
improve 0 164416 280906 168420 116490 7.000000 0.710000 10.365276
urf3_279
improve 0 125362 231930 141383 106497 7.000000 0.710000 29.262712
4gt12-v0_86
original 0 251 422 251 171 7.000000 0.710000 0.074344
4gt4-v0_73
original 9 395 656 395 261 7.000000 0.710000 0.720474
alu-v1_29
original 5 37 61 40 24 7.000000 0.710000 4.350883
alu-bdd_288
original 17 84 144 82 60 7.000000 0.710000 0.724338
decod24-v2_43
original 1 52 85 55 33 7.000000 0.710000 6.325372
mod8-10_178
original 21 342 570 343 228 7.000000 0.710000 0.673591
one-two-three-v0_98
original 40 146 233 142 87 7.000000 0.710000 58.133734
4gt4-v0_78
original 16 235 391 235 156 7.000000 0.710000 0.456058
4mod5-v0_19
original 2 35 59 38 24 7.000000 0.710000 5.794646
alu-v2_30
original 0 504 876 528 372 7.000000 0.710000 0.041085
alu-v3_35
original 3 37 61 39 24 7.000000 0.710000 2.137278
dist_223
original 0 38046 67245 37614 29199 7.000000 0.710000 12.116519
4gt4-v0_79
original 20 231 381 227 150 7.000000 0.710000 0.413978
hwb8_113
improve 0 69380 118958 71973 49578 7.000000 0.710000 4.108495
ex3_229
original 1 403 673 420 270 7.000000 0.710000 0.830431
xor5_254
original 0 7 16 10 9 7.000000 0.710000 0.001959
f2_232
original 10 1206 1992 1166 786 7.000000 0.710000 2.778856
time:12421.308906