rd53_138
original 21 132 216 102 84 7.000000 0.700000 0.789924
4gt13-v1_93
original 17 68 104 62 36 7.000000 0.700000 2.144519
mod5mils_65
original 2 35 59 37 24 7.000000 0.700000 3.972196
mod5d1_63
original 2 22 37 26 15 7.000000 0.700000 16.628274
sym10_262
improve 0 64283 114314 67515 49974 7.000000 0.700000 20.060852
aj-e11_165
original 1 151 250 159 99 7.000000 0.700000 1.886064
hwb9_119
original 0 207775 362716 216442 154941 7.000000 0.700000 26.232502
4gt11_83
original 1 23 35 26 12 7.000000 0.700000 33.731996
cm42a_207
improve 17 1776 3036 1728 1260 7.000000 0.700000 10.214513
4gt4-v0_72
improve 0 258 450 263 192 7.000000 0.700000 0.019733
max46_240
original 0 27126 47670 26957 20544 7.000000 0.700000 3.474463
dc2_222
original 36 9462 16590 9702 7128 7.000000 0.700000 313.892292
sym9_193
improve 0 34881 62625 37363 27687 7.000000 0.700000 8.197366
rd53_135
original 0 296 521 317 225 7.000000 0.700000 0.026354
mod10_171
original 11 244 400 252 156 7.000000 0.700000 11.939737
ising_model_13
improve 0 633 816 109 183 7.000000 0.700000 2.504199
adr4_197
original 0 3439 6013 3428 2574 7.000000 0.700000 103.341487
4gt11_84
original 13 18 30 18 12 7.000000 0.700000 4.078217
4gt11_82
original 26 27 42 29 15 7.000000 0.700000 3.836507
wim_266
improve 13 986 1688 979 702 7.000000 0.700000 23.544512
rd53_131
improve 0 469 802 495 333 7.000000 0.700000 0.032174
mod8-10_177
original 4 440 743 453 303 7.000000 0.700000 0.714483
4gt10-v1_81
original 40 148 244 151 96 7.000000 0.700000 1.280334
alu-v1_28
original 41 37 61 37 24 7.000000 0.700000 25.933685
cnt3-5_179
original 14 175 304 123 129 7.000000 0.700000 4.289221
square_root_7
original 0 7630 13492 7105 5862 7.000000 0.700000 3.451798
one-two-three-v1_99
original 32 132 222 142 90 7.000000 0.700000 232.079938
mini_alu_305
improve 9 173 290 138 117 7.000000 0.700000 0.609031
rd53_311
original 0 275 527 263 252 7.000000 0.700000 0.045576
3_17_13
original 0 36 57 38 21 7.000000 0.700000 70.762971
rd73_252
improve 0 5321 9260 5451 3939 7.000000 0.700000 0.331039
4gt4-v0_80
original 21 179 296 180 117 7.000000 0.700000 0.337447
hwb7_59
improve 0 24379 41440 24563 17061 7.000000 0.700000 1.392880
ham3_102
original 2 20 35 21 15 7.000000 0.700000 73.026742
cnt3-5_180
improve 19 485 836 401 351 7.000000 0.700000 4.275467
rd53_133
improve 0 580 1015 663 435 7.000000 0.700000 0.144810
4mod7-v0_94
original 32 162 267 165 105 7.000000 0.700000 4.031684
plus63mod4096_163
improve 0 128744 229615 139685 100773 7.000000 0.700000 38.650017
mini-alu_167
original 5 288 477 289 189 7.000000 0.700000 4.725625
root_255
improve 0 17159 30588 17553 13425 7.000000 0.700000 3.056639
z4_268
original 1 3073 5332 3052 2259 7.000000 0.700000 43.809232
majority_239
original 7 612 1026 622 414 7.000000 0.700000 1.056955
ex2_227
original 0 631 1075 659 444 7.000000 0.700000 0.114497
urf2_277
improve 0 20112 37175 23412 17052 7.000000 0.700000 3.506807
one-two-three-v3_101
original 14 70 115 70 45 7.000000 0.700000 36.838972
4gt13_91
original 10 103 166 105 63 7.000000 0.700000 0.818052
4gt12-v1_89
original 46 228 378 234 150 7.000000 0.700000 0.609764
sqrt8_260
improve 23 3009 5271 3077 2262 7.000000 0.700000 26.313654
rd32-v0_66
original 0 34 52 33 18 7.000000 0.700000 12.879392
sym9_148
improve 0 21504 37767 23118 16254 7.000000 0.700000 3.089629
4gt5_75
original 8 83 134 79 51 7.000000 0.700000 3.437836
0410184_169
improve 24 211 346 175 135 7.000000 0.700000 361.891416
urf2_152
improve 0 80480 137570 81839 57090 7.000000 0.700000 4.707051
urf1_278
improve 0 54766 99652 61751 44868 7.000000 0.700000 9.096520
sym6_145
improve 0 3888 6564 4128 2676 7.000000 0.700000 0.218722
alu-v2_32
original 37 163 265 162 102 7.000000 0.700000 4.167285
4gt12-v0_88
original 3 194 317 190 123 7.000000 0.700000 0.325887
squar5_261
original 3 1993 3448 1944 1455 7.000000 0.700000 20.570953
alu-v2_31
original 12 451 748 451 297 7.000000 0.700000 8.471108
hwb5_53
improve 0 1336 2278 1403 942 7.000000 0.700000 0.072503
one-two-three-v2_100
original 20 69 114 68 45 7.000000 0.700000 42.098471
cycle10_2_110
improve 0 6050 10655 6498 4605 7.000000 0.700000 0.375425
urf6_160
improve 0 171840 308448 177220 136584 7.000000 0.700000 21.055614
ising_model_10
original 0 480 597 110 117 7.000000 0.700000 0.602920
sys6-v0_111
original 8 215 368 152 153 7.000000 0.700000 1.634689
plus63mod8192_164
improve 0 187112 338650 210278 151341 7.000000 0.700000 63.521644
mod5adder_127
original 0 555 963 590 408 7.000000 0.700000 0.083214
rd73_140
original 35 230 389 186 159 7.000000 0.700000 2.410992
4mod5-v1_23
original 2 69 123 81 54 7.000000 0.700000 4.489862
graycode6_47
original 0 5 29 13 24 7.000000 0.700000 0.019011
ising_model_16
original 0 786 1005 176 219 7.000000 0.700000 153.403926
ham7_104
improve 35 320 551 345 231 7.000000 0.700000 0.652460
ex-1_166
original 0 19 31 21 12 7.000000 0.700000 28.574952
decod24-v3_45
original 8 150 234 137 84 7.000000 0.700000 54.729671
urf4_187
original 0 512064 892182 497956 380118 7.000000 0.700000 45.131970
life_238
improve 0 22445 39476 23521 17022 7.000000 0.700000 3.536942
con1_216
original 0 954 1662 948 708 7.000000 0.700000 0.075847
hwb6_56
original 0 6723 11601 6925 4878 7.000000 0.700000 1.172715
mod10_176
original 37 178 286 176 108 7.000000 0.700000 9.331972
ex1_226
original 0 7 16 10 9 7.000000 0.700000 0.002423
sf_276
original 13 778 1270 761 492 7.000000 0.700000 1.858028
cm152a_212
improve 0 1221 2124 1292 903 7.000000 0.700000 0.104993
4gt12-v0_87
original 0 247 415 241 168 7.000000 0.700000 0.016958
decod24-enable_126
original 1 338 581 371 243 7.000000 0.700000 0.567155
radd_250
improve 0 3213 5667 3460 2454 7.000000 0.700000 0.207405
pm1_249
improve 17 1776 3036 1728 1260 7.000000 0.700000 10.596338
sf_274
improve 23 781 1300 778 519 7.000000 0.700000 1.987218
miller_11
original 0 50 86 59 36 7.000000 0.700000 11.802480
rd53_251
original 0 1291 2221 1379 930 7.000000 0.700000 0.075533
mlp4_245
improve 10 18852 33222 19909 14370 7.000000 0.700000 455.803617
9symml_195
improve 0 34881 62625 37363 27687 7.000000 0.700000 8.166171
rd84_142
original 49 343 595 233 252 7.000000 0.700000 10.273444
inc_237
improve 2 10619 18323 10853 7704 7.000000 0.700000 62.455047
sqn_258
original 0 10223 17747 10201 7524 7.000000 0.700000 0.790506
alu-v2_33
original 2 37 61 39 24 7.000000 0.700000 25.450787
sao2_257
original 0 38577 69150 38231 30573 7.000000 0.700000 5.676336
co14_215
improve 0 17936 32985 17472 15045 7.000000 0.700000 3.486111
decod24-v1_41
original 17 85 136 83 51 7.000000 0.700000 1.594778
4mod5-v0_20
original 2 20 29 18 9 7.000000 0.700000 38.466214
alu-v4_37
original 3 37 61 40 24 7.000000 0.700000 4.204399
urf3_155
improve 0 423488 734210 438156 310695 7.000000 0.700000 31.430919
misex1_241
improve 0 4813 8686 5405 3873 7.000000 0.700000 0.455377
alu-v0_27
original 89 36 60 36 24 7.000000 0.700000 3.960378
4mod5-v1_24
original 14 36 60 39 24 7.000000 0.700000 37.758861
4mod7-v1_96
original 32 164 266 159 102 7.000000 0.700000 18.636638
cm82a_208
original 10 650 1094 660 444 7.000000 0.700000 1.420666
ham15_107
original 3 8763 15411 8948 6648 7.000000 0.700000 1080.728594
0example
original 3 9 18 13 9 7.000000 0.700000 14.632051
dc1_220
improve 0 1914 3318 1918 1404 7.000000 0.700000 0.117749
4gt4-v1_74
original 0 273 462 282 189 7.000000 0.700000 0.019105
rd32-v1_68
original 0 36 54 33 18 7.000000 0.700000 12.713075
decod24-v0_38
original 1 51 84 55 33 7.000000 0.700000 9.185647
sym6_316
improve 0 270 513 282 243 7.000000 0.700000 0.041038
alu-v0_26
original 9 84 135 84 51 7.000000 0.700000 1.229198
clip_206
original 0 33827 60332 34110 26505 7.000000 0.700000 6.223846
4mod5-v0_18
original 2 69 111 69 42 7.000000 0.700000 4.993879
cm85a_209
improve 0 11414 20135 12260 8721 7.000000 0.700000 0.941766
alu-v4_36
original 9 115 187 115 72 7.000000 0.700000 33.671282
one-two-three-v0_97
original 40 290 476 288 186 7.000000 0.700000 2.195474
4gt13_90
original 10 107 176 115 69 7.000000 0.700000 0.761242
mod5d2_64
original 18 53 89 60 36 7.000000 0.700000 5.518896
ground_state_estimation_10
improve 0 390180 446346 200511 56166 7.000000 0.700000 11.836706
C17_204
improve 0 467 809 497 342 7.000000 0.700000 0.139243
4gt13_92
original 28 66 111 65 45 7.000000 0.700000 55.436594
rd53_130
original 0 1043 1757 1026 714 7.000000 0.700000 0.054418
alu-v3_34
original 32 52 85 52 33 7.000000 0.700000 2.876119
decod24-bdd_294
original 0 73 115 71 42 7.000000 0.700000 0.006194
4gt5_76
original 32 91 148 91 57 7.000000 0.700000 1.980067
sym9_146
improve 3 328 571 276 243 7.000000 0.700000 5.825109
4mod5-v1_22
original 2 21 33 22 12 7.000000 0.700000 5.223549
rd32_270
original 9 84 135 85 51 7.000000 0.700000 2.985344
hwb4_49
original 1 233 380 240 147 7.000000 0.700000 1.473938
urf5_280
improve 0 49829 88880 54806 39048 7.000000 0.700000 4.388828
4gt5_77
original 19 131 215 130 84 7.000000 0.700000 64.832925
rd84_253
original 0 13658 24191 13695 10533 7.000000 0.700000 4.337706
4_49_16
original 24 217 358 225 141 7.000000 0.700000 2.558254
qft_10
original 0 200 266 69 66 7.000000 0.700000 0.464625
4mod5-bdd_287
original 1 70 118 77 48 7.000000 0.700000 0.211978
qft_16
improve 0 512 854 199 282 7.000000 0.700000 12.020229
urf1_149
improve 0 184864 320719 191009 135837 7.000000 0.700000 14.968066
urf5_158
improve 0 164416 280906 168420 116490 7.000000 0.700000 10.175979
urf3_279
improve 0 125362 231930 141383 106497 7.000000 0.700000 28.682909
4gt12-v0_86
original 0 251 422 251 171 7.000000 0.700000 0.049239
4gt4-v0_73
original 9 395 656 395 261 7.000000 0.700000 0.676143
alu-v1_29
original 5 37 61 40 24 7.000000 0.700000 4.158914
alu-bdd_288
original 17 84 144 82 60 7.000000 0.700000 0.682312
decod24-v2_43
original 1 52 85 54 33 7.000000 0.700000 5.742193
mod8-10_178
original 21 342 570 343 228 7.000000 0.700000 0.606334
one-two-three-v0_98
original 40 146 233 142 87 7.000000 0.700000 56.041823
4gt4-v0_78
original 16 235 391 235 156 7.000000 0.700000 0.405671
4mod5-v0_19
original 2 35 59 38 24 7.000000 0.700000 5.443805
alu-v2_30
original 0 504 876 528 372 7.000000 0.700000 0.034020
alu-v3_35
original 3 37 61 40 24 7.000000 0.700000 2.033357
dist_223
original 0 38046 67332 37458 29286 7.000000 0.700000 7.835016
4gt4-v0_79
original 20 231 381 227 150 7.000000 0.700000 0.398659
hwb8_113
improve 0 69380 118958 71973 49578 7.000000 0.700000 3.965907
ex3_229
original 1 403 673 421 270 7.000000 0.700000 0.783892
xor5_254
original 0 7 16 10 9 7.000000 0.700000 0.002297
f2_232
original 10 1206 1992 1166 786 7.000000 0.700000 2.643598
time:30223.742029