rd53_138
original 3 132 222 115 90 3.000000 0.400100 0.776470
4gt13-v1_93
original 96 68 107 63 39 3.000000 0.400100 2.321458
mod5mils_65
original 27 35 59 39 24 3.000000 0.400100 4.063658
mod5d1_63
original 73 22 34 22 12 3.000000 0.400100 17.351932
sym10_262
original 0 64283 117638 69079 53355 3.000000 0.400100 18.907819
aj-e11_165
original 1 151 250 161 99 3.000000 0.400100 1.439622
hwb9_119
improve 0 207775 373469 224737 165618 3.000000 0.400100 29.973483
4gt11_83
original 1 23 35 26 12 3.000000 0.400100 34.857716
cm42a_207
improve 34 1776 3084 1760 1308 3.000000 0.400100 17.217203
4gt4-v0_72
original 0 258 453 255 195 3.000000 0.400100 0.018452
max46_240
original 0 27126 48405 27583 21279 3.000000 0.400100 1.947314
dc2_222
improve 13 9462 16769 10295 7299 3.000000 0.400100 344.359016
sym9_193
improve 0 34881 64014 38450 29082 3.000000 0.400100 18.116124
rd53_135
improve 0 296 515 321 219 3.000000 0.400100 0.028185
mod10_171
original 0 244 409 262 165 3.000000 0.400100 12.364734
ising_model_13
original 0 633 765 143 132 3.000000 0.400100 0.806894
adr4_197
improve 13 3439 6148 3552 2697 3.000000 0.400100 80.507834
4gt11_84
original 11 18 30 18 12 3.000000 0.400100 4.156056
4gt11_82
original 3 27 45 36 18 3.000000 0.400100 5.084033
wim_266
original 19 986 1667 916 681 3.000000 0.400100 16.182379
rd53_131
original 0 469 817 500 348 3.000000 0.400100 0.042053
mod8-10_177
original 4 440 734 446 294 3.000000 0.400100 0.767078
4gt10-v1_81
original 37 148 244 149 96 3.000000 0.400100 1.665582
alu-v1_28
original 17 37 61 39 24 3.000000 0.400100 33.085283
cnt3-5_179
improve 13 175 316 133 141 3.000000 0.400100 4.759739
square_root_7
original 0 7630 14005 7760 6375 3.000000 0.400100 3.659913
one-two-three-v1_99
original 44 132 219 132 87 3.000000 0.400100 239.836171
mini_alu_305
original 9 173 293 130 120 3.000000 0.400100 0.557606
rd53_311
improve 0 275 494 255 219 3.000000 0.400100 0.039221
3_17_13
original 0 36 57 38 21 3.000000 0.400100 72.958928
rd73_252
original 0 5321 9605 5571 4284 3.000000 0.400100 2.640508
4gt4-v0_80
original 3 179 302 181 123 3.000000 0.400100 0.303218
hwb7_59
original 0 24379 42736 25335 18357 3.000000 0.400100 5.562349
ham3_102
original 22 20 35 21 15 3.000000 0.400100 73.459962
cnt3-5_180
improve 22 485 839 425 354 3.000000 0.400100 17.247185
rd53_133
improve 0 580 1051 718 471 3.000000 0.400100 0.099612
4mod7-v0_94
original 32 162 267 161 105 3.000000 0.400100 3.941535
plus63mod4096_163
improve 0 128744 236724 145594 107835 3.000000 0.400100 47.048597
mini-alu_167
original 10 288 480 288 192 3.000000 0.400100 10.240539
root_255
original 0 17159 31040 17308 13881 3.000000 0.400100 1.532828
z4_268
improve 0 3073 5383 3177 2310 3.000000 0.400100 28.563441
majority_239
original 12 612 1038 626 426 3.000000 0.400100 1.069555
ex2_227
original 0 631 1105 654 474 3.000000 0.400100 0.045246
urf2_277
original 0 20112 37629 23203 17517 3.000000 0.400100 4.425287
one-two-three-v3_101
original 14 70 118 73 48 3.000000 0.400100 37.623235
4gt13_91
original 6 103 172 110 69 3.000000 0.400100 0.773293
4gt12-v1_89
original 4 228 378 225 150 3.000000 0.400100 0.613416
sqrt8_260
improve 0 3009 5400 3258 2391 3.000000 0.400100 40.068804
rd32-v0_66
original 1 34 52 33 18 3.000000 0.400100 13.801135
sym9_148
original 0 21504 38280 22921 16776 3.000000 0.400100 2.007145
4gt5_75
original 8 83 134 78 51 3.000000 0.400100 3.476563
0410184_169
original 53 211 352 180 141 3.000000 0.400100 354.560486
urf2_152
improve 0 80480 139973 82974 59490 3.000000 0.400100 4.964644
urf1_278
improve 0 54766 101383 61696 46584 3.000000 0.400100 14.985555
sym6_145
original 0 3888 6702 4144 2814 3.000000 0.400100 0.216110
alu-v2_32
original 5 163 268 165 105 3.000000 0.400100 14.328611
4gt12-v0_88
improve 3 194 329 198 135 3.000000 0.400100 0.333431
squar5_261
improve 34 1993 3529 2001 1536 3.000000 0.400100 13.277673
alu-v2_31
original 8 451 745 452 294 3.000000 0.400100 11.203064
hwb5_53
original 0 1336 2317 1450 981 3.000000 0.400100 0.098453
one-two-three-v2_100
original 5 69 117 77 48 3.000000 0.400100 43.870357
cycle10_2_110
original 0 6050 10940 6624 4890 3.000000 0.400100 0.461715
urf6_160
improve 0 171840 314321 183136 142413 3.000000 0.400100 32.324901
ising_model_10
original 0 480 651 110 171 3.000000 0.400100 2.002144
sys6-v0_111
improve 31 215 374 164 153 3.000000 0.400100 3.612855
plus63mod8192_164
improve 0 187112 348544 219208 161097 3.000000 0.400100 140.812663
mod5adder_127
original 0 555 930 557 375 3.000000 0.400100 0.085096
rd73_140
original 37 230 395 185 165 3.000000 0.400100 1.492924
4mod5-v1_23
original 8 69 120 82 51 3.000000 0.400100 8.213962
graycode6_47
original 0 5 29 13 24 3.000000 0.400100 0.019050
ising_model_16
improve 0 786 1062 198 213 3.000000 0.400100 43.666233
ham7_104
original 6 320 542 323 222 3.000000 0.400100 0.647985
ex-1_166
original 0 19 31 21 12 3.000000 0.400100 29.528056
decod24-v3_45
original 1 150 246 150 96 3.000000 0.400100 20.040373
urf4_187
improve 0 512064 914406 527043 402294 3.000000 0.400100 40.536125
life_238
improve 0 22445 40646 24385 18195 3.000000 0.400100 3.467885
con1_216
improve 0 954 1695 1009 741 3.000000 0.400100 0.077202
hwb6_56
improve 0 6723 11655 7155 4932 3.000000 0.400100 0.356219
mod10_176
original 37 178 295 178 117 3.000000 0.400100 10.738954
ex1_226
original 0 7 16 10 9 3.000000 0.400100 0.002012
sf_276
original 47 778 1285 777 507 3.000000 0.400100 1.701417
cm152a_212
improve 0 1221 2145 1296 924 3.000000 0.400100 0.108855
4gt12-v0_87
original 0 247 418 246 171 3.000000 0.400100 0.010913
decod24-enable_126
original 1 338 575 355 237 3.000000 0.400100 0.595296
radd_250
original 0 3213 5829 3447 2616 3.000000 0.400100 1.278925
pm1_249
improve 34 1776 3084 1760 1308 3.000000 0.400100 17.198879
sf_274
original 8 781 1282 757 501 3.000000 0.400100 1.775669
miller_11
original 0 50 86 59 36 3.000000 0.400100 11.893524
rd53_251
original 0 1291 2212 1363 921 3.000000 0.400100 0.064623
mlp4_245
original 14 18852 34500 20435 15648 3.000000 0.400100 697.108407
9symml_195
improve 0 34881 64014 38450 29082 3.000000 0.400100 18.115423
rd84_142
improve 46 343 586 243 243 3.000000 0.400100 67.933204
inc_237
original 0 10619 18938 11381 8319 3.000000 0.400100 71.836699
sqn_258
improve 0 10223 18281 10695 8058 3.000000 0.400100 0.878878
alu-v2_33
original 1 37 61 40 24 3.000000 0.400100 32.560509
sao2_257
original 0 38577 71337 39821 32760 3.000000 0.400100 7.655839
co14_215
improve 0 17936 33689 17960 15699 3.000000 0.400100 27.789975
decod24-v1_41
original 0 85 142 92 57 3.000000 0.400100 1.796284
4mod5-v0_20
original 2 20 29 18 9 3.000000 0.400100 39.264278
alu-v4_37
original 1 37 64 44 27 3.000000 0.400100 4.354658
urf3_155
improve 0 423488 744624 447485 321105 3.000000 0.400100 33.182997
misex1_241
improve 0 4813 8641 5206 3828 3.000000 0.400100 0.566000
alu-v0_27
original 57 36 63 39 27 3.000000 0.400100 4.173787
4mod5-v1_24
original 14 36 60 39 24 3.000000 0.400100 39.064371
4mod7-v1_96
improve 8 164 275 171 111 3.000000 0.400100 23.806839
cm82a_208
improve 0 650 1103 641 453 3.000000 0.400100 1.384295
ham15_107
original 2 8763 15768 9380 7005 3.000000 0.400100 1099.222721
0example
original 3 9 18 13 9 3.000000 0.400100 15.631841
dc1_220
improve 0 1914 3426 2000 1512 3.000000 0.400100 0.194300
4gt4-v1_74
original 0 273 468 290 195 3.000000 0.400100 0.017519
rd32-v1_68
original 1 36 54 33 18 3.000000 0.400100 13.398757
decod24-v0_38
original 15 51 84 53 33 3.000000 0.400100 10.854316
sym6_316
improve 0 270 507 283 237 3.000000 0.400100 0.035780
alu-v0_26
original 1 84 138 84 54 3.000000 0.400100 4.985955
clip_206
improve 0 33827 61930 36238 28095 3.000000 0.400100 5.418716
4mod5-v0_18
original 7 69 114 75 45 3.000000 0.400100 6.323487
cm85a_209
improve 0 11414 20906 12944 9486 3.000000 0.400100 2.067023
alu-v4_36
improve 17 115 193 122 78 3.000000 0.400100 35.006617
one-two-three-v0_97
original 5 290 473 297 183 3.000000 0.400100 2.152112
4gt13_90
original 13 107 179 113 72 3.000000 0.400100 0.770945
mod5d2_64
original 28 53 89 58 36 3.000000 0.400100 6.527741
ground_state_estimation_10
original 0 390180 466206 214590 76026 3.000000 0.400100 12.487135
C17_204
improve 0 467 839 504 372 3.000000 0.400100 0.144818
4gt13_92
original 17 66 111 62 45 3.000000 0.400100 52.063961
rd53_130
original 0 1043 1808 1046 765 3.000000 0.400100 0.065657
alu-v3_34
original 3 52 85 53 33 3.000000 0.400100 2.924004
decod24-bdd_294
original 0 73 118 73 45 3.000000 0.400100 0.007601
4gt5_76
original 1 91 148 95 57 3.000000 0.400100 2.003302
sym9_146
improve 14 328 592 282 264 3.000000 0.400100 3.820755
4mod5-v1_22
original 2 21 33 22 12 3.000000 0.400100 5.298931
rd32_270
original 12 84 135 81 51 3.000000 0.400100 3.073580
hwb4_49
original 1 233 389 239 156 3.000000 0.400100 1.440987
urf5_280
improve 0 49829 90458 55646 40629 3.000000 0.400100 3.894871
4gt5_77
original 19 131 215 130 84 3.000000 0.400100 40.157071
rd84_253
original 0 13658 24875 14263 11217 3.000000 0.400100 3.052114
4_49_16
improve 12 217 370 235 153 3.000000 0.400100 3.169827
qft_10
original 0 200 278 83 78 3.000000 0.400100 2.366304
4mod5-bdd_287
original 1 70 118 78 48 3.000000 0.400100 0.205179
qft_16
original 0 512 791 200 279 3.000000 0.400100 2.353054
urf1_149
improve 0 184864 325301 194032 140427 3.000000 0.400100 12.087390
urf5_158
original 0 164416 285097 168921 120681 3.000000 0.400100 9.729518
urf3_279
improve 0 125362 236098 144550 110655 3.000000 0.400100 32.267730
4gt12-v0_86
improve 0 251 428 258 177 3.000000 0.400100 0.048780
4gt4-v0_73
original 9 395 659 389 264 3.000000 0.400100 0.753748
alu-v1_29
original 0 37 64 44 27 3.000000 0.400100 4.226906
alu-bdd_288
original 42 84 141 83 57 3.000000 0.400100 0.603559
decod24-v2_43
original 1 52 85 55 33 3.000000 0.400100 3.236855
mod8-10_178
original 21 342 576 349 234 3.000000 0.400100 0.638689
one-two-three-v0_98
original 1 146 248 156 102 3.000000 0.400100 57.085588
4gt4-v0_78
original 16 235 397 250 162 3.000000 0.400100 0.422350
4mod5-v0_19
original 27 35 59 36 24 3.000000 0.400100 5.602868
alu-v2_30
original 0 504 885 539 381 3.000000 0.400100 0.045622
alu-v3_35
original 5 37 61 37 24 3.000000 0.400100 2.112859
dist_223
improve 0 38046 69189 39772 31128 3.000000 0.400100 5.498016
4gt4-v0_79
original 16 231 387 239 156 3.000000 0.400100 0.423280
hwb8_113
improve 0 69380 121634 74054 52236 3.000000 0.400100 6.919692
ex3_229
original 5 403 667 407 264 3.000000 0.400100 0.749513
xor5_254
original 0 7 16 10 9 3.000000 0.400100 0.002399
f2_232
original 7 1206 2037 1268 831 3.000000 0.400100 2.158315
time:32793.527778