rd53_138
original 19 132 216 108 84 5.000000 0.350100 0.625032
4gt13-v1_93
original 96 68 110 63 42 5.000000 0.350100 13.510444
mod5mils_65
original 0 35 56 34 21 5.000000 0.350100 4.298802
mod5d1_63
original 2 22 37 26 15 5.000000 0.350100 21.056747
sym10_262
original 0 64283 115235 68765 50952 5.000000 0.350100 12.906368
aj-e11_165
original 1 151 259 171 108 5.000000 0.350100 2.249070
hwb9_119
improve 0 207775 368211 225593 160380 5.000000 0.350100 20.438666
4gt11_83
original 1 23 35 26 12 5.000000 0.350100 4.213358
cm42a_207
original 2 1776 3066 1784 1290 5.000000 0.350100 14.352444
4gt4-v0_72
original 0 258 459 273 201 5.000000 0.350100 0.023338
max46_240
original 0 27126 48135 27799 21009 5.000000 0.350100 2.311367
dc2_222
improve 48 9462 16914 10153 7452 5.000000 0.350100 201.737008
sym9_193
original 0 34881 63288 37684 28407 5.000000 0.350100 10.837353
rd53_135
original 0 296 509 304 213 5.000000 0.350100 0.029083
mod10_171
original 10 244 406 244 162 5.000000 0.350100 12.897644
ising_model_13
improve 0 633 783 124 150 5.000000 0.350100 2.515511
adr4_197
improve 29 3439 6082 3530 2643 5.000000 0.350100 89.090630
4gt11_84
original 1 18 30 20 12 5.000000 0.350100 4.682794
4gt11_82
original 7 27 45 33 18 5.000000 0.350100 3.540902
wim_266
improve 4 986 1688 981 702 5.000000 0.350100 6.465975
rd53_131
improve 0 469 841 531 372 5.000000 0.350100 0.033960
mod8-10_177
original 4 440 737 466 297 5.000000 0.350100 0.718036
4gt10-v1_81
original 10 148 244 150 96 5.000000 0.350100 0.916739
alu-v1_28
original 32 37 58 34 21 5.000000 0.350100 26.668201
cnt3-5_179
original 2 175 319 127 144 5.000000 0.350100 5.564346
square_root_7
original 0 7630 13234 6928 5604 5.000000 0.350100 5.065668
one-two-three-v1_99
original 9 132 222 145 90 5.000000 0.350100 300.272887
mini_alu_305
improve 0 173 284 143 111 5.000000 0.350100 2.042498
rd53_311
original 0 275 500 238 225 5.000000 0.350100 0.070343
3_17_13
original 0 36 57 38 21 5.000000 0.350100 73.795441
rd73_252
improve 0 5321 9419 5651 4098 5.000000 0.350100 0.374514
4gt4-v0_80
original 6 179 299 188 120 5.000000 0.350100 0.313443
hwb7_59
original 0 24379 42268 25261 17889 5.000000 0.350100 1.470620
ham3_102
original 4 20 35 26 15 5.000000 0.350100 71.770923
cnt3-5_180
improve 19 485 824 396 339 5.000000 0.350100 8.154009
rd53_133
improve 0 580 1042 701 462 5.000000 0.350100 0.084322
4mod7-v0_94
original 7 162 258 156 96 5.000000 0.350100 3.682777
plus63mod4096_163
improve 0 128744 233881 146266 105051 5.000000 0.350100 33.104074
mini-alu_167
original 40 288 483 304 195 5.000000 0.350100 5.415311
root_255
original 0 17159 31298 17838 14139 5.000000 0.350100 4.522250
z4_268
improve 12 3073 5335 3088 2262 5.000000 0.350100 21.739928
majority_239
original 8 612 1032 639 420 5.000000 0.350100 1.070924
ex2_227
original 0 631 1069 651 438 5.000000 0.350100 0.039487
urf2_277
improve 0 20112 37302 23619 17160 5.000000 0.350100 9.013997
one-two-three-v3_101
original 1 70 118 76 48 5.000000 0.350100 31.810818
4gt13_91
original 0 103 172 106 69 5.000000 0.350100 0.744213
4gt12-v1_89
original 46 228 372 225 144 5.000000 0.350100 0.617392
sqrt8_260
improve 0 3009 5328 3177 2319 5.000000 0.350100 17.652314
rd32-v0_66
original 0 34 52 33 18 5.000000 0.350100 16.214180
sym9_148
original 0 21504 38052 23256 16548 5.000000 0.350100 3.014251
4gt5_75
original 4 83 140 85 57 5.000000 0.350100 3.338332
0410184_169
improve 18 211 361 208 150 5.000000 0.350100 182.628324
urf2_152
improve 0 80480 138983 83596 58503 5.000000 0.350100 4.913919
urf1_278
improve 0 54766 99963 61641 45180 5.000000 0.350100 7.885965
sym6_145
original 0 3888 6678 4156 2790 5.000000 0.350100 0.211470
alu-v2_32
original 13 163 271 164 108 5.000000 0.350100 10.087028
4gt12-v0_88
original 3 194 317 200 123 5.000000 0.350100 0.348860
squar5_261
improve 51 1993 3514 1997 1521 5.000000 0.350100 27.798777
alu-v2_31
original 3 451 754 473 303 5.000000 0.350100 8.361686
hwb5_53
original 0 1336 2272 1423 936 5.000000 0.350100 0.099836
one-two-three-v2_100
original 10 69 114 68 45 5.000000 0.350100 38.002754
cycle10_2_110
original 0 6050 10790 6524 4740 5.000000 0.350100 5.003853
urf6_160
improve 0 171840 315081 185449 143124 5.000000 0.350100 53.652628
ising_model_10
improve 0 480 618 108 138 5.000000 0.350100 1.187901
sys6-v0_111
improve 36 215 365 155 150 5.000000 0.350100 4.882433
plus63mod8192_164
improve 0 187112 346627 220619 159354 5.000000 0.350100 62.629143
mod5adder_127
original 0 555 954 590 399 5.000000 0.350100 0.086225
rd73_140
original 36 230 389 176 159 5.000000 0.350100 1.644476
4mod5-v1_23
original 2 69 120 79 51 5.000000 0.350100 5.940808
graycode6_47
original 0 5 29 13 24 5.000000 0.350100 0.016435
ising_model_16
improve 0 786 996 140 210 5.000000 0.350100 1.450993
ham7_104
original 35 320 560 358 240 5.000000 0.350100 0.688105
ex-1_166
original 0 19 31 21 12 5.000000 0.350100 30.356435
decod24-v3_45
original 9 150 243 147 93 5.000000 0.350100 35.709391
urf4_187
improve 0 512064 917719 523635 405582 5.000000 0.350100 53.655082
life_238
improve 0 22445 39915 24030 17466 5.000000 0.350100 2.084147
con1_216
improve 0 954 1674 1022 720 5.000000 0.350100 0.078696
hwb6_56
improve 0 6723 11694 7499 4971 5.000000 0.350100 0.383695
mod10_176
original 5 178 295 181 117 5.000000 0.350100 18.433598
ex1_226
original 0 7 13 9 6 5.000000 0.350100 0.001643
sf_276
improve 15 778 1306 795 528 5.000000 0.350100 1.931630
cm152a_212
improve 0 1221 2107 1279 882 5.000000 0.350100 0.907006
4gt12-v0_87
original 0 247 409 244 162 5.000000 0.350100 0.019112
decod24-enable_126
original 14 338 593 379 255 5.000000 0.350100 0.567686
radd_250
improve 0 3213 5781 3494 2568 5.000000 0.350100 0.251752
pm1_249
original 2 1776 3066 1784 1290 5.000000 0.350100 14.359984
sf_274
original 9 781 1300 810 519 5.000000 0.350100 2.050877
miller_11
original 109 50 77 50 27 5.000000 0.350100 12.519017
rd53_251
original 0 1291 2209 1328 918 5.000000 0.350100 0.091535
mlp4_245
improve 51 18852 34004 20211 15111 5.000000 0.350100 633.382511
9symml_195
original 0 34881 63288 37684 28407 5.000000 0.350100 10.919734
rd84_142
improve 50 343 589 228 246 5.000000 0.350100 23.330304
inc_237
improve 1 10619 18821 11578 8196 5.000000 0.350100 80.719814
sqn_258
original 0 10223 17894 10417 7671 5.000000 0.350100 3.477931
alu-v2_33
original 95 37 58 37 21 5.000000 0.350100 27.336548
sao2_257
original 0 38577 70725 39890 32148 5.000000 0.350100 13.346395
co14_215
improve 0 17936 33999 18509 16017 5.000000 0.350100 16.379074
decod24-v1_41
original 18 85 142 90 57 5.000000 0.350100 3.668638
4mod5-v0_20
original 2 20 29 18 9 5.000000 0.350100 40.483698
alu-v4_37
original 3 37 61 40 24 5.000000 0.350100 3.844369
urf3_155
improve 0 423488 748147 453754 324594 5.000000 0.350100 42.829127
misex1_241
original 0 4813 8458 5160 3645 5.000000 0.350100 0.392397
alu-v0_27
original 14 36 60 40 24 5.000000 0.350100 4.129755
4mod5-v1_24
original 14 36 60 39 24 5.000000 0.350100 40.349003
4mod7-v1_96
original 9 164 269 171 105 5.000000 0.350100 13.161891
cm82a_208
original 10 650 1112 662 462 5.000000 0.350100 1.454980
ham15_107
original 10 8763 15549 9232 6786 5.000000 0.350100 466.121456
0example
original 3 9 18 13 9 5.000000 0.350100 15.616463
dc1_220
original 0 1914 3354 1966 1440 5.000000 0.350100 0.152781
4gt4-v1_74
original 0 273 471 292 198 5.000000 0.350100 0.016800
rd32-v1_68
original 0 36 54 33 18 5.000000 0.350100 15.937265
decod24-v0_38
original 0 51 84 56 33 5.000000 0.350100 7.703899
sym6_316
original 0 270 504 267 234 5.000000 0.350100 0.070401
alu-v0_26
original 10 84 138 85 54 5.000000 0.350100 1.311942
clip_206
improve 0 33827 61112 36385 27237 5.000000 0.350100 11.821606
4mod5-v0_18
original 34 69 108 69 39 5.000000 0.350100 5.953491
cm85a_209
original 0 11414 20558 12503 9144 5.000000 0.350100 0.975538
alu-v4_36
improve 1 115 193 126 78 5.000000 0.350100 31.986159
one-two-three-v0_97
original 1 290 479 297 189 5.000000 0.350100 2.175102
4gt13_90
original 0 107 179 113 72 5.000000 0.350100 0.876205
mod5d2_64
original 7 53 86 58 33 5.000000 0.350100 5.485626
ground_state_estimation_10
improve 0 390180 462770 220252 72582 5.000000 0.350100 13.121730
C17_204
improve 0 467 827 507 360 5.000000 0.350100 0.149008
4gt13_92
original 3 66 111 74 45 5.000000 0.350100 32.316971
rd53_130
original 0 1043 1793 1055 750 5.000000 0.350100 0.086027
alu-v3_34
original 7 52 85 56 33 5.000000 0.350100 2.948846
decod24-bdd_294
original 0 73 115 71 42 5.000000 0.350100 0.005942
4gt5_76
original 1 91 151 98 60 5.000000 0.350100 2.237604
sym9_146
original 47 328 568 250 240 5.000000 0.350100 50.437208
4mod5-v1_22
original 2 21 33 22 12 5.000000 0.350100 5.570341
rd32_270
original 13 84 135 85 51 5.000000 0.350100 3.474490
hwb4_49
original 13 233 377 238 144 5.000000 0.350100 1.486346
urf5_280
original 0 49829 89573 54243 39744 5.000000 0.350100 5.776327
4gt5_77
original 3 131 215 140 84 5.000000 0.350100 45.099297
rd84_253
original 0 13658 24467 14258 10809 5.000000 0.350100 3.169611
4_49_16
original 3 217 367 234 150 5.000000 0.350100 2.682289
qft_10
improve 0 200 271 70 63 5.000000 0.350100 2.092034
4mod5-bdd_287
original 3 70 115 76 45 5.000000 0.350100 0.230511
qft_16
improve 0 512 955 251 267 5.000000 0.350100 40.288212
urf1_149
improve 0 184864 327523 198435 142635 5.000000 0.350100 12.383401
urf5_158
original 0 164416 284740 168021 120324 5.000000 0.350100 14.841306
urf3_279
improve 0 125362 232849 143404 107421 5.000000 0.350100 21.699187
4gt12-v0_86
original 0 251 419 258 168 5.000000 0.350100 0.051069
4gt4-v0_73
original 9 395 653 402 258 5.000000 0.350100 0.707784
alu-v1_29
original 14 37 61 40 24 5.000000 0.350100 4.100165
alu-bdd_288
original 2 84 144 92 60 5.000000 0.350100 0.670036
decod24-v2_43
original 1 52 85 55 33 5.000000 0.350100 3.565243
mod8-10_178
original 35 342 570 356 228 5.000000 0.350100 0.597894
one-two-three-v0_98
original 5 146 242 153 96 5.000000 0.350100 58.553677
4gt4-v0_78
original 9 235 394 246 159 5.000000 0.350100 0.402693
4mod5-v0_19
original 27 35 56 36 21 5.000000 0.350100 5.707103
alu-v2_30
original 0 504 858 517 354 5.000000 0.350100 0.041950
alu-v3_35
original 3 37 61 39 24 5.000000 0.350100 2.064041
dist_223
improve 0 38046 68421 39725 30360 5.000000 0.350100 5.809600
4gt4-v0_79
original 9 231 387 239 156 5.000000 0.350100 0.406755
hwb8_113
improve 0 69380 120497 74285 51114 5.000000 0.350100 4.852391
ex3_229
original 35 403 664 406 261 5.000000 0.350100 0.787241
xor5_254
original 0 7 13 9 6 5.000000 0.350100 0.001927
f2_232
improve 13 1206 2043 1244 837 5.000000 0.350100 2.379740
time:21469.488944