rd53_138
improve 19 132 219 124 87 6.000000 0.450100 0.529047
4gt13-v1_93
original 13 68 113 69 45 6.000000 0.450100 2.247188
mod5mils_65
original 2 35 59 37 24 6.000000 0.450100 4.214901
mod5d1_63
original 168 22 34 22 12 6.000000 0.450100 18.248856
sym10_262
original 0 64283 116777 69425 52494 6.000000 0.450100 11.702425
aj-e11_165
original 23 151 256 162 105 6.000000 0.450100 3.001705
hwb9_119
improve 0 207775 370881 225481 163047 6.000000 0.450100 29.389294
4gt11_83
original 1 23 35 26 12 6.000000 0.450100 35.471910
cm42a_207
original 2 1776 3087 1803 1311 6.000000 0.450100 8.788031
4gt4-v0_72
improve 0 258 462 270 204 6.000000 0.450100 0.018841
max46_240
improve 0 27126 48441 28279 21312 6.000000 0.450100 2.414660
dc2_222
improve 37 9462 16965 10214 7494 6.000000 0.450100 182.314166
sym9_193
improve 0 34881 63746 38568 28821 6.000000 0.450100 10.249269
rd53_135
original 0 296 512 304 216 6.000000 0.450100 0.037419
mod10_171
original 14 244 418 258 174 6.000000 0.450100 12.600475
ising_model_13
improve 0 633 807 133 174 6.000000 0.450100 2.571339
adr4_197
improve 25 3439 6133 3559 2694 6.000000 0.450100 65.101601
4gt11_84
original 13 18 30 18 12 6.000000 0.450100 4.273862
4gt11_82
original 26 27 42 29 15 6.000000 0.450100 5.094828
wim_266
improve 40 986 1712 968 726 6.000000 0.450100 13.739854
rd53_131
improve 0 469 823 528 354 6.000000 0.450100 0.039286
mod8-10_177
original 8 440 743 471 303 6.000000 0.450100 0.744823
4gt10-v1_81
original 10 148 244 148 96 6.000000 0.450100 1.272614
alu-v1_28
original 17 37 61 39 24 6.000000 0.450100 27.147648
cnt3-5_179
original 14 175 313 137 138 6.000000 0.450100 4.445857
square_root_7
original 0 7630 13774 7370 6144 6.000000 0.450100 1.093618
one-two-three-v1_99
original 32 132 219 138 87 6.000000 0.450100 232.937861
mini_alu_305
original 0 173 293 135 120 6.000000 0.450100 2.070571
rd53_311
improve 0 275 527 296 252 6.000000 0.450100 0.041384
3_17_13
original 0 36 57 38 21 6.000000 0.450100 75.004351
rd73_252
improve 0 5321 9386 5656 4065 6.000000 0.450100 0.361350
4gt4-v0_80
original 3 179 296 186 117 6.000000 0.450100 0.350599
hwb7_59
improve 0 24379 42517 25475 18138 6.000000 0.450100 1.508353
ham3_102
original 2 20 35 21 15 6.000000 0.450100 73.324539
cnt3-5_180
original 15 485 842 413 357 6.000000 0.450100 7.894627
rd53_133
improve 0 580 1006 657 426 6.000000 0.450100 0.038195
4mod7-v0_94
original 61 162 270 169 108 6.000000 0.450100 3.930619
plus63mod4096_163
original 0 128744 235190 142772 106446 6.000000 0.450100 27.526225
mini-alu_167
original 5 288 486 300 198 6.000000 0.450100 4.739754
root_255
original 0 17159 31064 17629 13905 6.000000 0.450100 4.807907
z4_268
improve 8 3073 5419 3200 2346 6.000000 0.450100 16.853395
majority_239
original 7 612 1026 617 414 6.000000 0.450100 1.134914
ex2_227
improve 0 631 1090 689 459 6.000000 0.450100 0.042881
urf2_277
original 0 20112 37356 22963 17244 6.000000 0.450100 1.751170
one-two-three-v3_101
original 80 70 115 73 45 6.000000 0.450100 38.013631
4gt13_91
original 10 103 166 106 63 6.000000 0.450100 0.775471
4gt12-v1_89
original 13 228 390 229 162 6.000000 0.450100 0.631493
sqrt8_260
improve 2 3009 5358 3190 2349 6.000000 0.450100 22.036934
rd32-v0_66
original 0 34 52 34 18 6.000000 0.450100 13.494219
sym9_148
improve 0 21504 38831 24268 17304 6.000000 0.450100 6.361651
4gt5_75
original 8 83 134 82 51 6.000000 0.450100 3.633829
0410184_169
original 9 211 358 184 147 6.000000 0.450100 358.411619
urf2_152
improve 0 80480 139164 83633 58680 6.000000 0.450100 5.199475
urf1_278
improve 0 54766 100607 61834 45801 6.000000 0.450100 15.569052
sym6_145
improve 0 3888 6768 4386 2880 6.000000 0.450100 0.221812
alu-v2_32
original 13 163 271 169 108 6.000000 0.450100 4.437285
4gt12-v0_88
original 3 194 323 202 129 6.000000 0.450100 0.350408
squar5_261
original 30 1993 3475 1980 1482 6.000000 0.450100 10.916706
alu-v2_31
original 1 451 751 461 300 6.000000 0.450100 8.288647
hwb5_53
original 0 1336 2287 1433 951 6.000000 0.450100 0.075045
one-two-three-v2_100
original 96 69 108 66 39 6.000000 0.450100 43.140657
cycle10_2_110
original 0 6050 10805 6501 4755 6.000000 0.450100 0.444925
urf6_160
improve 0 171840 312717 183485 140796 6.000000 0.450100 37.470396
ising_model_10
improve 0 480 588 108 108 6.000000 0.450100 0.965680
sys6-v0_111
improve 1 215 362 163 147 6.000000 0.450100 1.560967
plus63mod8192_164
improve 0 187112 347025 219225 159759 6.000000 0.450100 52.102488
mod5adder_127
original 0 555 957 585 402 6.000000 0.450100 0.092982
rd73_140
original 14 230 392 194 162 6.000000 0.450100 1.564909
4mod5-v1_23
original 75 69 120 75 51 6.000000 0.450100 4.469792
graycode6_47
original 0 5 29 13 24 6.000000 0.450100 0.019083
ising_model_16
original 0 786 1017 176 231 6.000000 0.450100 127.002970
ham7_104
original 0 320 560 359 240 6.000000 0.450100 0.669797
ex-1_166
original 0 19 31 21 12 6.000000 0.450100 30.121671
decod24-v3_45
original 2 150 246 147 96 6.000000 0.450100 50.909702
urf4_187
original 0 512064 908493 509052 396429 6.000000 0.450100 46.411224
life_238
improve 0 22445 40112 24128 17655 6.000000 0.450100 4.081248
con1_216
improve 0 954 1683 1028 729 6.000000 0.450100 0.058480
hwb6_56
original 0 6723 11757 7177 5034 6.000000 0.450100 0.373900
mod10_176
original 67 178 292 179 114 6.000000 0.450100 10.870523
ex1_226
original 0 7 16 10 9 6.000000 0.450100 0.002510
sf_276
improve 0 778 1318 827 540 6.000000 0.450100 1.968374
cm152a_212
improve 0 1221 2164 1354 933 6.000000 0.450100 2.145070
4gt12-v0_87
improve 0 247 445 281 198 6.000000 0.450100 0.024889
decod24-enable_126
original 29 338 578 358 240 6.000000 0.450100 0.597609
radd_250
original 0 3213 5814 3480 2601 6.000000 0.450100 0.953149
pm1_249
original 2 1776 3087 1803 1311 6.000000 0.450100 9.007549
sf_274
improve 35 781 1315 796 534 6.000000 0.450100 2.078755
miller_11
original 10 50 83 53 33 6.000000 0.450100 12.179532
rd53_251
original 0 1291 2251 1399 960 6.000000 0.450100 0.103468
