rd53_138
original 14 132 222 121 90 4.000000 0.511000 0.586997
4gt13-v1_93
original 17 68 110 68 42 4.000000 0.511000 13.955384
mod5mils_65
original 27 35 59 39 24 4.000000 0.511000 4.011009
mod5d1_63
original 2 22 37 26 15 4.000000 0.511000 17.682784
sym10_262
improve 0 64283 116944 69498 52620 4.000000 0.511000 13.022845
aj-e11_165
original 1 151 256 163 105 4.000000 0.511000 3.103458
hwb9_119
improve 0 207775 373298 225524 165426 4.000000 0.511000 33.233249
4gt11_83
original 1 23 35 26 12 4.000000 0.511000 3.719671
cm42a_207
improve 48 1776 3075 1762 1299 4.000000 0.511000 19.924522
4gt4-v0_72
original 0 258 453 262 195 4.000000 0.511000 0.017447
max46_240
original 0 27126 48549 27701 21423 4.000000 0.511000 3.177759
dc2_222
original 35 9462 17001 10026 7539 4.000000 0.511000 320.461336
sym9_193
improve 0 34881 63530 38092 28584 4.000000 0.511000 16.155288
rd53_135
original 0 296 533 301 237 4.000000 0.511000 0.027853
mod10_171
original 0 244 415 257 171 4.000000 0.511000 12.190945
ising_model_13
original 0 633 774 143 141 4.000000 0.511000 25.454207
adr4_197
improve 11 3439 6127 3583 2688 4.000000 0.511000 47.808184
4gt11_84
original 49 18 30 18 12 4.000000 0.511000 4.110617
4gt11_82
original 8 27 45 30 18 4.000000 0.511000 4.554735
wim_266
original 51 986 1673 941 687 4.000000 0.511000 32.667845
rd53_131
original 0 469 817 483 348 4.000000 0.511000 0.032858
mod8-10_177
improve 14 440 734 445 294 4.000000 0.511000 0.733890
4gt10-v1_81
original 11 148 244 155 96 4.000000 0.511000 1.530923
alu-v1_28
original 41 37 61 40 24 4.000000 0.511000 35.760564
cnt3-5_179
original 14 175 316 132 141 4.000000 0.511000 5.246663
square_root_7
original 0 7630 13711 7509 6081 4.000000 0.511000 9.858406
one-two-three-v1_99
original 34 132 219 137 87 4.000000 0.511000 236.280149
mini_alu_305
original 9 173 302 140 129 4.000000 0.511000 0.761783
rd53_311
original 0 275 524 269 249 4.000000 0.511000 0.033100
3_17_13
original 0 36 60 41 24 4.000000 0.511000 74.211922
rd73_252
original 0 5321 9500 5524 4179 4.000000 0.511000 3.852508
4gt4-v0_80
original 1 179 305 184 126 4.000000 0.511000 0.318715
hwb7_59
original 0 24379 42607 25525 18228 4.000000 0.511000 1.450371
ham3_102
original 7 20 35 21 15 4.000000 0.511000 75.631425
cnt3-5_180
original 22 485 827 406 342 4.000000 0.511000 23.200756
rd53_133
original 0 580 976 583 396 4.000000 0.511000 0.031173
4mod7-v0_94
original 22 162 270 169 108 4.000000 0.511000 3.857821
plus63mod4096_163
improve 0 128744 234517 144238 105696 4.000000 0.511000 27.192105
mini-alu_167
original 5 288 483 290 195 4.000000 0.511000 10.083248
root_255
improve 0 17159 31082 17907 13917 4.000000 0.511000 3.048939
z4_268
improve 0 3073 5425 3235 2352 4.000000 0.511000 19.607530
majority_239
original 1 612 1041 636 429 4.000000 0.511000 1.035110
ex2_227
original 0 631 1090 656 459 4.000000 0.511000 0.039961
urf2_277
improve 0 20112 37620 24530 17508 4.000000 0.511000 1.640450
one-two-three-v3_101
original 17 70 118 74 48 4.000000 0.511000 38.181279
4gt13_91
original 10 103 172 105 69 4.000000 0.511000 0.839298
4gt12-v1_89
original 36 228 384 231 156 4.000000 0.511000 0.627918
sqrt8_260
improve 18 3009 5349 3158 2340 4.000000 0.511000 28.263827
rd32-v0_66
original 0 34 52 33 18 4.000000 0.511000 13.172132
sym9_148
improve 0 21504 38019 23158 16515 4.000000 0.511000 1.305003
4gt5_75
original 32 83 137 84 54 4.000000 0.511000 3.538778
0410184_169
original 37 211 346 179 135 4.000000 0.511000 435.317822
urf2_152
improve 0 80480 140096 84322 59616 4.000000 0.511000 4.575655
urf1_278
improve 0 54766 101659 63966 46890 4.000000 0.511000 5.154713
sym6_145
original 0 3888 6735 4167 2847 4.000000 0.511000 0.212098
alu-v2_32
original 5 163 277 171 114 4.000000 0.511000 4.230774
4gt12-v0_88
original 21 194 326 203 132 4.000000 0.511000 0.311460
squar5_261
original 28 1993 3532 1993 1539 4.000000 0.511000 10.859951
alu-v2_31
original 8 451 742 448 291 4.000000 0.511000 8.626341
hwb5_53
original 0 1336 2311 1421 975 4.000000 0.511000 0.067916
one-two-three-v2_100
original 96 69 114 70 45 4.000000 0.511000 44.040768
cycle10_2_110
original 0 6050 10802 6579 4752 4.000000 0.511000 0.425694
urf6_160
improve 0 171840 314310 180517 142431 4.000000 0.511000 27.399824
ising_model_10
original 0 480 627 110 147 4.000000 0.511000 1.083701
sys6-v0_111
original 31 215 368 158 153 4.000000 0.511000 1.772491
plus63mod8192_164
improve 0 187112 346588 217134 159315 4.000000 0.511000 46.360092
mod5adder_127
improve 0 555 978 607 423 4.000000 0.511000 0.092819
rd73_140
improve 36 230 389 183 159 4.000000 0.511000 1.344259
4mod5-v1_23
original 24 69 126 80 57 4.000000 0.511000 6.697282
graycode6_47
original 0 5 29 13 24 4.000000 0.511000 0.019764
ising_model_16
original 0 786 1092 176 306 4.000000 0.511000 2.231724
ham7_104
original 6 320 551 334 231 4.000000 0.511000 0.689076
ex-1_166
original 0 19 31 21 12 4.000000 0.511000 30.236439
decod24-v3_45
original 1 150 246 142 96 4.000000 0.511000 39.190598
urf4_187
original 0 512064 911709 510920 399645 4.000000 0.511000 39.598453
life_238
original 0 22445 40319 24058 17874 4.000000 0.511000 3.357133
con1_216
improve 0 954 1683 1003 729 4.000000 0.511000 0.068110
hwb6_56
original 0 6723 11802 7065 5079 4.000000 0.511000 0.741797
mod10_176
original 5 178 292 183 114 4.000000 0.511000 9.867884
ex1_226
original 0 7 16 10 9 4.000000 0.511000 0.002403
sf_276
original 34 778 1297 786 519 4.000000 0.511000 1.811258
cm152a_212
improve 0 1221 2172 1298 951 4.000000 0.511000 0.104118
4gt12-v0_87
original 0 247 427 252 180 4.000000 0.511000 0.023199
decod24-enable_126
original 1 338 590 370 252 4.000000 0.511000 0.607789
radd_250
original 0 3213 5823 3462 2610 4.000000 0.511000 0.268097
pm1_249
improve 48 1776 3075 1762 1299 4.000000 0.511000 20.157835
sf_274
original 1 781 1297 801 516 4.000000 0.511000 1.819123
miller_11
original 109 50 86 55 36 4.000000 0.511000 12.180457
rd53_251
original 0 1291 2230 1336 939 4.000000 0.511000 0.074361
mlp4_245
improve 5 18852 34275 20497 15420 4.000000 0.511000 430.415388
9symml_195
improve 0 34881 63530 38092 28584 4.000000 0.511000 16.278673
rd84_142
original 32 343 598 221 255 4.000000 0.511000 13.139666
inc_237
original 6 10619 18617 10786 7998 4.000000 0.511000 45.017259
sqn_258
improve 0 10223 18107 10563 7884 4.000000 0.511000 0.745562
alu-v2_33
original 2 37 61 39 24 4.000000 0.511000 31.091167
sao2_257
improve 0 38577 70385 40789 31779 4.000000 0.511000 8.750934
co14_215
original 0 17936 33665 17475 15729 4.000000 0.511000 17.350461
decod24-v1_41
original 0 85 142 93 57 4.000000 0.511000 3.861476
4mod5-v0_20
original 2 20 29 18 9 4.000000 0.511000 39.559721
alu-v4_37
original 17 37 64 41 27 4.000000 0.511000 4.461486
urf3_155
improve 0 423488 752088 449344 328560 4.000000 0.511000 34.194966
misex1_241
improve 0 4813 8608 5134 3795 4.000000 0.511000 0.395914
alu-v0_27
original 17 36 63 41 27 4.000000 0.511000 4.069274
4mod5-v1_24
original 14 36 60 39 24 4.000000 0.511000 38.785766
4mod7-v1_96
original 12 164 275 170 111 4.000000 0.511000 23.658364
cm82a_208
original 25 650 1091 606 441 4.000000 0.511000 2.949435
ham15_107
improve 30 8763 15549 9127 6762 4.000000 0.511000 1137.167327
0example
original 3 9 18 13 9 4.000000 0.511000 15.445975
dc1_220
original 0 1914 3381 1998 1467 4.000000 0.511000 0.136960
4gt4-v1_74
original 0 273 477 293 204 4.000000 0.511000 0.020841
rd32-v1_68
original 0 36 54 33 18 4.000000 0.511000 13.012143
decod24-v0_38
original 1 51 84 55 33 4.000000 0.511000 10.726424
sym6_316
original 0 270 540 296 270 4.000000 0.511000 0.033364
alu-v0_26
original 9 84 138 82 54 4.000000 0.511000 1.296891
clip_206
improve 0 33827 61598 35948 27762 4.000000 0.511000 4.619915
4mod5-v0_18
original 24 69 111 67 42 4.000000 0.511000 7.328101
cm85a_209
original 0 11414 20633 12473 9219 4.000000 0.511000 0.871100
alu-v4_36
original 9 115 193 118 78 4.000000 0.511000 34.526455
one-two-three-v0_97
original 17 290 485 300 195 4.000000 0.511000 2.373089
4gt13_90
original 10 107 179 111 72 4.000000 0.511000 0.795417
mod5d2_64
original 31 53 89 58 36 4.000000 0.511000 5.836779
ground_state_estimation_10
original 0 390180 457245 206409 67065 4.000000 0.511000 11.867109
C17_204
original 0 467 809 487 342 4.000000 0.511000 0.141671
4gt13_92
original 31 66 111 65 45 4.000000 0.511000 51.641314
rd53_130
improve 0 1043 1832 1110 789 4.000000 0.511000 0.058679
alu-v3_34
original 41 52 85 54 33 4.000000 0.511000 2.962175
decod24-bdd_294
original 0 73 118 73 45 4.000000 0.511000 0.007728
4gt5_76
original 1 91 148 93 57 4.000000 0.511000 2.022695
sym9_146
improve 47 328 574 272 246 4.000000 0.511000 52.580245
4mod5-v1_22
original 2 21 33 22 12 4.000000 0.511000 5.355530
rd32_270
original 6 84 135 81 51 4.000000 0.511000 3.076223
hwb4_49
original 13 233 392 241 159 4.000000 0.511000 1.519687
urf5_280
improve 0 49829 90818 56354 40989 4.000000 0.511000 3.713741
4gt5_77
original 1 131 221 132 90 4.000000 0.511000 38.532678
rd84_253
improve 0 13658 24792 14350 11127 4.000000 0.511000 2.255578
4_49_16
original 2 217 370 236 153 4.000000 0.511000 2.669940
qft_10
improve 0 200 267 66 63 4.000000 0.511000 0.958719
4mod5-bdd_287
original 25 70 121 79 51 4.000000 0.511000 0.207035
qft_16
improve 0 512 873 226 249 4.000000 0.511000 26.668290
urf1_149
improve 0 184864 329557 196254 144675 4.000000 0.511000 12.611117
urf5_158
original 0 164416 287524 168106 123108 4.000000 0.511000 10.068224
urf3_279
improve 0 125362 235151 144416 109746 4.000000 0.511000 18.332393
4gt12-v0_86
original 0 251 437 259 186 4.000000 0.511000 0.057408
4gt4-v0_73
original 9 395 659 404 264 4.000000 0.511000 0.681145
alu-v1_29
original 17 37 64 41 27 4.000000 0.511000 4.026202
alu-bdd_288
original 51 84 147 93 63 4.000000 0.511000 0.696609
decod24-v2_43
original 1 52 85 55 33 4.000000 0.511000 3.451598
mod8-10_178
original 35 342 567 341 225 4.000000 0.511000 0.575424
one-two-three-v0_98
original 40 146 248 159 102 4.000000 0.511000 129.674568
4gt4-v0_78
original 9 235 394 240 159 4.000000 0.511000 0.562145
4mod5-v0_19
original 27 35 59 39 24 4.000000 0.511000 5.532845
alu-v2_30
improve 0 504 846 513 342 4.000000 0.511000 0.030888
alu-v3_35
original 3 37 61 37 24 4.000000 0.511000 2.093942
dist_223
improve 0 38046 68760 39595 30696 4.000000 0.511000 7.299629
4gt4-v0_79
original 16 231 387 233 156 4.000000 0.511000 0.524550
hwb8_113
original 0 69380 121565 72802 52185 4.000000 0.511000 4.050533
ex3_229
original 35 403 670 398 267 4.000000 0.511000 0.779885
xor5_254
original 0 7 16 10 9 4.000000 0.511000 0.002410
f2_232
original 31 1206 2025 1225 819 4.000000 0.511000 2.954996
time:8687.514545