rd53_138
original 3 132 222 115 90 3.000000 0.450100 0.774119
4gt13-v1_93
original 96 68 107 63 39 3.000000 0.450100 2.275945
mod5mils_65
original 27 35 59 39 24 3.000000 0.450100 4.077198
mod5d1_63
original 73 22 34 22 12 3.000000 0.450100 17.509057
sym10_262
original 0 64283 117638 69079 53355 3.000000 0.450100 19.089097
aj-e11_165
original 1 151 250 161 99 3.000000 0.450100 1.435256
hwb9_119
improve 0 207775 373469 224737 165618 3.000000 0.450100 30.009466
4gt11_83
original 1 23 35 26 12 3.000000 0.450100 34.942866
cm42a_207
improve 34 1776 3084 1760 1308 3.000000 0.450100 17.451091
4gt4-v0_72
original 0 258 453 255 195 3.000000 0.450100 0.019719
max46_240
original 0 27126 48405 27583 21279 3.000000 0.450100 2.002582
