rd53_138
original 19 132 216 109 84 5.000000 0.661000 0.578810
4gt13-v1_93
original 3 68 110 62 42 5.000000 0.661000 13.177164
mod5mils_65
original 2 35 56 37 21 5.000000 0.661000 4.145986
mod5d1_63
original 168 22 34 22 12 5.000000 0.661000 18.191543
sym10_262
original 0 64283 115427 68874 51144 5.000000 0.661000 25.002883
aj-e11_165
original 67 151 253 162 102 5.000000 0.661000 2.269328
hwb9_119
original 0 207775 368464 222388 160689 5.000000 0.661000 49.364941
4gt11_83
original 1 23 35 26 12 5.000000 0.661000 3.672637
cm42a_207
original 48 1776 3063 1750 1287 5.000000 0.661000 26.071497
4gt4-v0_72
original 0 258 459 270 201 5.000000 0.661000 0.024391
max46_240
original 0 27126 48054 27579 20928 5.000000 0.661000 2.135459
dc2_222
original 53 9462 16830 10291 7368 5.000000 0.661000 387.001612
sym9_193
improve 0 34881 62607 37728 27705 5.000000 0.661000 5.131952
rd53_135
original 0 296 506 292 210 5.000000 0.661000 0.025127
mod10_171
original 5 244 415 259 171 5.000000 0.661000 12.567988
ising_model_13
improve 0 633 747 95 114 5.000000 0.661000 3.874106
adr4_197
original 0 3439 6112 3546 2673 5.000000 0.661000 103.760139
4gt11_84
original 1 18 30 20 12 5.000000 0.661000 4.249724
4gt11_82
original 26 27 42 29 15 5.000000 0.661000 4.883276
wim_266
improve 30 986 1694 974 708 5.000000 0.661000 26.550485
rd53_131
original 0 469 790 466 321 5.000000 0.661000 0.033051
mod8-10_177
original 0 440 734 442 294 5.000000 0.661000 0.740362
4gt10-v1_81
original 40 148 244 153 96 5.000000 0.661000 1.610097
alu-v1_28
original 3 37 61 41 24 5.000000 0.661000 25.653935
cnt3-5_179
original 29 175 307 119 132 5.000000 0.661000 5.520777
square_root_7
improve 0 7630 13474 7365 5844 5.000000 0.661000 1.020764
one-two-three-v1_99
original 34 132 219 140 87 5.000000 0.661000 367.644300
mini_alu_305
original 0 173 290 131 117 5.000000 0.661000 2.954786
rd53_311
original 0 275 509 244 234 5.000000 0.661000 0.045621
3_17_13
original 0 36 57 38 21 5.000000 0.661000 71.437035
rd73_252
improve 0 5321 9488 5609 4167 5.000000 0.661000 0.477998
4gt4-v0_80
original 2 179 311 179 132 5.000000 0.661000 0.328534
hwb7_59
improve 0 24379 42199 25352 17820 5.000000 0.661000 1.514365
ham3_102
original 1 20 35 21 15 5.000000 0.661000 71.076998
cnt3-5_180
improve 22 485 824 422 339 5.000000 0.661000 4.492425
rd53_133
original 0 580 1015 628 435 5.000000 0.661000 0.051670
4mod7-v0_94
original 32 162 264 160 102 5.000000 0.661000 3.796246
plus63mod4096_163
original 0 128744 234425 142641 105681 5.000000 0.661000 36.702833
mini-alu_167
original 1 288 498 310 210 5.000000 0.661000 10.514113
root_255
improve 0 17159 30965 18101 13806 5.000000 0.661000 1.571218
z4_268
improve 2 3073 5356 3180 2283 5.000000 0.661000 17.958705
majority_239
original 4 612 1029 638 417 5.000000 0.661000 1.091383
ex2_227
original 0 631 1084 663 453 5.000000 0.661000 0.040873
urf2_277
improve 0 20112 37125 23429 17013 5.000000 0.661000 1.909441
one-two-three-v3_101
original 45 70 115 69 45 5.000000 0.661000 37.765786
4gt13_91
original 2 103 172 111 69 5.000000 0.661000 0.772086
4gt12-v1_89
original 2 228 372 228 144 5.000000 0.661000 0.620579
sqrt8_260
original 13 3009 5316 3160 2307 5.000000 0.661000 24.984419
rd32-v0_66
original 0 34 52 33 18 5.000000 0.661000 14.113531
sym9_148
improve 0 21504 37877 23596 16365 5.000000 0.661000 2.391353
4gt5_75
original 32 83 137 80 54 5.000000 0.661000 3.478845
0410184_169
original 24 211 352 178 141 5.000000 0.661000 228.033941
urf2_152
original 0 80480 139841 83570 59361 5.000000 0.661000 4.830653
urf1_278
improve 0 54766 100048 61626 45270 5.000000 0.661000 8.800507
sym6_145
original 0 3888 6720 4199 2832 5.000000 0.661000 0.223712
alu-v2_32
original 13 163 277 173 114 5.000000 0.661000 4.415899
4gt12-v0_88
original 0 194 323 204 129 5.000000 0.661000 0.354644
squar5_261
improve 47 1993 3469 1977 1476 5.000000 0.661000 22.347512
alu-v2_31
original 10 451 745 462 294 5.000000 0.661000 7.095373
hwb5_53
original 0 1336 2263 1387 927 5.000000 0.661000 0.072038
one-two-three-v2_100
original 96 69 108 66 39 5.000000 0.661000 41.850328
cycle10_2_110
improve 0 6050 10787 6743 4737 5.000000 0.661000 0.405218
urf6_160
improve 0 171840 315493 184772 143637 5.000000 0.661000 21.293974
ising_model_10
improve 0 480 657 127 177 5.000000 0.661000 6.490641
sys6-v0_111
improve 48 215 356 142 141 5.000000 0.661000 26.455930
plus63mod8192_164
improve 0 187112 345787 219368 158430 5.000000 0.661000 75.655240
mod5adder_127
original 0 555 942 565 387 5.000000 0.661000 0.083420
rd73_140
original 34 230 380 177 150 5.000000 0.661000 4.568295
4mod5-v1_23
original 34 69 117 77 48 5.000000 0.661000 4.995936
graycode6_47
original 0 5 29 13 24 5.000000 0.661000 0.019926
ising_model_16
original 0 786 969 176 183 5.000000 0.661000 1.216901
ham7_104
original 1 320 554 357 234 5.000000 0.661000 0.696737
ex-1_166
original 0 19 31 21 12 5.000000 0.661000 29.002241
decod24-v3_45
original 9 150 240 144 90 5.000000 0.661000 40.558942
urf4_187
original 0 512064 898521 507643 386457 5.000000 0.661000 124.263907
life_238
original 0 22445 39860 23973 17415 5.000000 0.661000 2.795406
con1_216
improve 0 954 1671 994 717 5.000000 0.661000 0.060898
hwb6_56
original 0 6723 11742 7160 5019 5.000000 0.661000 0.383612
mod10_176
original 5 178 295 180 117 5.000000 0.661000 18.908127
ex1_226
original 0 7 16 11 9 5.000000 0.661000 0.002497
sf_276
original 14 778 1312 808 534 5.000000 0.661000 1.890940
cm152a_212
original 0 1221 2118 1279 897 5.000000 0.661000 0.104202
4gt12-v0_87
original 0 247 427 255 180 5.000000 0.661000 0.019977
decod24-enable_126
original 0 338 581 353 243 5.000000 0.661000 0.563035
radd_250
improve 0 3213 5754 3555 2541 5.000000 0.661000 0.250820
pm1_249
original 48 1776 3063 1750 1287 5.000000 0.661000 26.133764
sf_274
original 42 781 1312 777 531 5.000000 0.661000 2.041941
miller_11
original 36 50 77 50 27 5.000000 0.661000 11.665433
rd53_251
original 0 1291 2263 1395 972 5.000000 0.661000 0.077327
mlp4_245
improve 11 18852 34059 20856 15207 5.000000 0.661000 615.375305
9symml_195
improve 0 34881 62607 37728 27705 5.000000 0.661000 5.159616
rd84_142
original 44 343 574 213 231 5.000000 0.661000 21.272378
inc_237
original 16 10619 18740 11250 8121 5.000000 0.661000 62.735690
sqn_258
improve 0 10223 18104 10698 7881 5.000000 0.661000 1.596870
alu-v2_33
original 1 37 61 40 24 5.000000 0.661000 25.369452
sao2_257
original 0 38577 70254 39374 31677 5.000000 0.661000 13.283159
co14_215
original 0 17936 33287 17407 15351 5.000000 0.661000 15.074890
decod24-v1_41
original 18 85 139 89 54 5.000000 0.661000 3.983839
4mod5-v0_20
original 2 20 29 18 9 5.000000 0.661000 40.653294
alu-v4_37
original 45 37 64 39 27 5.000000 0.661000 4.069672
urf3_155
improve 0 423488 746796 453020 323253 5.000000 0.661000 45.746296
misex1_241
improve 0 4813 8557 5311 3744 5.000000 0.661000 0.425048
alu-v0_27
original 17 36 60 39 24 5.000000 0.661000 3.929165
4mod5-v1_24
original 32 36 57 36 21 5.000000 0.661000 39.777313
4mod7-v1_96
original 2 164 272 160 108 5.000000 0.661000 23.768756
cm82a_208
improve 2 650 1097 655 447 5.000000 0.661000 1.525839
ham15_107
improve 3 8763 15579 9295 6816 5.000000 0.661000 1250.832263
0example
original 3 9 18 13 9 5.000000 0.661000 15.256557
dc1_220
original 0 1914 3327 1986 1413 5.000000 0.661000 0.117581
4gt4-v1_74
original 0 273 471 297 198 5.000000 0.661000 0.023394
rd32-v1_68
original 0 36 54 33 18 5.000000 0.661000 13.508647
decod24-v0_38
original 0 51 84 54 33 5.000000 0.661000 8.116507
sym6_316
improve 0 270 510 294 240 5.000000 0.661000 0.028118
alu-v0_26
original 10 84 141 89 57 5.000000 0.661000 1.227503
clip_206
original 0 33827 60875 35179 27048 5.000000 0.661000 8.755384
4mod5-v0_18
original 2 69 111 67 42 5.000000 0.661000 5.514737
cm85a_209
original 0 11414 20690 12618 9276 5.000000 0.661000 0.871638
alu-v4_36
improve 3 115 193 125 78 5.000000 0.661000 33.768363
one-two-three-v0_97
original 5 290 491 310 201 5.000000 0.661000 2.589659
4gt13_90
original 2 107 179 118 72 5.000000 0.661000 0.820298
mod5d2_64
original 80 53 86 57 33 5.000000 0.661000 16.543234
ground_state_estimation_10
original 0 390180 451626 206409 61446 5.000000 0.661000 12.101643
C17_204
improve 0 467 827 511 360 5.000000 0.661000 0.141987
4gt13_92
original 98 66 108 68 42 5.000000 0.661000 58.383877
rd53_130
improve 0 1043 1787 1076 744 5.000000 0.661000 0.067538
alu-v3_34
original 98 52 82 49 30 5.000000 0.661000 2.751077
decod24-bdd_294
original 0 73 121 70 48 5.000000 0.661000 0.009591
4gt5_76
original 32 91 154 102 63 5.000000 0.661000 2.148438
sym9_146
original 1 328 568 262 240 5.000000 0.661000 25.958385
4mod5-v1_22
original 2 21 33 22 12 5.000000 0.661000 5.583432
rd32_270
original 11 84 132 81 48 5.000000 0.661000 3.152965
hwb4_49
original 40 233 377 243 144 5.000000 0.661000 1.458060
urf5_280
improve 0 49829 89441 55574 39606 5.000000 0.661000 5.372798
4gt5_77
original 1 131 221 135 90 5.000000 0.661000 51.166917
rd84_253
original 0 13658 24440 14118 10782 5.000000 0.661000 2.786828
4_49_16
original 11 217 364 225 147 5.000000 0.661000 3.009031
qft_10
original 0 200 275 82 75 5.000000 0.661000 0.861179
4mod5-bdd_287
original 22 70 115 73 45 5.000000 0.661000 0.224637
qft_16
improve 0 512 844 214 267 5.000000 0.661000 13.530892
urf1_149
improve 0 184864 325928 196319 141054 5.000000 0.661000 13.280548
urf5_158
improve 0 164416 284557 168679 120141 5.000000 0.661000 10.720924
urf3_279
improve 0 125362 233053 143563 107556 5.000000 0.661000 45.622157
4gt12-v0_86
original 0 251 428 257 177 5.000000 0.661000 0.049896
4gt4-v0_73
original 0 395 650 414 255 5.000000 0.661000 0.685624
alu-v1_29
original 17 37 61 39 24 5.000000 0.661000 4.060309
alu-bdd_288
original 2 84 144 90 60 5.000000 0.661000 0.755811
decod24-v2_43
original 30 52 82 52 30 5.000000 0.661000 3.353040
mod8-10_178
original 35 342 579 351 237 5.000000 0.661000 0.604261
one-two-three-v0_98
original 40 146 248 152 102 5.000000 0.661000 61.001344
4gt4-v0_78
original 0 235 400 254 165 5.000000 0.661000 0.448409
4mod5-v0_19
original 2 35 56 37 21 5.000000 0.661000 5.802648
alu-v2_30
original 0 504 849 527 345 5.000000 0.661000 0.030875
alu-v3_35
original 1 37 61 36 24 5.000000 0.661000 1.989230
dist_223
original 0 38046 68334 39017 30288 5.000000 0.661000 24.029834
4gt4-v0_79
original 0 231 396 249 165 5.000000 0.661000 0.438111
hwb8_113
improve 0 69380 120527 74430 51144 5.000000 0.661000 5.009065
ex3_229
original 35 403 673 405 270 5.000000 0.661000 0.839365
xor5_254
original 0 7 16 11 9 5.000000 0.661000 0.002525
f2_232
improve 7 1206 2049 1325 843 5.000000 0.661000 2.295924
time:4833.052106