rd53_138
improve 24 132 216 125 84 1.000000 0.350100 0.536809
4gt13-v1_93
original 96 68 107 61 39 1.000000 0.350100 13.030035
mod5mils_65
original 0 35 59 35 24 1.000000 0.350100 3.709965
mod5d1_63
original 2 22 37 26 15 1.000000 0.350100 21.962939
sym10_262
improve 0 64283 121750 73859 57306 1.000000 0.350100 68.612127
aj-e11_165
original 5 151 259 166 108 1.000000 0.350100 1.783693
hwb9_119
improve 0 207775 386125 237979 178209 1.000000 0.350100 41.452726
4gt11_83
original 1 23 35 26 12 1.000000 0.350100 4.069976
cm42a_207
improve 48 1776 3225 1912 1449 1.000000 0.350100 10.516447
4gt4-v0_72
original 0 258 468 295 210 1.000000 0.350100 0.022054
max46_240
improve 0 27126 50314 29773 23163 1.000000 0.350100 8.217684
dc2_222
original 53 9462 17646 11047 8184 1.000000 0.350100 565.125643
sym9_193
original 0 34881 65883 39783 31002 1.000000 0.350100 10.978997
rd53_135
original 0 296 536 343 240 1.000000 0.350100 0.033421
mod10_171
original 6 244 412 266 168 1.000000 0.350100 12.323846
ising_model_13
original 0 633 792 143 159 1.000000 0.350100 0.841625
adr4_197
improve 47 3439 6434 3827 2979 1.000000 0.350100 210.090801
4gt11_84
original 1 18 30 20 12 1.000000 0.350100 4.453205
4gt11_82
original 26 27 42 30 15 1.000000 0.350100 2.981189
wim_266
improve 46 986 1751 1022 765 1.000000 0.350100 20.928409
rd53_131
original 0 469 853 527 384 1.000000 0.350100 0.035942
mod8-10_177
original 4 440 761 485 321 1.000000 0.350100 0.775893
4gt10-v1_81
original 40 148 256 157 108 1.000000 0.350100 1.202672
alu-v1_28
original 32 37 58 34 21 1.000000 0.350100 28.798853
cnt3-5_179
original 14 175 319 126 144 1.000000 0.350100 7.958255
square_root_7
original 0 7630 14152 8015 6522 1.000000 0.350100 8.905165
one-two-three-v1_99
original 9 132 225 142 93 1.000000 0.350100 177.930128
mini_alu_305
improve 7 173 290 144 117 1.000000 0.350100 2.590110
rd53_311
original 0 275 527 273 252 1.000000 0.350100 3.495519
3_17_13
original 2 36 57 37 21 1.000000 0.350100 68.896341
rd73_252
improve 0 5321 9900 6010 4569 1.000000 0.350100 2.103598
4gt4-v0_80
original 3 179 302 196 123 1.000000 0.350100 0.320194
hwb7_59
original 0 24379 44188 27010 19809 1.000000 0.350100 1.796457
ham3_102
original 0 20 32 23 12 1.000000 0.350100 67.069673
cnt3-5_180
original 22 485 857 436 372 1.000000 0.350100 31.846663
rd53_133
original 0 580 1054 658 474 1.000000 0.350100 0.042554
4mod7-v0_94
original 32 162 267 164 105 1.000000 0.350100 4.652881
plus63mod4096_163
improve 0 128744 245195 153696 116256 1.000000 0.350100 67.781025
mini-alu_167
original 64 288 477 287 189 1.000000 0.350100 7.418900
root_255
improve 0 17159 32575 19205 15321 1.000000 0.350100 26.082069
z4_268
improve 1 3073 5605 3410 2532 1.000000 0.350100 54.810549
majority_239
improve 9 612 1086 680 474 1.000000 0.350100 1.700606
ex2_227
improve 0 631 1120 693 489 1.000000 0.350100 0.047188
urf2_277
improve 0 20112 38943 24912 18831 1.000000 0.350100 2.145447
one-two-three-v3_101
original 3 70 118 77 48 1.000000 0.350100 36.247613
4gt13_91
original 40 103 172 114 69 1.000000 0.350100 1.217660
4gt12-v1_89
original 2 228 390 242 162 1.000000 0.350100 0.635117
sqrt8_260
improve 4 3009 5592 3461 2583 1.000000 0.350100 59.075501
rd32-v0_66
original 16 34 52 34 18 1.000000 0.350100 23.731361
sym9_148
improve 0 21504 40335 25543 18813 1.000000 0.350100 5.651387
4gt5_75
improve 8 83 146 95 63 1.000000 0.350100 8.222709
0410184_169
improve 18 211 385 211 174 1.000000 0.350100 197.950696
urf2_152
improve 0 80480 143147 88346 62667 1.000000 0.350100 5.137438
urf1_278
original 0 54766 105190 65612 50424 1.000000 0.350100 10.316732
sym6_145
improve 0 3888 6939 4472 3051 1.000000 0.350100 0.237982
alu-v2_32
original 11 163 277 173 114 1.000000 0.350100 11.999064
4gt12-v0_88
original 16 194 326 193 132 1.000000 0.350100 0.325373
squar5_261
improve 36 1993 3628 2101 1635 1.000000 0.350100 48.534462
alu-v2_31
improve 34 451 754 461 303 1.000000 0.350100 15.823894
hwb5_53
original 0 1336 2350 1476 1014 1.000000 0.350100 0.079996
one-two-three-v2_100
original 13 69 117 73 48 1.000000 0.350100 37.249946
cycle10_2_110
original 0 6050 11375 6969 5325 1.000000 0.350100 2.087155
urf6_160
original 0 171840 324417 189591 152577 1.000000 0.350100 90.866434
ising_model_10
original 0 480 609 110 129 1.000000 0.350100 1.068925
sys6-v0_111
improve 36 215 350 154 135 1.000000 0.350100 3.311474
plus63mod8192_164
improve 0 187112 364294 235104 176931 1.000000 0.350100 85.076975
mod5adder_127
original 0 555 978 613 423 1.000000 0.350100 0.089630
rd73_140
original 37 230 371 178 141 1.000000 0.350100 2.494252
4mod5-v1_23
original 34 69 114 76 45 1.000000 0.350100 6.061633
graycode6_47
original 0 5 29 13 24 1.000000 0.350100 0.020675
ising_model_16
original 0 786 1140 176 354 1.000000 0.350100 219.497083
ham7_104
improve 0 320 575 367 255 1.000000 0.350100 0.885559
ex-1_166
original 4 19 28 18 9 1.000000 0.350100 25.796520
decod24-v3_45
original 9 150 246 149 96 1.000000 0.350100 48.159169
urf4_187
original 0 512064 952254 542337 440190 1.000000 0.350100 112.320668
life_238
improve 0 22445 42110 25888 19635 1.000000 0.350100 8.096088
con1_216
original 0 954 1764 1048 810 1.000000 0.350100 0.093386
hwb6_56
improve 0 6723 12330 7799 5607 1.000000 0.350100 0.434841
mod10_176
original 11 178 298 190 120 1.000000 0.350100 18.605201
ex1_226
original 0 7 13 9 6 1.000000 0.350100 0.001815
sf_276
improve 47 778 1333 835 555 1.000000 0.350100 2.081605
cm152a_212
improve 0 1221 2259 1409 1038 1.000000 0.350100 0.166032
4gt12-v0_87
improve 0 247 457 288 210 1.000000 0.350100 0.023741
decod24-enable_126
original 1 338 581 366 243 1.000000 0.350100 3.332626
radd_250
improve 0 3213 6108 3792 2868 1.000000 0.350100 12.825516
pm1_249
improve 48 1776 3225 1912 1449 1.000000 0.350100 10.590100
sf_274
original 2 781 1333 843 552 1.000000 0.350100 5.440367
miller_11
original 109 50 77 50 27 1.000000 0.350100 34.208464
rd53_251
original 0 1291 2347 1452 1056 1.000000 0.350100 0.140808
