rd53_138
original 21 132 216 102 84 7.000000 0.100100 0.762076
4gt13-v1_93
original 17 68 104 62 36 7.000000 0.100100 2.268501
mod5mils_65
original 2 35 59 37 24 7.000000 0.100100 3.993954
mod5d1_63
original 168 22 34 22 12 7.000000 0.100100 17.666008
sym10_262
improve 0 64283 114314 67515 49974 7.000000 0.100100 19.433692
aj-e11_165
original 67 151 244 151 93 7.000000 0.100100 1.912373
hwb9_119
original 0 207775 362716 216442 154941 7.000000 0.100100 25.620227
4gt11_83
original 1 23 35 26 12 7.000000 0.100100 33.338966
cm42a_207
original 48 1776 3030 1727 1254 7.000000 0.100100 8.453330
4gt4-v0_72
improve 0 258 450 263 192 7.000000 0.100100 0.018545
max46_240
original 0 27126 47670 26957 20544 7.000000 0.100100 3.509881
dc2_222
improve 42 9462 16629 9711 7167 7.000000 0.100100 179.835882
sym9_193
improve 0 34881 62625 37363 27687 7.000000 0.100100 8.137487
rd53_135
original 0 296 521 317 225 7.000000 0.100100 0.026959
mod10_171
original 11 244 400 252 156 7.000000 0.100100 12.409090
ising_model_13
improve 0 633 816 109 183 7.000000 0.100100 2.579833
adr4_197
original 0 3439 6013 3428 2574 7.000000 0.100100 105.537565
4gt11_84
original 13 18 30 18 12 7.000000 0.100100 4.173827
4gt11_82
original 26 27 42 29 15 7.000000 0.100100 3.955919
wim_266
original 46 986 1682 962 696 7.000000 0.100100 17.631558
rd53_131
improve 0 469 802 495 333 7.000000 0.100100 0.034543
mod8-10_177
original 4 440 743 453 303 7.000000 0.100100 0.744034
4gt10-v1_81
original 40 148 244 151 96 7.000000 0.100100 1.326366
alu-v1_28
original 41 37 61 37 24 7.000000 0.100100 27.144293
cnt3-5_179
original 14 175 304 123 129 7.000000 0.100100 4.467701
square_root_7
original 0 7630 13492 7105 5862 7.000000 0.100100 3.372831
one-two-three-v1_99
original 32 132 222 142 90 7.000000 0.100100 231.618658
mini_alu_305
improve 9 173 290 138 117 7.000000 0.100100 0.591106
rd53_311
original 0 275 527 263 252 7.000000 0.100100 0.047838
3_17_13
original 0 36 57 38 21 7.000000 0.100100 74.284063
rd73_252
improve 0 5321 9260 5451 3939 7.000000 0.100100 0.339023
4gt4-v0_80
original 21 179 296 180 117 7.000000 0.100100 0.347173
hwb7_59
improve 0 24379 41440 24563 17061 7.000000 0.100100 1.499811
ham3_102
original 2 20 35 21 15 7.000000 0.100100 74.344180
cnt3-5_180
original 29 485 815 385 330 7.000000 0.100100 5.362619
rd53_133
improve 0 580 1015 663 435 7.000000 0.100100 0.071192
4mod7-v0_94
original 32 162 267 165 105 7.000000 0.100100 4.202765
plus63mod4096_163
improve 0 128744 229615 139685 100773 7.000000 0.100100 38.508861
mini-alu_167
original 5 288 477 289 189 7.000000 0.100100 4.888230
root_255
improve 0 17159 30588 17553 13425 7.000000 0.100100 3.007154
z4_268
original 1 3073 5332 3052 2259 7.000000 0.100100 46.603426
majority_239
original 7 612 1026 622 414 7.000000 0.100100 1.075434
ex2_227
original 0 631 1075 659 444 7.000000 0.100100 0.042909
urf2_277
improve 0 20112 37175 23412 17052 7.000000 0.100100 3.446594
one-two-three-v3_101
original 14 70 115 70 45 7.000000 0.100100 38.059453
4gt13_91
original 10 103 166 105 63 7.000000 0.100100 0.766750
4gt12-v1_89
original 46 228 378 234 150 7.000000 0.100100 0.616692
sqrt8_260
improve 33 3009 5232 3065 2223 7.000000 0.100100 24.567557
rd32-v0_66
original 0 34 52 33 18 7.000000 0.100100 13.681153
sym9_148
improve 0 21504 37767 23118 16254 7.000000 0.100100 3.076641
4gt5_75
original 8 83 134 79 51 7.000000 0.100100 3.630677
0410184_169
improve 24 211 346 175 135 7.000000 0.100100 362.391874
urf2_152
improve 0 80480 137570 81839 57090 7.000000 0.100100 4.844490
urf1_278
improve 0 54766 99652 61751 44868 7.000000 0.100100 9.174679
sym6_145
improve 0 3888 6564 4128 2676 7.000000 0.100100 0.226569
alu-v2_32
original 37 163 265 162 102 7.000000 0.100100 4.317331
4gt12-v0_88
original 3 194 317 190 123 7.000000 0.100100 0.327682
squar5_261
original 38 1993 3442 1939 1449 7.000000 0.100100 17.009494
alu-v2_31
original 12 451 748 451 297 7.000000 0.100100 8.651464
hwb5_53
improve 0 1336 2278 1403 942 7.000000 0.100100 0.073815
one-two-three-v2_100
original 96 69 108 66 39 7.000000 0.100100 43.711961
cycle10_2_110
improve 0 6050 10655 6498 4605 7.000000 0.100100 0.386588
urf6_160
improve 0 171840 308448 177220 136584 7.000000 0.100100 21.056146
ising_model_10
original 0 480 597 110 117 7.000000 0.100100 0.616185
sys6-v0_111
original 48 215 365 151 150 7.000000 0.100100 1.667942
plus63mod8192_164
improve 0 187112 338650 210278 151341 7.000000 0.100100 62.727134
mod5adder_127
original 0 555 963 590 408 7.000000 0.100100 0.088529
rd73_140
original 35 230 389 186 159 7.000000 0.100100 2.459934
4mod5-v1_23
original 75 69 120 76 51 7.000000 0.100100 4.373723
graycode6_47
original 0 5 29 13 24 7.000000 0.100100 0.018694
ising_model_16
original 0 786 1005 176 219 7.000000 0.100100 153.934023
ham7_104
original 30 320 545 350 225 7.000000 0.100100 0.677032
ex-1_166
original 0 19 31 21 12 7.000000 0.100100 29.871825
decod24-v3_45
original 8 150 234 137 84 7.000000 0.100100 55.974137
urf4_187
original 0 512064 892182 497956 380118 7.000000 0.100100 45.719670
life_238
improve 0 22445 39476 23521 17022 7.000000 0.100100 3.577747
con1_216
original 0 954 1662 948 708 7.000000 0.100100 0.083481
hwb6_56
original 0 6723 11601 6925 4878 7.000000 0.100100 1.170688
mod10_176
original 37 178 286 176 108 7.000000 0.100100 8.899317
ex1_226
original 0 7 16 10 9 7.000000 0.100100 0.002496
sf_276
original 13 778 1270 761 492 7.000000 0.100100 1.903050
cm152a_212
improve 0 1221 2124 1292 903 7.000000 0.100100 0.105283
4gt12-v0_87
original 0 247 415 241 168 7.000000 0.100100 0.018337
decod24-enable_126
original 1 338 581 371 243 7.000000 0.100100 0.578429
radd_250
improve 0 3213 5667 3460 2454 7.000000 0.100100 0.210650
pm1_249
original 48 1776 3030 1727 1254 7.000000 0.100100 8.623792
sf_274
original 47 781 1294 791 513 7.000000 0.100100 2.080525
miller_11
original 0 50 86 59 36 7.000000 0.100100 12.351470
rd53_251
original 0 1291 2221 1379 930 7.000000 0.100100 0.096323
mlp4_245
improve 10 18852 33222 19909 14370 7.000000 0.100100 452.703855
9symml_195
improve 0 34881 62625 37363 27687 7.000000 0.100100 8.123698
rd84_142
original 44 343 598 225 255 7.000000 0.100100 10.309277
inc_237
improve 2 10619 18323 10853 7704 7.000000 0.100100 87.400558
sqn_258
original 0 10223 17747 10201 7524 7.000000 0.100100 0.728409
alu-v2_33
original 2 37 61 39 24 7.000000 0.100100 26.224320
sao2_257
original 0 38577 69150 38231 30573 7.000000 0.100100 5.844187
co14_215
improve 0 17936 32985 17472 15045 7.000000 0.100100 3.597263
decod24-v1_41
original 17 85 136 83 51 7.000000 0.100100 1.725213
4mod5-v0_20
original 2 20 29 18 9 7.000000 0.100100 40.434746
alu-v4_37
original 3 37 61 40 24 7.000000 0.100100 4.370836
urf3_155
improve 0 423488 734210 438156 310695 7.000000 0.100100 31.733484
misex1_241
improve 0 4813 8686 5405 3873 7.000000 0.100100 0.456449
alu-v0_27
original 89 36 60 36 24 7.000000 0.100100 4.249592
4mod5-v1_24
original 14 36 60 39 24 7.000000 0.100100 39.776060
4mod7-v1_96
original 32 164 266 159 102 7.000000 0.100100 19.208850
cm82a_208
original 10 650 1094 660 444 7.000000 0.100100 1.456046
ham15_107
original 23 8763 15405 9039 6642 7.000000 0.100100 940.488292
0example
original 3 9 18 13 9 7.000000 0.100100 15.684663
dc1_220
improve 0 1914 3318 1918 1404 7.000000 0.100100 0.126081
4gt4-v1_74
original 0 273 462 282 189 7.000000 0.100100 0.021671
rd32-v1_68
original 0 36 54 33 18 7.000000 0.100100 13.455280
decod24-v0_38
original 1 51 84 55 33 7.000000 0.100100 9.744664
sym6_316
improve 0 270 513 282 243 7.000000 0.100100 0.037613
alu-v0_26
original 9 84 135 84 51 7.000000 0.100100 1.293859
clip_206
original 0 33827 60332 34110 26505 7.000000 0.100100 6.336744
4mod5-v0_18
original 2 69 111 69 42 7.000000 0.100100 4.743472
cm85a_209
improve 0 11414 20135 12260 8721 7.000000 0.100100 0.902075
alu-v4_36
original 9 115 187 115 72 7.000000 0.100100 35.555575
one-two-three-v0_97
original 40 290 476 288 186 7.000000 0.100100 2.222524
4gt13_90
original 10 107 176 115 69 7.000000 0.100100 0.885382
mod5d2_64
original 18 53 89 60 36 7.000000 0.100100 5.660359
ground_state_estimation_10
improve 0 390180 446346 200511 56166 7.000000 0.100100 12.438032
C17_204
improve 0 467 809 497 342 7.000000 0.100100 0.144598
4gt13_92
original 28 66 111 65 45 7.000000 0.100100 58.605585
rd53_130
original 0 1043 1757 1026 714 7.000000 0.100100 0.058552
alu-v3_34
original 98 52 82 49 30 7.000000 0.100100 3.124189
decod24-bdd_294
original 0 73 115 71 42 7.000000 0.100100 0.008151
4gt5_76
original 64 91 145 93 54 7.000000 0.100100 2.072766
sym9_146
improve 3 328 571 276 243 7.000000 0.100100 6.194791
4mod5-v1_22
original 2 21 33 22 12 7.000000 0.100100 5.574377
rd32_270
original 9 84 135 85 51 7.000000 0.100100 3.164920
hwb4_49
original 1 233 380 240 147 7.000000 0.100100 1.529613
urf5_280
improve 0 49829 88880 54806 39048 7.000000 0.100100 4.460054
4gt5_77
original 19 131 215 130 84 7.000000 0.100100 66.554085
rd84_253
original 0 13658 24191 13695 10533 7.000000 0.100100 4.329627
4_49_16
original 24 217 358 225 141 7.000000 0.100100 2.692345
qft_10
original 0 200 266 69 66 7.000000 0.100100 0.468489
4mod5-bdd_287
original 1 70 118 77 48 7.000000 0.100100 0.223148
qft_16
improve 0 512 854 199 282 7.000000 0.100100 11.983596
urf1_149
improve 0 184864 320719 191009 135837 7.000000 0.100100 15.402919
urf5_158
improve 0 164416 280906 168420 116490 7.000000 0.100100 10.477652
urf3_279
improve 0 125362 231930 141383 106497 7.000000 0.100100 28.200798
4gt12-v0_86
original 0 251 422 251 171 7.000000 0.100100 0.049007
4gt4-v0_73
original 9 395 656 395 261 7.000000 0.100100 0.703091
alu-v1_29
original 5 37 61 40 24 7.000000 0.100100 4.168730
alu-bdd_288
original 17 84 144 82 60 7.000000 0.100100 0.723302
decod24-v2_43
original 1 52 85 54 33 7.000000 0.100100 6.111223
mod8-10_178
original 21 342 570 343 228 7.000000 0.100100 0.636121
one-two-three-v0_98
original 40 146 233 142 87 7.000000 0.100100 58.735373
4gt4-v0_78
original 16 235 391 235 156 7.000000 0.100100 0.447797
4mod5-v0_19
original 2 35 59 38 24 7.000000 0.100100 5.702600
alu-v2_30
original 0 504 876 528 372 7.000000 0.100100 0.036054
alu-v3_35
original 3 37 61 40 24 7.000000 0.100100 2.127154
dist_223
original 0 38046 67332 37458 29286 7.000000 0.100100 7.932444
4gt4-v0_79
original 20 231 381 227 150 7.000000 0.100100 0.423249
hwb8_113
improve 0 69380 118958 71973 49578 7.000000 0.100100 4.165941
ex3_229
original 1 403 673 421 270 7.000000 0.100100 0.830045
xor5_254
original 0 7 16 10 9 7.000000 0.100100 0.002031
f2_232
original 10 1206 1992 1166 786 7.000000 0.100100 2.731405
time:4096.450329