rd53_138
improve 21 132 219 106 87 8.000000 1.000000 0.957329
4gt13-v1_93
original 0 68 113 74 45 8.000000 1.000000 12.698390
mod5mils_65
original 0 35 59 36 24 8.000000 1.000000 3.896252
mod5d1_63
original 2 22 37 26 15 8.000000 1.000000 16.922971
sym10_262
original 0 64283 114584 66102 50301 8.000000 1.000000 25.769325
aj-e11_165
original 1 151 250 161 99 8.000000 1.000000 2.292373
hwb9_119
improve 0 207775 362731 212800 154896 8.000000 1.000000 25.445626
4gt11_83
original 1 23 35 26 12 8.000000 1.000000 3.336583
cm42a_207
improve 43 1776 3039 1670 1263 8.000000 1.000000 10.269798
4gt4-v0_72
original 0 258 444 254 186 8.000000 1.000000 0.020455
max46_240
original 0 27126 47673 26616 20547 8.000000 1.000000 2.449517
dc2_222
original 15 9462 16620 9428 7158 8.000000 1.000000 299.502593
sym9_193
improve 0 34881 63326 38010 28386 8.000000 1.000000 12.623856
rd53_135
original 0 296 521 307 225 8.000000 1.000000 0.030484
mod10_171
original 5 244 412 247 168 8.000000 1.000000 11.869439
ising_model_13
original 0 633 786 143 153 8.000000 1.000000 4.084211
adr4_197
original 35 3439 6001 3298 2562 8.000000 1.000000 59.453105
4gt11_84
original 1 18 30 20 12 8.000000 1.000000 4.078838
4gt11_82
original 8 27 42 30 15 8.000000 1.000000 3.760884
wim_266
original 13 986 1688 915 702 8.000000 1.000000 37.413327
rd53_131
improve 0 469 799 475 330 8.000000 1.000000 0.033944
mod8-10_177
original 4 440 710 425 270 8.000000 1.000000 0.743378
4gt10-v1_81
original 12 148 247 152 99 8.000000 1.000000 1.211236
alu-v1_28
original 95 37 61 41 24 8.000000 1.000000 24.263712
cnt3-5_179
original 13 175 310 123 135 8.000000 1.000000 4.481977
square_root_7
original 0 7630 13645 7348 6015 8.000000 1.000000 3.386149
one-two-three-v1_99
original 32 132 231 147 99 8.000000 1.000000 223.308976
mini_alu_305
original 9 173 290 131 117 8.000000 1.000000 6.141019
rd53_311
original 0 275 515 246 240 8.000000 1.000000 0.059837
3_17_13
original 0 36 60 41 24 8.000000 1.000000 69.736063
rd73_252
original 0 5321 9317 5266 3996 8.000000 1.000000 0.397994
4gt4-v0_80
original 6 179 299 193 120 8.000000 1.000000 0.333647
hwb7_59
improve 0 24379 41887 24337 17496 8.000000 1.000000 3.204265
ham3_102
original 1 20 35 21 15 8.000000 1.000000 70.450213
cnt3-5_180
original 22 485 830 410 345 8.000000 1.000000 22.416576
rd53_133
original 0 580 988 593 408 8.000000 1.000000 0.069258
4mod7-v0_94
original 7 162 267 158 105 8.000000 1.000000 3.691089
plus63mod4096_163
improve 0 128744 230091 137435 101256 8.000000 1.000000 40.536463
mini-alu_167
original 5 288 477 282 189 8.000000 1.000000 4.717805
root_255
improve 0 17159 30652 17276 13485 8.000000 1.000000 3.582977
z4_268
original 4 3073 5356 3030 2283 8.000000 1.000000 10.491409
majority_239
original 11 612 1026 619 414 8.000000 1.000000 1.050883
ex2_227
improve 0 631 1066 664 435 8.000000 1.000000 0.042358
urf2_277
improve 0 20112 37611 23581 17499 8.000000 1.000000 1.970352
one-two-three-v3_101
original 17 70 118 76 48 8.000000 1.000000 37.880432
4gt13_91
original 10 103 175 106 72 8.000000 1.000000 0.729101
4gt12-v1_89
original 46 228 384 225 156 8.000000 1.000000 0.667146
sqrt8_260
improve 29 3009 5283 3041 2274 8.000000 1.000000 37.403354
rd32-v0_66
original 0 34 52 33 18 8.000000 1.000000 13.002165
sym9_148
improve 0 21504 37370 22131 15858 8.000000 1.000000 2.450196
4gt5_75
original 1 83 140 91 57 8.000000 1.000000 3.392349
0410184_169
original 37 211 346 180 135 8.000000 1.000000 316.606999
urf2_152
improve 0 80480 139196 84386 58716 8.000000 1.000000 4.720464
urf1_278
improve 0 54766 100639 62463 45867 8.000000 1.000000 5.987859
sym6_145
improve 0 3888 6666 4188 2775 8.000000 1.000000 0.810917
alu-v2_32
original 1 163 274 164 111 8.000000 1.000000 4.298499
4gt12-v0_88
original 3 194 317 196 123 8.000000 1.000000 0.314177
squar5_261
improve 28 1993 3460 1960 1467 8.000000 1.000000 54.628120
alu-v2_31
original 32 451 730 441 279 8.000000 1.000000 6.252664
hwb5_53
original 0 1336 2248 1364 912 8.000000 1.000000 0.071203
one-two-three-v2_100
original 96 69 114 71 45 8.000000 1.000000 40.317400
cycle10_2_110
original 0 6050 10598 6159 4548 8.000000 1.000000 1.556853
urf6_160
improve 0 171840 309692 179528 137805 8.000000 1.000000 29.474743
ising_model_10
improve 0 480 582 103 102 8.000000 1.000000 1.109730
sys6-v0_111
original 30 215 365 143 150 8.000000 1.000000 1.272314
plus63mod8192_164
improve 0 187112 339063 208199 151758 8.000000 1.000000 54.232391
mod5adder_127
original 0 555 945 561 390 8.000000 1.000000 0.086442
rd73_140
original 46 230 389 175 159 8.000000 1.000000 1.591938
4mod5-v1_23
original 34 69 120 74 51 8.000000 1.000000 6.103003
graycode6_47
original 0 5 29 13 24 8.000000 1.000000 0.018594
ising_model_16
improve 0 786 1056 149 252 8.000000 1.000000 13.079812
ham7_104
original 0 320 539 326 219 8.000000 1.000000 0.678546
ex-1_166
original 0 19 31 21 12 8.000000 1.000000 27.624407
decod24-v3_45
original 1 150 240 142 90 8.000000 1.000000 45.954961
urf4_187
improve 0 512064 893745 495143 381663 8.000000 1.000000 37.261020
life_238
improve 0 22445 39452 23066 17001 8.000000 1.000000 2.698488
con1_216
improve 0 954 1638 932 684 8.000000 1.000000 0.062468
hwb6_56
improve 0 6723 11547 7008 4824 8.000000 1.000000 0.374173
mod10_176
original 11 178 280 167 102 8.000000 1.000000 9.156290
ex1_226
original 0 7 16 11 9 8.000000 1.000000 0.001366
sf_276
improve 47 778 1306 804 528 8.000000 1.000000 1.931419
cm152a_212
original 0 1221 2097 1202 876 8.000000 1.000000 0.126490
4gt12-v0_87
improve 0 247 415 248 168 8.000000 1.000000 0.019453
decod24-enable_126
original 0 338 575 356 237 8.000000 1.000000 0.531714
radd_250
improve 0 3213 5640 3323 2427 8.000000 1.000000 0.239673
pm1_249
improve 43 1776 3039 1670 1263 8.000000 1.000000 10.307287
sf_274
original 47 781 1315 798 534 8.000000 1.000000 2.013713
miller_11
original 36 50 83 53 33 8.000000 1.000000 11.186037
rd53_251
original 0 1291 2212 1294 921 8.000000 1.000000 0.065115
mlp4_245
original 10 18852 33393 19330 14541 8.000000 1.000000 343.593730
9symml_195
improve 0 34881 63326 38010 28386 8.000000 1.000000 12.594986
rd84_142
improve 32 343 592 222 249 8.000000 1.000000 13.080288
inc_237
improve 2 10619 18335 10653 7716 8.000000 1.000000 75.838706
sqn_258
original 0 10223 17831 10050 7608 8.000000 1.000000 5.124285
alu-v2_33
original 95 37 61 40 24 8.000000 1.000000 28.254254
sao2_257
original 0 38577 69438 38030 30861 8.000000 1.000000 21.587685
co14_215
improve 0 17936 33397 17673 15426 8.000000 1.000000 11.177515
decod24-v1_41
original 17 85 142 92 57 8.000000 1.000000 3.848343
4mod5-v0_20
original 2 20 29 18 9 8.000000 1.000000 39.247283
alu-v4_37
original 95 37 61 42 24 8.000000 1.000000 4.000108
urf3_155
improve 0 423488 744955 442973 321450 8.000000 1.000000 26.467883
misex1_241
improve 0 4813 8494 4846 3681 8.000000 1.000000 0.462022
alu-v0_27
original 89 36 60 38 24 8.000000 1.000000 3.788154
4mod5-v1_24
original 14 36 63 42 27 8.000000 1.000000 37.756576
4mod7-v1_96
original 10 164 272 162 108 8.000000 1.000000 18.427049
cm82a_208
improve 0 650 1088 643 438 8.000000 1.000000 1.397311
ham15_107
improve 28 8763 15385 8777 6612 8.000000 1.000000 1045.152205
0example
original 3 9 18 13 9 8.000000 1.000000 14.016234
dc1_220
improve 0 1914 3315 1909 1401 8.000000 1.000000 0.125341
4gt4-v1_74
original 0 273 474 293 201 8.000000 1.000000 0.019833
rd32-v1_68
original 0 36 54 33 18 8.000000 1.000000 12.857904
decod24-v0_38
original 99 51 84 56 33 8.000000 1.000000 8.062575
sym6_316
improve 0 270 519 292 249 8.000000 1.000000 0.030951
alu-v0_26
original 34 84 135 80 51 8.000000 1.000000 1.143610
clip_206
improve 0 33827 60164 34471 26337 8.000000 1.000000 3.263088
4mod5-v0_18
original 60 69 114 75 45 8.000000 1.000000 6.945111
cm85a_209
improve 0 11414 20010 11996 8592 8.000000 1.000000 1.694918
alu-v4_36
original 8 115 190 116 75 8.000000 1.000000 31.929028
one-two-three-v0_97
original 1 290 482 302 192 8.000000 1.000000 2.163827
4gt13_90
original 10 107 182 113 75 8.000000 1.000000 0.809500
mod5d2_64
original 7 53 89 58 36 8.000000 1.000000 5.476686
ground_state_estimation_10
original 0 390180 438981 206409 48801 8.000000 1.000000 12.073885
C17_204
improve 0 467 818 496 351 8.000000 1.000000 0.141883
4gt13_92
original 7 66 111 65 45 8.000000 1.000000 54.952556
rd53_130
original 0 1043 1796 1046 753 8.000000 1.000000 0.070337
alu-v3_34
original 32 52 85 52 33 8.000000 1.000000 2.672668
decod24-bdd_294
original 0 73 118 72 45 8.000000 1.000000 0.006241
4gt5_76
original 1 91 151 92 60 8.000000 1.000000 2.026893
sym9_146
original 28 328 562 253 234 8.000000 1.000000 112.365927
4mod5-v1_22
original 2 21 33 22 12 8.000000 1.000000 5.287762
rd32_270
original 9 84 135 84 51 8.000000 1.000000 3.051417
hwb4_49
original 13 233 380 233 147 8.000000 1.000000 1.412859
urf5_280
improve 0 49829 89630 55085 39798 8.000000 1.000000 4.298691
4gt5_77
original 1 131 215 130 84 8.000000 1.000000 55.368669
rd84_253
original 0 13658 24254 13641 10596 8.000000 1.000000 1.566847
4_49_16
original 11 217 364 220 147 8.000000 1.000000 2.814426
qft_10
improve 0 200 376 129 159 8.000000 1.000000 2.868268
4mod5-bdd_287
original 1 70 121 76 51 8.000000 1.000000 0.225443
qft_16
improve 0 512 922 240 327 8.000000 1.000000 26.007668
urf1_149
improve 0 184864 325891 193192 141027 8.000000 1.000000 11.749542
urf5_158
original 0 164416 283855 165198 119439 8.000000 1.000000 10.055467
urf3_279
improve 0 125362 234022 141718 108621 8.000000 1.000000 16.987699
4gt12-v0_86
original 0 251 425 250 174 8.000000 1.000000 0.050658
4gt4-v0_73
original 7 395 671 383 276 8.000000 1.000000 0.674159
alu-v1_29
original 89 37 61 38 24 8.000000 1.000000 3.840876
alu-bdd_288
original 42 84 147 90 63 8.000000 1.000000 0.624460
decod24-v2_43
original 1 52 85 55 33 8.000000 1.000000 3.452592
mod8-10_178
original 35 342 567 348 225 8.000000 1.000000 0.581681
one-two-three-v0_98
original 1 146 245 148 99 8.000000 1.000000 53.397121
4gt4-v0_78
original 9 235 394 240 159 8.000000 1.000000 0.618699
4mod5-v0_19
original 2 35 59 38 24 8.000000 1.000000 5.320918
alu-v2_30
original 0 504 849 518 345 8.000000 1.000000 0.039302
alu-v3_35
original 1 37 61 36 24 8.000000 1.000000 1.853922
dist_223
improve 0 38046 67669 37664 29619 8.000000 1.000000 3.471768
4gt4-v0_79
original 9 231 384 232 153 8.000000 1.000000 0.618530
hwb8_113
improve 0 69380 119498 71286 50118 8.000000 1.000000 4.089141
ex3_229
original 1 403 673 415 270 8.000000 1.000000 0.782245
xor5_254
original 0 7 16 11 9 8.000000 1.000000 0.002279
f2_232
original 12 1206 2001 1141 795 8.000000 1.000000 2.135562
time:41122.800093