rd53_138
improve 1 132 222 116 90 4.000000 0.600000 0.880612
4gt13-v1_93
original 17 68 110 68 42 4.000000 0.600000 12.351633
mod5mils_65
original 0 35 59 35 24 4.000000 0.600000 3.763515
mod5d1_63
original 2 22 37 26 15 4.000000 0.600000 17.868692
sym10_262
improve 0 64283 116744 69221 52458 4.000000 0.600000 5.269843
aj-e11_165
original 1 151 253 162 102 4.000000 0.600000 2.116573
hwb9_119
improve 0 207775 369387 222292 161511 4.000000 0.600000 28.031047
4gt11_83
original 1 23 35 26 12 4.000000 0.600000 3.448992
cm42a_207
improve 18 1776 3060 1745 1284 4.000000 0.600000 6.770469
4gt4-v0_72
improve 0 258 453 263 195 4.000000 0.600000 0.018281
max46_240
improve 0 27126 48702 28552 21576 4.000000 0.600000 1.916370
dc2_222
original 43 9462 16857 9987 7395 4.000000 0.600000 129.011201
sym9_193
original 0 34881 63129 37320 28248 4.000000 0.600000 4.956503
rd53_135
original 0 296 524 303 228 4.000000 0.600000 0.024636
mod10_171
original 5 244 415 258 171 4.000000 0.600000 11.734756
ising_model_13
original 0 633 741 143 108 4.000000 0.600000 5.385067
adr4_197
improve 40 3439 6094 3505 2652 4.000000 0.600000 35.525671
4gt11_84
original 179 18 30 18 12 4.000000 0.600000 4.017786
4gt11_82
original 8 27 42 33 15 4.000000 0.600000 4.574884
wim_266
original 51 986 1679 948 693 4.000000 0.600000 35.172461
rd53_131
original 0 469 778 443 309 4.000000 0.600000 0.031058
mod8-10_177
improve 4 440 734 467 294 4.000000 0.600000 0.710572
4gt10-v1_81
original 66 148 247 155 99 4.000000 0.600000 1.098475
alu-v1_28
original 1 37 64 42 27 4.000000 0.600000 30.523335
cnt3-5_179
improve 13 175 319 140 144 4.000000 0.600000 5.233515
square_root_7
improve 0 7630 14207 8154 6537 4.000000 0.600000 16.118242
one-two-three-v1_99
original 34 132 219 137 87 4.000000 0.600000 346.235848
mini_alu_305
original 9 173 302 152 129 4.000000 0.600000 0.740145
rd53_311
original 0 275 518 240 243 4.000000 0.600000 0.045935
3_17_13
original 125 36 57 37 21 4.000000 0.600000 66.756114
rd73_252
original 0 5321 9575 5542 4254 4.000000 0.600000 0.345873
4gt4-v0_80
original 1 179 305 186 126 4.000000 0.600000 0.311139
hwb7_59
improve 0 24379 42583 26420 18204 4.000000 0.600000 1.347077
ham3_102
original 1 20 35 21 15 4.000000 0.600000 66.363955
cnt3-5_180
original 19 485 839 407 354 4.000000 0.600000 9.636849
rd53_133
original 0 580 1003 598 423 4.000000 0.600000 0.035955
4mod7-v0_94
original 1 162 270 169 108 4.000000 0.600000 3.737587
plus63mod4096_163
original 0 128744 235316 141174 106572 4.000000 0.600000 25.171220
mini-alu_167
original 1 288 486 298 198 4.000000 0.600000 9.600305
root_255
improve 0 17159 31135 17674 13965 4.000000 0.600000 4.340036
z4_268
original 1 3073 5440 3103 2367 4.000000 0.600000 23.734481
majority_239
original 1 612 1047 615 435 4.000000 0.600000 1.009606
ex2_227
improve 0 631 1105 683 474 4.000000 0.600000 0.045433
urf2_277
improve 0 20112 37668 23599 17550 4.000000 0.600000 3.073290
one-two-three-v3_101
original 17 70 118 75 48 4.000000 0.600000 35.096554
4gt13_91
original 10 103 169 105 66 4.000000 0.600000 0.785506
4gt12-v1_89
original 2 228 375 220 147 4.000000 0.600000 0.569940
sqrt8_260
original 3 3009 5355 3155 2346 4.000000 0.600000 36.137761
rd32-v0_66
original 0 34 52 33 18 4.000000 0.600000 12.605936
sym9_148
improve 0 21504 38339 23521 16803 4.000000 0.600000 7.836391
4gt5_75
original 32 83 137 84 54 4.000000 0.600000 3.254394
0410184_169
original 37 211 349 179 138 4.000000 0.600000 576.683697
urf2_152
original 0 80480 140012 82484 59532 4.000000 0.600000 7.416691
urf1_278
original 0 54766 101632 62025 46866 4.000000 0.600000 9.186022
sym6_145
original 0 3888 6750 4087 2862 4.000000 0.600000 0.212980
alu-v2_32
original 5 163 283 174 120 4.000000 0.600000 4.089503
4gt12-v0_88
original 3 194 326 203 132 4.000000 0.600000 0.300922
squar5_261
original 34 1993 3511 2021 1518 4.000000 0.600000 8.332185
alu-v2_31
original 64 451 745 448 294 4.000000 0.600000 7.606722
hwb5_53
original 0 1336 2293 1393 957 4.000000 0.600000 0.069246
one-two-three-v2_100
original 96 69 117 71 48 4.000000 0.600000 39.480436
cycle10_2_110
improve 0 6050 10799 6582 4749 4.000000 0.600000 0.409905
urf6_160
original 0 171840 315036 178411 143196 4.000000 0.600000 28.089436
ising_model_10
improve 0 480 639 111 159 4.000000 0.600000 0.987288
sys6-v0_111
improve 41 215 371 163 156 4.000000 0.600000 2.568743
plus63mod8192_164
improve 0 187112 344547 215749 157344 4.000000 0.600000 34.914995
mod5adder_127
improve 0 555 963 586 408 4.000000 0.600000 0.084730
rd73_140
original 14 230 389 181 159 4.000000 0.600000 1.461701
4mod5-v1_23
original 2 69 126 80 57 4.000000 0.600000 5.575105
graycode6_47
original 0 5 29 13 24 4.000000 0.600000 0.019003
ising_model_16
improve 0 786 1137 248 291 4.000000 0.600000 51.436081
ham7_104
improve 6 320 554 342 234 4.000000 0.600000 0.656168
ex-1_166
original 0 19 31 21 12 4.000000 0.600000 26.645178
decod24-v3_45
original 61 150 246 144 96 4.000000 0.600000 42.157387
urf4_187
improve 0 512064 899850 509454 387741 4.000000 0.600000 42.820125
life_238
original 0 22445 40400 24100 17955 4.000000 0.600000 3.875109
con1_216
improve 0 954 1677 989 723 4.000000 0.600000 0.069271
hwb6_56
improve 0 6723 11787 7411 5064 4.000000 0.600000 0.355486
mod10_176
original 5 178 301 182 123 4.000000 0.600000 13.947447
ex1_226
original 0 7 16 11 9 4.000000 0.600000 0.002321
sf_276
original 22 778 1297 786 519 4.000000 0.600000 1.756454
cm152a_212
original 0 1221 2181 1318 960 4.000000 0.600000 0.107424
4gt12-v0_87
original 0 247 418 248 171 4.000000 0.600000 0.010921
decod24-enable_126
original 1 338 596 367 258 4.000000 0.600000 0.582713
radd_250
improve 0 3213 5748 3459 2535 4.000000 0.600000 0.220966
pm1_249
improve 18 1776 3060 1745 1284 4.000000 0.600000 6.930459
sf_274
improve 0 781 1303 790 522 4.000000 0.600000 1.735484
miller_11
original 10 50 86 55 36 4.000000 0.600000 10.972466
rd53_251
improve 0 1291 2275 1406 984 4.000000 0.600000 0.069183
mlp4_245
improve 10 18852 34263 20678 15375 4.000000 0.600000 663.566413
9symml_195
original 0 34881 63129 37320 28248 4.000000 0.600000 4.956526
rd84_142
original 32 343 601 246 258 4.000000 0.600000 36.800682
inc_237
original 16 10619 18773 11161 8154 4.000000 0.600000 52.443779
sqn_258
improve 0 10223 18155 10767 7932 4.000000 0.600000 0.695729
alu-v2_33
original 1 37 61 40 24 4.000000 0.600000 27.119072
sao2_257
original 0 38577 70218 38915 31641 4.000000 0.600000 17.738244
co14_215
original 0 17936 33929 17601 15993 4.000000 0.600000 13.239838
decod24-v1_41
original 0 85 142 92 57 4.000000 0.600000 3.729156
4mod5-v0_20
original 2 20 29 18 9 4.000000 0.600000 38.232619
alu-v4_37
original 45 37 64 39 27 4.000000 0.600000 3.834141
urf3_155
improve 0 423488 751946 448470 328446 4.000000 0.600000 28.558332
misex1_241
improve 0 4813 8671 5266 3858 4.000000 0.600000 0.467428
alu-v0_27
original 89 36 60 36 24 4.000000 0.600000 3.639731
4mod5-v1_24
original 2 36 63 39 27 4.000000 0.600000 37.914256
4mod7-v1_96
original 32 164 275 162 111 4.000000 0.600000 22.328915
cm82a_208
original 15 650 1091 606 441 4.000000 0.600000 1.376946
ham15_107
original 0 8763 15600 9168 6837 4.000000 0.600000 869.208575
0example
original 3 9 18 13 9 4.000000 0.600000 14.252285
dc1_220
improve 0 1914 3366 1969 1452 4.000000 0.600000 0.107473
4gt4-v1_74
original 0 273 477 299 204 4.000000 0.600000 0.019168
rd32-v1_68
original 0 36 54 33 18 4.000000 0.600000 12.492547
decod24-v0_38
original 99 51 84 56 33 4.000000 0.600000 9.656466
sym6_316
original 0 270 528 285 258 4.000000 0.600000 0.051485
alu-v0_26
original 1 84 138 87 54 4.000000 0.600000 1.147830
clip_206
original 0 33827 61094 34950 27267 4.000000 0.600000 5.076725
4mod5-v0_18
original 2 69 111 67 42 4.000000 0.600000 5.964759
cm85a_209
original 0 11414 20471 12213 9057 4.000000 0.600000 1.228135
alu-v4_36
original 34 115 193 117 78 4.000000 0.600000 31.280577
one-two-three-v0_97
original 1 290 494 306 204 4.000000 0.600000 2.268727
4gt13_90
original 10 107 179 115 72 4.000000 0.600000 0.719062
mod5d2_64
original 7 53 89 58 36 4.000000 0.600000 5.642423
ground_state_estimation_10
original 0 390180 457239 206409 67059 4.000000 0.600000 11.847541
C17_204
original 0 467 821 506 354 4.000000 0.600000 0.138068
4gt13_92
original 7 66 111 65 45 4.000000 0.600000 49.628811
rd53_130
improve 0 1043 1808 1108 765 4.000000 0.600000 0.057865
alu-v3_34
original 32 52 85 52 33 4.000000 0.600000 2.662051
decod24-bdd_294
original 0 73 118 72 45 4.000000 0.600000 0.005927
4gt5_76
original 1 91 154 95 63 4.000000 0.600000 1.979579
sym9_146
original 14 328 580 287 252 4.000000 0.600000 16.368702
4mod5-v1_22
original 2 21 33 22 12 4.000000 0.600000 5.113961
rd32_270
original 1 84 138 83 54 4.000000 0.600000 2.907194
hwb4_49
original 1 233 386 241 153 4.000000 0.600000 1.431011
urf5_280
improve 0 49829 90572 55906 40743 4.000000 0.600000 3.680830
4gt5_77
original 1 131 221 138 90 4.000000 0.600000 37.753049
rd84_253
original 0 13658 24830 14202 11172 4.000000 0.600000 1.294385
4_49_16
original 61 217 367 235 150 4.000000 0.600000 2.566477
qft_10
original 0 200 278 82 78 4.000000 0.600000 0.763983
4mod5-bdd_287
original 25 70 121 73 51 4.000000 0.600000 0.205722
qft_16
original 0 512 782 194 270 4.000000 0.600000 34.134333
urf1_149
original 0 184864 327754 189630 142890 4.000000 0.600000 12.831165
urf5_158
original 0 164416 286798 166990 122382 4.000000 0.600000 9.633393
urf3_279
original 0 125362 236824 143941 111462 4.000000 0.600000 25.234949
4gt12-v0_86
original 0 251 431 259 180 4.000000 0.600000 0.048318
4gt4-v0_73
original 15 395 668 409 273 4.000000 0.600000 0.668079
alu-v1_29
original 89 37 61 36 24 4.000000 0.600000 3.710852
alu-bdd_288
original 1 84 150 95 66 4.000000 0.600000 0.608229
decod24-v2_43
original 1 52 85 54 33 4.000000 0.600000 3.285706
mod8-10_178
original 30 342 573 379 231 4.000000 0.600000 0.554709
one-two-three-v0_98
original 1 146 248 155 102 4.000000 0.600000 52.753597
4gt4-v0_78
original 9 235 397 243 162 4.000000 0.600000 0.555388
4mod5-v0_19
original 2 35 59 39 24 4.000000 0.600000 5.103612
alu-v2_30
original 0 504 876 535 372 4.000000 0.600000 0.029095
alu-v3_35
original 1 37 61 36 24 4.000000 0.600000 1.849715
dist_223
original 0 38046 68973 38698 30927 4.000000 0.600000 9.503278
4gt4-v0_79
original 6 231 387 233 156 4.000000 0.600000 0.515202
hwb8_113
improve 0 69380 121640 73772 52260 4.000000 0.600000 3.885194
ex3_229
original 10 403 691 417 288 4.000000 0.600000 0.771282
xor5_254
original 0 7 16 11 9 4.000000 0.600000 0.002367
f2_232
original 21 1206 2025 1225 819 4.000000 0.600000 3.455281
time:25366.338038