rd53_138
original 2 132 222 108 90 3.000000 0.300000 0.507643
4gt13-v1_93
original 96 68 104 62 36 3.000000 0.300000 12.813898
mod5mils_65
original 2 35 59 39 24 3.000000 0.300000 4.140735
mod5d1_63
original 29 22 34 22 12 3.000000 0.300000 21.555495
sym10_262
improve 0 64283 118421 69984 54108 3.000000 0.300000 18.980051
aj-e11_165
original 1 151 250 161 99 3.000000 0.300000 1.577493
hwb9_119
improve 0 207775 373873 224877 166047 3.000000 0.300000 25.127762
4gt11_83
original 1 23 35 26 12 3.000000 0.300000 12.897438
cm42a_207
original 17 1776 3096 1773 1320 3.000000 0.300000 13.975023
4gt4-v0_72
original 0 258 456 265 198 3.000000 0.300000 0.019227
max46_240
improve 0 27126 48604 28430 21474 3.000000 0.300000 2.299841
dc2_222
original 42 9462 17247 10158 7785 3.000000 0.300000 187.472173
sym9_193
original 0 34881 63570 37044 28689 3.000000 0.300000 2.849061
rd53_135
original 0 296 506 303 210 3.000000 0.300000 0.026153
mod10_171
original 11 244 406 244 162 3.000000 0.300000 12.003817
ising_model_13
original 0 633 813 143 180 3.000000 0.300000 0.732059
adr4_197
original 4 3439 6208 3495 2769 3.000000 0.300000 102.116638
4gt11_84
original 11 18 30 18 12 3.000000 0.300000 4.420789
4gt11_82
original 26 27 42 29 15 3.000000 0.300000 3.299328
wim_266
original 24 986 1691 946 705 3.000000 0.300000 8.455092
rd53_131
improve 0 469 817 499 348 3.000000 0.300000 0.032815
mod8-10_177
original 0 440 746 454 306 3.000000 0.300000 0.669890
4gt10-v1_81
improve 10 148 253 163 105 3.000000 0.300000 1.236434
alu-v1_28
original 17 37 61 38 24 3.000000 0.300000 25.397208
cnt3-5_179
improve 14 175 316 145 141 3.000000 0.300000 5.368816
square_root_7
improve 0 7630 14197 8051 6552 3.000000 0.300000 5.977282
one-two-three-v1_99
original 32 132 225 140 93 3.000000 0.300000 207.077112
mini_alu_305
improve 0 173 281 137 108 3.000000 0.300000 0.501618
rd53_311
improve 0 275 524 281 249 3.000000 0.300000 0.049856
3_17_13
original 0 36 57 38 21 3.000000 0.300000 68.074956
rd73_252
improve 0 5321 9632 5582 4311 3.000000 0.300000 0.400523
4gt4-v0_80
original 7 179 308 200 129 3.000000 0.300000 0.294630
hwb7_59
improve 0 24379 42994 25946 18615 3.000000 0.300000 1.437543
ham3_102
original 36 20 35 21 15 3.000000 0.300000 66.683159
cnt3-5_180
improve 22 485 842 434 357 3.000000 0.300000 7.013581
rd53_133
improve 0 580 1000 661 420 3.000000 0.300000 0.049850
4mod7-v0_94
improve 8 162 273 179 111 3.000000 0.300000 3.521813
plus63mod4096_163
improve 0 128744 238627 147264 109770 3.000000 0.300000 34.124201
mini-alu_167
original 5 288 477 290 189 3.000000 0.300000 5.440583
root_255
original 0 17159 31484 17618 14325 3.000000 0.300000 2.691074
z4_268
improve 1 3073 5383 3205 2310 3.000000 0.300000 12.242186
majority_239
original 0 612 1017 618 405 3.000000 0.300000 3.089051
ex2_227
improve 0 631 1099 689 468 3.000000 0.300000 0.049197
urf2_277
improve 0 20112 37829 24797 17709 3.000000 0.300000 2.299670
one-two-three-v3_101
original 3 70 121 79 51 3.000000 0.300000 26.797853
4gt13_91
original 2 103 175 112 72 3.000000 0.300000 0.695047
4gt12-v1_89
original 2 228 378 227 150 3.000000 0.300000 0.564594
sqrt8_260
improve 29 3009 5430 3229 2421 3.000000 0.300000 29.150435
rd32-v0_66
original 1 34 52 33 18 3.000000 0.300000 15.242196
sym9_148
improve 0 21504 39348 23841 17829 3.000000 0.300000 3.993289
4gt5_75
original 8 83 143 90 60 3.000000 0.300000 3.147650
0410184_169
original 24 211 352 182 141 3.000000 0.300000 98.617385
urf2_152
improve 0 80480 140279 84770 59799 3.000000 0.300000 4.593888
urf1_278
improve 0 54766 101830 61836 47031 3.000000 0.300000 13.774526
sym6_145
improve 0 3888 6675 4138 2787 3.000000 0.300000 0.218116
alu-v2_32
original 5 163 274 162 111 3.000000 0.300000 6.631323
4gt12-v0_88
original 12 194 326 198 132 3.000000 0.300000 0.305403
squar5_261
original 16 1993 3505 1922 1512 3.000000 0.300000 11.827686
alu-v2_31
original 8 451 745 452 294 3.000000 0.300000 16.001220
hwb5_53
improve 0 1336 2290 1400 954 3.000000 0.300000 0.070065
one-two-three-v2_100
original 96 69 111 69 42 3.000000 0.300000 37.614441
cycle10_2_110
improve 0 6050 11114 6795 5064 3.000000 0.300000 0.478467
urf6_160
improve 0 171840 315600 184097 143724 3.000000 0.300000 24.574843
ising_model_10
original 0 480 630 117 150 3.000000 0.300000 11.767780
sys6-v0_111
original 32 215 365 159 150 3.000000 0.300000 1.685736
plus63mod8192_164
improve 0 187112 351407 220731 164079 3.000000 0.300000 65.600406
mod5adder_127
original 0 555 957 552 402 3.000000 0.300000 0.087070
rd73_140
original 37 230 395 192 165 3.000000 0.300000 1.468622
4mod5-v1_23
original 8 69 120 82 51 3.000000 0.300000 5.675881
graycode6_47
original 0 5 29 13 24 3.000000 0.300000 0.018756
ising_model_16
improve 0 786 1101 199 315 3.000000 0.300000 2.799172
ham7_104
original 11 320 563 344 243 3.000000 0.300000 0.683487
ex-1_166
original 0 19 31 21 12 3.000000 0.300000 28.471841
decod24-v3_45
original 1 150 246 143 96 3.000000 0.300000 17.847819
urf4_187
improve 0 512064 918320 522825 406233 3.000000 0.300000 37.090431
life_238
improve 0 22445 40673 24228 18228 3.000000 0.300000 1.793868
con1_216
improve 0 954 1737 1038 783 3.000000 0.300000 0.079802
hwb6_56
improve 0 6723 11907 7312 5184 3.000000 0.300000 0.367177
mod10_176
original 10 178 298 179 120 3.000000 0.300000 15.800112
ex1_226
original 0 7 13 9 6 3.000000 0.300000 0.001772
sf_276
improve 0 778 1264 783 486 3.000000 0.300000 1.643854
cm152a_212
original 0 1221 2247 1328 1026 3.000000 0.300000 0.899760
4gt12-v0_87
improve 0 247 427 251 180 3.000000 0.300000 0.017020
decod24-enable_126
original 14 338 587 368 249 3.000000 0.300000 0.517586
radd_250
improve 0 3213 5880 3541 2667 3.000000 0.300000 0.236596
pm1_249
original 17 1776 3096 1773 1320 3.000000 0.300000 14.131656
sf_274
original 13 781 1282 769 501 3.000000 0.300000 1.887957
miller_11
original 0 50 86 59 36 3.000000 0.300000 11.634478
rd53_251
improve 0 1291 2209 1399 918 3.000000 0.300000 0.067442
mlp4_245
improve 48 18852 34447 20336 15558 3.000000 0.300000 540.296639
9symml_195
original 0 34881 63570 37044 28689 3.000000 0.300000 2.851245
rd84_142
improve 51 343 586 230 243 3.000000 0.300000 30.308113
inc_237
improve 11 10619 18968 11186 8349 3.000000 0.300000 58.349523
sqn_258
improve 0 10223 18212 10552 7971 3.000000 0.300000 4.014639
alu-v2_33
original 1 37 61 40 24 3.000000 0.300000 33.609123
sao2_257
original 0 38577 71409 39667 32832 3.000000 0.300000 9.273063
co14_215
improve 0 17936 34165 18123 16170 3.000000 0.300000 14.120162
decod24-v1_41
original 96 85 142 89 57 3.000000 0.300000 3.895745
4mod5-v0_20
original 2 20 29 18 9 3.000000 0.300000 37.426490
alu-v4_37
original 1 37 64 44 27 3.000000 0.300000 3.502548
urf3_155
improve 0 423488 747901 446207 324345 3.000000 0.300000 31.607354
misex1_241
improve 0 4813 8743 5380 3930 3.000000 0.300000 1.391656
alu-v0_27
original 0 36 63 44 27 3.000000 0.300000 3.455856
4mod5-v1_24
original 2 36 63 41 27 3.000000 0.300000 36.822768
4mod7-v1_96
original 32 164 272 160 108 3.000000 0.300000 13.575203
cm82a_208
improve 2 650 1118 669 468 3.000000 0.300000 1.866989
ham15_107
improve 2 8763 15747 9676 6984 3.000000 0.300000 327.270879
0example
original 3 9 18 13 9 3.000000 0.300000 14.033476
dc1_220
original 0 1914 3360 1955 1446 3.000000 0.300000 0.117410
4gt4-v1_74
improve 0 273 480 291 207 3.000000 0.300000 0.021974
rd32-v1_68
original 1 36 54 33 18 3.000000 0.300000 14.932896
decod24-v0_38
original 1 51 84 55 33 3.000000 0.300000 7.475526
sym6_316
original 0 270 510 286 240 3.000000 0.300000 0.028516
alu-v0_26
original 1 84 138 84 54 3.000000 0.300000 2.400659
clip_206
original 0 33827 62066 35612 28239 3.000000 0.300000 5.720204
4mod5-v0_18
original 8 69 111 72 42 3.000000 0.300000 5.605889
cm85a_209
original 0 11414 20828 12280 9414 3.000000 0.300000 11.418322
alu-v4_36
original 34 115 199 122 84 3.000000 0.300000 29.557809
one-two-three-v0_97
original 5 290 473 297 183 3.000000 0.300000 1.850155
4gt13_90
original 6 107 176 113 69 3.000000 0.300000 0.757110
mod5d2_64
original 95 53 89 60 36 3.000000 0.300000 5.483292
ground_state_estimation_10
improve 0 390180 454014 211277 63834 3.000000 0.300000 10.903300
C17_204
original 0 467 827 499 360 3.000000 0.300000 0.150544
4gt13_92
original 7 66 108 62 42 3.000000 0.300000 19.294813
rd53_130
original 0 1043 1853 1074 810 3.000000 0.300000 0.065797
alu-v3_34
original 7 52 85 56 33 3.000000 0.300000 2.713783
decod24-bdd_294
original 0 73 118 73 45 3.000000 0.300000 0.006709
4gt5_76
original 32 91 157 101 66 3.000000 0.300000 1.964185
sym9_146
improve 3 328 580 279 252 3.000000 0.300000 25.062008
4mod5-v1_22
original 2 21 33 22 12 3.000000 0.300000 5.007932
rd32_270
original 4 84 135 81 51 3.000000 0.300000 3.186413
hwb4_49
original 1 233 392 251 159 3.000000 0.300000 1.339132
urf5_280
original 0 49829 91037 54714 41208 3.000000 0.300000 7.512593
4gt5_77
original 8 131 221 133 90 3.000000 0.300000 25.861594
rd84_253
improve 0 13658 24964 14476 11289 3.000000 0.300000 3.215260
4_49_16
improve 60 217 367 232 150 3.000000 0.300000 3.125611
qft_10
improve 0 200 263 66 60 3.000000 0.300000 1.013390
4mod5-bdd_287
original 1 70 118 78 48 3.000000 0.300000 0.205994
qft_16
original 0 512 794 192 282 3.000000 0.300000 15.941317
urf1_149
improve 0 184864 326761 194991 141885 3.000000 0.300000 12.636495
urf5_158
original 0 164416 286867 167165 122451 3.000000 0.300000 9.863629
urf3_279
improve 0 125362 236571 144721 111129 3.000000 0.300000 28.748070
4gt12-v0_86
improve 0 251 437 259 186 3.000000 0.300000 0.049786
4gt4-v0_73
original 15 395 662 399 267 3.000000 0.300000 0.672252
alu-v1_29
original 0 37 64 44 27 3.000000 0.300000 3.337740
alu-bdd_288
improve 10 84 144 91 60 3.000000 0.300000 0.627926
decod24-v2_43
original 1 52 85 55 33 3.000000 0.300000 3.273252
mod8-10_178
improve 1 342 585 377 243 3.000000 0.300000 0.594953
one-two-three-v0_98
original 11 146 242 146 96 3.000000 0.300000 50.717802
4gt4-v0_78
original 7 235 391 239 156 3.000000 0.300000 0.368538
4mod5-v0_19
original 2 35 59 36 24 3.000000 0.300000 5.168730
alu-v2_30
improve 0 504 885 533 381 3.000000 0.300000 0.030749
alu-v3_35
original 5 37 61 37 24 3.000000 0.300000 1.857263
dist_223
original 0 38046 70716 39830 32670 3.000000 0.300000 13.552373
4gt4-v0_79
original 7 231 390 238 159 3.000000 0.300000 0.368151
hwb8_113
improve 0 69380 122474 73808 53073 3.000000 0.300000 8.664966
ex3_229
original 1 403 667 413 264 3.000000 0.300000 0.724522
xor5_254
original 0 7 13 9 6 3.000000 0.300000 0.001035
f2_232
improve 2 1206 2067 1351 861 3.000000 0.300000 2.395282
time:8850.086118