rd53_138
original 28 132 219 105 87 8.000000 0.551000 2.658662
4gt13-v1_93
original 12 68 113 65 45 8.000000 0.551000 13.137842
mod5mils_65
original 0 35 59 36 24 8.000000 0.551000 4.334670
mod5d1_63
original 2 22 37 26 15 8.000000 0.551000 20.570415
sym10_262
original 0 64283 115511 66418 51228 8.000000 0.551000 10.296962
aj-e11_165
original 1 151 244 150 93 8.000000 0.551000 2.197919
hwb9_119
improve 0 207775 364702 214504 156894 8.000000 0.551000 19.895830
4gt11_83
original 1 23 35 26 12 8.000000 0.551000 4.088294
cm42a_207
improve 6 1776 3009 1671 1233 8.000000 0.551000 11.074086
4gt4-v0_72
original 0 258 435 242 177 8.000000 0.551000 0.020378
max46_240
improve 0 27126 47418 26956 20289 8.000000 0.551000 2.264119
dc2_222
original 21 9462 16662 9665 7200 8.000000 0.551000 216.954096
sym9_193
original 0 34881 61950 35514 27069 8.000000 0.551000 11.056630
rd53_135
original 0 296 515 291 219 8.000000 0.551000 0.030154
mod10_171
original 0 244 409 254 165 8.000000 0.551000 12.616746
ising_model_13
original 0 633 705 143 72 8.000000 0.551000 0.903023
adr4_197
original 36 3439 6034 3376 2595 8.000000 0.551000 148.196537
4gt11_84
original 1 18 30 20 12 8.000000 0.551000 4.736748
4gt11_82
original 7 27 42 33 15 8.000000 0.551000 3.117382
wim_266
original 2 986 1694 934 708 8.000000 0.551000 7.732200
rd53_131
original 0 469 814 484 345 8.000000 0.551000 0.529929
mod8-10_177
original 14 440 725 452 285 8.000000 0.551000 0.749491
4gt10-v1_81
original 10 148 244 154 96 8.000000 0.551000 1.040621
alu-v1_28
original 41 37 61 39 24 8.000000 0.551000 24.914223
cnt3-5_179
original 13 175 316 125 141 8.000000 0.551000 4.554380
square_root_7
original 0 7630 13624 7272 5994 8.000000 0.551000 3.518123
one-two-three-v1_99
original 8 132 225 148 93 8.000000 0.551000 217.929486
mini_alu_305
improve 7 173 287 139 114 8.000000 0.551000 1.256275
rd53_311
original 0 275 512 266 237 8.000000 0.551000 0.039242
3_17_13
original 0 36 60 41 24 8.000000 0.551000 72.406395
rd73_252
original 0 5321 9287 5283 3966 8.000000 0.551000 0.376088
4gt4-v0_80
original 21 179 305 189 126 8.000000 0.551000 0.336250
hwb7_59
original 0 24379 41941 24348 17562 8.000000 0.551000 2.996186
ham3_102
original 7 20 35 21 15 8.000000 0.551000 72.300441
cnt3-5_180
original 0 485 836 388 351 8.000000 0.551000 14.486933
rd53_133
original 0 580 988 593 408 8.000000 0.551000 0.059959
4mod7-v0_94
original 8 162 267 163 105 8.000000 0.551000 3.803456
plus63mod4096_163
improve 0 128744 230165 138701 101349 8.000000 0.551000 26.502663
mini-alu_167
original 13 288 480 295 192 8.000000 0.551000 5.847496
root_255
improve 0 17159 30626 17083 13446 8.000000 0.551000 5.617384
z4_268
original 12 3073 5320 3021 2247 8.000000 0.551000 29.778780
majority_239
original 4 612 1002 603 390 8.000000 0.551000 1.053034
ex2_227
improve 0 631 1069 642 438 8.000000 0.551000 0.040050
urf2_277
improve 0 20112 37521 23639 17409 8.000000 0.551000 1.853382
one-two-three-v3_101
original 17 70 118 77 48 8.000000 0.551000 28.174241
4gt13_91
original 6 103 172 111 69 8.000000 0.551000 0.744931
4gt12-v1_89
original 46 228 381 233 153 8.000000 0.551000 0.634358
sqrt8_260
improve 13 3009 5268 3122 2259 8.000000 0.551000 54.227192
rd32-v0_66
original 0 34 52 33 18 8.000000 0.551000 16.436562
sym9_148
improve 0 21504 38556 23423 17031 8.000000 0.551000 5.636998
4gt5_75
original 1 83 140 84 57 8.000000 0.551000 3.505933
0410184_169
original 37 211 346 184 135 8.000000 0.551000 291.643691
urf2_152
original 0 80480 138941 81973 58461 8.000000 0.551000 4.881714
urf1_278
improve 0 54766 101338 63190 46545 8.000000 0.551000 11.983409
sym6_145
original 0 3888 6645 4061 2757 8.000000 0.551000 0.235981
alu-v2_32
original 1 163 277 168 114 8.000000 0.551000 10.111817
4gt12-v0_88
original 11 194 320 192 126 8.000000 0.551000 0.328325
squar5_261
original 2 1993 3454 1973 1461 8.000000 0.551000 9.938305
alu-v2_31
original 12 451 730 437 279 8.000000 0.551000 8.257805
hwb5_53
original 0 1336 2296 1416 960 8.000000 0.551000 0.075181
one-two-three-v2_100
original 13 69 117 77 48 8.000000 0.551000 41.759594
cycle10_2_110
original 0 6050 10628 6218 4578 8.000000 0.551000 0.414927
urf6_160
improve 0 171840 310533 179488 138654 8.000000 0.551000 23.668683
ising_model_10
original 0 480 606 110 126 8.000000 0.551000 0.973543
sys6-v0_111
original 14 215 368 141 153 8.000000 0.551000 1.637750
plus63mod8192_164
improve 0 187112 340781 209503 153387 8.000000 0.551000 81.250529
mod5adder_127
original 0 555 966 586 411 8.000000 0.551000 0.093264
rd73_140
original 28 230 389 177 159 8.000000 0.551000 4.788600
4mod5-v1_23
original 1 69 126 84 57 8.000000 0.551000 5.954361
graycode6_47
original 0 5 29 13 24 8.000000 0.551000 0.016677
ising_model_16
improve 0 786 1074 171 288 8.000000 0.551000 2.526134
ham7_104
original 26 320 557 348 237 8.000000 0.551000 0.643317
ex-1_166
original 0 19 31 21 12 8.000000 0.551000 29.917633
decod24-v3_45
original 8 150 243 143 93 8.000000 0.551000 37.797078
urf4_187
improve 0 512064 897831 498799 385710 8.000000 0.551000 46.797393
life_238
improve 0 22445 39650 23175 17205 8.000000 0.551000 1.782308
con1_216
original 0 954 1647 939 693 8.000000 0.551000 0.064130
hwb6_56
original 0 6723 11625 6882 4902 8.000000 0.551000 0.380544
mod10_176
original 14 178 280 171 102 8.000000 0.551000 17.032277
ex1_226
original 0 7 13 9 6 8.000000 0.551000 0.001811
sf_276
original 23 778 1309 786 531 8.000000 0.551000 1.986518
cm152a_212
original 0 1221 2136 1247 915 8.000000 0.551000 1.394740
4gt12-v0_87
original 0 247 424 257 177 8.000000 0.551000 0.019397
decod24-enable_126
original 6 338 581 358 243 8.000000 0.551000 0.561282
radd_250
improve 0 3213 5703 3335 2490 8.000000 0.551000 0.265967
pm1_249
improve 6 1776 3009 1671 1233 8.000000 0.551000 10.945644
sf_274
original 48 781 1324 788 543 8.000000 0.551000 1.998740
miller_11
original 109 50 83 53 33 8.000000 0.551000 12.215795
rd53_251
original 0 1291 2248 1325 957 8.000000 0.551000 0.080760
mlp4_245
improve 50 18852 33266 19053 14391 8.000000 0.551000 601.712214
9symml_195
original 0 34881 61950 35514 27069 8.000000 0.551000 10.998330
rd84_142
original 47 343 589 222 246 8.000000 0.551000 26.305049
inc_237
original 4 10619 18449 10497 7830 8.000000 0.551000 47.564770
sqn_258
improve 0 10223 17831 10220 7599 8.000000 0.551000 2.549345
alu-v2_33
original 95 37 58 37 21 8.000000 0.551000 27.296216
sao2_257
improve 0 38577 69901 39836 31227 8.000000 0.551000 23.195827
co14_215
improve 0 17936 33183 17293 15210 8.000000 0.551000 11.227936
decod24-v1_41
original 17 85 142 90 57 8.000000 0.551000 3.642341
4mod5-v0_20
original 2 20 29 18 9 8.000000 0.551000 40.184357
alu-v4_37
original 5 37 61 40 24 8.000000 0.551000 4.140092
urf3_155
improve 0 423488 743308 442668 319794 8.000000 0.551000 21.551501
misex1_241
original 0 4813 8407 4930 3594 8.000000 0.551000 3.987669
alu-v0_27
original 14 36 60 40 24 8.000000 0.551000 3.570649
4mod5-v1_24
original 2 36 63 40 27 8.000000 0.551000 41.660134
4mod7-v1_96
original 32 164 272 165 108 8.000000 0.551000 13.330576
cm82a_208
original 2 650 1088 600 438 8.000000 0.551000 1.492756
ham15_107
improve 11 8763 15327 8892 6564 8.000000 0.551000 322.062026
0example
original 3 9 18 13 9 8.000000 0.551000 14.929281
dc1_220
original 0 1914 3375 1862 1461 8.000000 0.551000 0.124587
4gt4-v1_74
original 0 273 480 300 207 8.000000 0.551000 0.020155
rd32-v1_68
original 0 36 54 33 18 8.000000 0.551000 16.194948
decod24-v0_38
original 99 51 84 56 33 8.000000 0.551000 7.586623
sym6_316
original 0 270 507 277 237 8.000000 0.551000 0.026857
alu-v0_26
original 33 84 135 80 51 8.000000 0.551000 1.304617
clip_206
original 0 33827 60251 33743 26424 8.000000 0.551000 12.920594
4mod5-v0_18
original 34 69 114 73 45 8.000000 0.551000 6.067436
cm85a_209
original 0 11414 20219 11907 8805 8.000000 0.551000 2.744205
alu-v4_36
original 9 115 190 120 75 8.000000 0.551000 30.182140
one-two-three-v0_97
original 1 290 488 307 198 8.000000 0.551000 2.165594
4gt13_90
original 6 107 179 117 72 8.000000 0.551000 0.746468
mod5d2_64
original 95 53 89 61 36 8.000000 0.551000 5.912735
ground_state_estimation_10
improve 0 390180 445815 205149 55635 8.000000 0.551000 12.379388
C17_204
improve 0 467 818 499 351 8.000000 0.551000 0.141972
4gt13_92
original 7 66 108 70 42 8.000000 0.551000 23.307462
rd53_130
improve 0 1043 1784 1076 741 8.000000 0.551000 0.066536
alu-v3_34
original 32 52 85 52 33 8.000000 0.551000 3.031971
decod24-bdd_294
original 0 73 118 73 45 8.000000 0.551000 0.008103
4gt5_76
original 1 91 148 90 57 8.000000 0.551000 2.109018
sym9_146
original 3 328 568 258 240 8.000000 0.551000 29.134292
4mod5-v1_22
original 2 21 33 22 12 8.000000 0.551000 5.500858
rd32_270
original 2 84 138 84 54 8.000000 0.551000 3.496298
hwb4_49
original 40 233 374 227 141 8.000000 0.551000 1.412307
urf5_280
original 0 49829 90503 54507 40674 8.000000 0.551000 3.990422
4gt5_77
original 1 131 221 144 90 8.000000 0.551000 46.461457
rd84_253
improve 0 13658 24449 13836 10785 8.000000 0.551000 2.967208
4_49_16
original 32 217 367 225 150 8.000000 0.551000 2.825315
qft_10
original 0 200 287 88 87 8.000000 0.551000 0.099905
4mod5-bdd_287
original 2 70 118 77 48 8.000000 0.551000 0.218060
qft_16
improve 0 512 896 253 306 8.000000 0.551000 20.902781
urf1_149
original 0 184864 326191 189889 141327 8.000000 0.551000 12.217893
urf5_158
original 0 164416 283807 165121 119391 8.000000 0.551000 10.286358
urf3_279
original 0 125362 233893 140557 108531 8.000000 0.551000 31.313606
4gt12-v0_86
original 0 251 431 265 180 8.000000 0.551000 0.050499
4gt4-v0_73
original 0 395 671 419 276 8.000000 0.551000 0.679659
alu-v1_29
original 14 37 61 40 24 8.000000 0.551000 3.696447
alu-bdd_288
original 2 84 147 94 63 8.000000 0.551000 0.691447
decod24-v2_43
original 1 52 85 55 33 8.000000 0.551000 3.821764
mod8-10_178
original 31 342 561 342 219 8.000000 0.551000 0.624710
one-two-three-v0_98
original 40 146 242 145 96 8.000000 0.551000 50.316652
4gt4-v0_78
original 9 235 397 246 162 8.000000 0.551000 0.423456
4mod5-v0_19
original 2 35 59 38 24 8.000000 0.551000 5.744098
alu-v2_30
original 0 504 870 527 366 8.000000 0.551000 0.031283
alu-v3_35
original 1 37 64 40 27 8.000000 0.551000 2.021054
dist_223
improve 0 38046 67902 37927 29823 8.000000 0.551000 11.612995
4gt4-v0_79
original 9 231 390 240 159 8.000000 0.551000 0.417952
hwb8_113
improve 0 69380 119549 71643 50169 8.000000 0.551000 4.253636
ex3_229
improve 2 403 673 407 270 8.000000 0.551000 0.814340
xor5_254
original 0 7 13 9 6 8.000000 0.551000 0.001856
f2_232
original 12 1206 2016 1190 810 8.000000 0.551000 4.462023
time:3427.738590