rd53_138
original 19 132 216 108 84 5.000000 0.550100 0.616431
4gt13-v1_93
original 96 68 110 63 42 5.000000 0.550100 13.190729
mod5mils_65
original 0 35 56 34 21 5.000000 0.550100 4.151066
mod5d1_63
original 2 22 37 26 15 5.000000 0.550100 20.753500
sym10_262
original 0 64283 115235 68765 50952 5.000000 0.550100 12.879360
aj-e11_165
original 1 151 259 171 108 5.000000 0.550100 2.224663
hwb9_119
improve 0 207775 368211 225593 160380 5.000000 0.550100 20.388893
4gt11_83
original 1 23 35 26 12 5.000000 0.550100 4.154902
cm42a_207
original 2 1776 3066 1784 1290 5.000000 0.550100 14.602098
4gt4-v0_72
original 0 258 459 273 201 5.000000 0.550100 0.020295
max46_240
original 0 27126 48135 27799 21009 5.000000 0.550100 2.312695
dc2_222
improve 48 9462 16914 10153 7452 5.000000 0.550100 200.606556
sym9_193
original 0 34881 63288 37684 28407 5.000000 0.550100 10.821626
rd53_135
original 0 296 509 304 213 5.000000 0.550100 0.030376
mod10_171
original 10 244 406 244 162 5.000000 0.550100 12.730708
ising_model_13
improve 0 633 783 124 150 5.000000 0.550100 2.499269
adr4_197
improve 29 3439 6082 3530 2643 5.000000 0.550100 88.289451
4gt11_84
original 1 18 30 20 12 5.000000 0.550100 4.611299
4gt11_82
original 7 27 45 33 18 5.000000 0.550100 3.531402
wim_266
improve 4 986 1688 981 702 5.000000 0.550100 6.246786
rd53_131
improve 0 469 841 531 372 5.000000 0.550100 0.033912
mod8-10_177
original 4 440 737 466 297 5.000000 0.550100 0.710375
4gt10-v1_81
original 10 148 244 150 96 5.000000 0.550100 0.887735
alu-v1_28
original 32 37 58 34 21 5.000000 0.550100 26.569796
cnt3-5_179
original 2 175 319 127 144 5.000000 0.550100 5.535907
square_root_7
original 0 7630 13234 6928 5604 5.000000 0.550100 5.058267
one-two-three-v1_99
original 9 132 222 145 90 5.000000 0.550100 297.338675
