rd53_138
improve 19 132 219 112 87 8.000000 0.200100 2.737276
4gt13-v1_93
original 17 68 113 67 45 8.000000 0.200100 13.435560
mod5mils_65
original 0 35 59 36 24 8.000000 0.200100 4.451370
mod5d1_63
original 2 22 37 26 15 8.000000 0.200100 20.661717
sym10_262
improve 0 64283 114750 66251 50457 8.000000 0.200100 7.313293
aj-e11_165
original 1 151 247 154 96 8.000000 0.200100 2.243965
hwb9_119
improve 0 207775 364293 214158 156480 8.000000 0.200100 22.992500
4gt11_83
original 1 23 35 26 12 8.000000 0.200100 4.086057
cm42a_207
original 13 1776 3036 1699 1260 8.000000 0.200100 11.107534
4gt4-v0_72
improve 0 258 435 244 177 8.000000 0.200100 0.020775
max46_240
improve 0 27126 47424 26959 20295 8.000000 0.200100 2.415112
dc2_222
original 16 9462 16647 9669 7185 8.000000 0.200100 218.916424
sym9_193
original 0 34881 62466 36068 27585 8.000000 0.200100 6.480928
rd53_135
improve 0 296 521 316 225 8.000000 0.200100 0.048663
mod10_171
original 0 244 412 261 168 8.000000 0.200100 12.597689
ising_model_13
original 0 633 699 143 66 8.000000 0.200100 0.987595
adr4_197
original 36 3439 6034 3376 2595 8.000000 0.200100 159.312162
4gt11_84
original 13 18 30 20 12 8.000000 0.200100 4.608076
4gt11_82
original 7 27 42 33 15 8.000000 0.200100 3.154425
wim_266
improve 2 986 1691 933 705 8.000000 0.200100 23.871334
rd53_131
original 0 469 796 484 327 8.000000 0.200100 0.031387
mod8-10_177
original 4 440 725 452 285 8.000000 0.200100 0.765206
4gt10-v1_81
original 10 148 238 147 90 8.000000 0.200100 1.260710
alu-v1_28
original 41 37 61 39 24 8.000000 0.200100 25.562647
cnt3-5_179
original 14 175 310 119 135 8.000000 0.200100 4.667298
square_root_7
improve 0 7630 13796 7620 6159 8.000000 0.200100 3.608983
one-two-three-v1_99
original 34 132 228 142 96 8.000000 0.200100 298.722573
mini_alu_305
improve 7 173 290 139 117 8.000000 0.200100 1.779358
rd53_311
original 0 275 521 266 246 8.000000 0.200100 0.038357
3_17_13
original 0 36 60 41 24 8.000000 0.200100 72.758873
rd73_252
improve 0 5321 9170 5319 3849 8.000000 0.200100 0.370751
4gt4-v0_80
original 3 179 305 189 126 8.000000 0.200100 0.344333
hwb7_59
improve 0 24379 41767 24990 17388 8.000000 0.200100 1.425647
ham3_102
original 7 20 35 21 15 8.000000 0.200100 74.418200
cnt3-5_180
original 0 485 833 387 348 8.000000 0.200100 14.610551
rd53_133
improve 0 580 1027 655 447 8.000000 0.200100 0.071805
4mod7-v0_94
original 9 162 270 171 108 8.000000 0.200100 3.723990
plus63mod4096_163
improve 0 128744 230436 138422 101646 8.000000 0.200100 18.174364
mini-alu_167
original 5 288 480 301 192 8.000000 0.200100 5.545232
root_255
improve 0 17159 30557 17097 13398 8.000000 0.200100 1.502784
z4_268
original 2 3073 5320 3021 2247 8.000000 0.200100 30.224590
majority_239
original 18 612 1029 624 417 8.000000 0.200100 1.093639
ex2_227
original 0 631 1078 640 447 8.000000 0.200100 0.054470
urf2_277
improve 0 20112 38337 25107 18225 8.000000 0.200100 1.657137
one-two-three-v3_101
original 1 70 118 73 48 8.000000 0.200100 28.565510
4gt13_91
original 0 103 172 100 69 8.000000 0.200100 0.831594
4gt12-v1_89
original 46 228 381 233 153 8.000000 0.200100 0.655937
sqrt8_260
improve 33 3009 5283 3049 2274 8.000000 0.200100 60.531531
rd32-v0_66
original 0 34 52 33 18 8.000000 0.200100 16.771138
sym9_148
original 0 21504 38262 22532 16758 8.000000 0.200100 3.868191
4gt5_75
original 1 83 140 84 57 8.000000 0.200100 3.543263
0410184_169
original 37 211 346 184 135 8.000000 0.200100 291.180634
urf2_152
improve 0 80480 139202 84065 58722 8.000000 0.200100 4.945534
urf1_278
original 0 54766 100954 61123 46188 8.000000 0.200100 12.432365
sym6_145
improve 0 3888 6648 4187 2760 8.000000 0.200100 0.238259
alu-v2_32
original 1 163 277 165 114 8.000000 0.200100 10.115187
4gt12-v0_88
original 3 194 320 193 126 8.000000 0.200100 0.370039
squar5_261
original 50 1993 3457 1942 1464 8.000000 0.200100 9.158920
alu-v2_31
original 1 451 730 437 279 8.000000 0.200100 8.451074
hwb5_53
original 0 1336 2287 1429 951 8.000000 0.200100 0.076699
one-two-three-v2_100
original 3 69 117 76 48 8.000000 0.200100 42.938292
cycle10_2_110
original 0 6050 10532 6159 4482 8.000000 0.200100 4.310359
urf6_160
improve 0 171840 311454 178495 139578 8.000000 0.200100 20.848390
ising_model_10
original 0 480 582 110 102 8.000000 0.200100 0.464578
sys6-v0_111
original 14 215 368 145 153 8.000000 0.200100 1.199043
plus63mod8192_164
improve 0 187112 341342 209121 154008 8.000000 0.200100 62.542035
mod5adder_127
original 0 555 972 561 417 8.000000 0.200100 0.104080
rd73_140
original 28 230 389 177 159 8.000000 0.200100 4.951444
4mod5-v1_23
original 8 69 123 82 54 8.000000 0.200100 6.203768
graycode6_47
original 0 5 29 13 24 8.000000 0.200100 0.018542
ising_model_16
improve 0 786 1074 164 288 8.000000 0.200100 2.534105
ham7_104
original 26 320 557 348 237 8.000000 0.200100 0.659123
ex-1_166
original 0 19 31 21 12 8.000000 0.200100 30.834381
decod24-v3_45
original 8 150 243 146 93 8.000000 0.200100 36.594509
urf4_187
original 0 512064 902397 499080 390333 8.000000 0.200100 39.884137
life_238
improve 0 22445 39425 23036 16980 8.000000 0.200100 1.791246
con1_216
improve 0 954 1641 944 687 8.000000 0.200100 0.082931
hwb6_56
original 0 6723 11574 6886 4851 8.000000 0.200100 0.394037
mod10_176
original 5 178 280 171 102 8.000000 0.200100 18.914538
ex1_226
original 0 7 13 9 6 8.000000 0.200100 0.001558
sf_276
original 23 778 1309 786 531 8.000000 0.200100 1.998193
cm152a_212
improve 0 1221 2140 1278 915 8.000000 0.200100 0.872712
4gt12-v0_87
original 0 247 421 254 174 8.000000 0.200100 0.020857
decod24-enable_126
original 10 338 581 353 243 8.000000 0.200100 0.561086
radd_250
improve 0 3213 5703 3335 2490 8.000000 0.200100 0.288635
pm1_249
original 13 1776 3036 1699 1260 8.000000 0.200100 11.257099
sf_274
original 1 781 1315 799 534 8.000000 0.200100 2.073337
miller_11
original 10 50 83 53 33 8.000000 0.200100 12.716070
rd53_251
improve 0 1291 2227 1353 936 8.000000 0.200100 0.082187
mlp4_245
improve 50 18852 33266 19053 14391 8.000000 0.200100 523.942374
9symml_195
original 0 34881 62466 36068 27585 8.000000 0.200100 6.353525
rd84_142
original 32 343 589 221 246 8.000000 0.200100 22.943191
inc_237
original 4 10619 18449 10497 7830 8.000000 0.200100 49.813076
sqn_258
improve 0 10223 17765 10138 7536 8.000000 0.200100 2.416435
alu-v2_33
original 95 37 58 37 21 8.000000 0.200100 27.628480
sao2_257
improve 0 38577 69432 39393 30819 8.000000 0.200100 7.853008
co14_215
improve 0 17936 33491 17383 15510 8.000000 0.200100 13.330732
decod24-v1_41
original 17 85 145 92 60 8.000000 0.200100 3.670129
4mod5-v0_20
original 2 20 29 18 9 8.000000 0.200100 40.754494
alu-v4_37
original 3 37 61 40 24 8.000000 0.200100 4.264499
urf3_155
improve 0 423488 744190 444161 320658 8.000000 0.200100 35.766996
misex1_241
improve 0 4813 8431 4904 3618 8.000000 0.200100 0.451622
alu-v0_27
original 14 36 60 40 24 8.000000 0.200100 3.871002
4mod5-v1_24
original 2 36 63 40 27 8.000000 0.200100 42.032606
4mod7-v1_96
original 32 164 272 165 108 8.000000 0.200100 13.812163
cm82a_208
original 20 650 1094 641 444 8.000000 0.200100 1.491406
ham15_107
improve 6 8763 15327 9020 6564 8.000000 0.200100 349.694918
0example
original 3 9 18 13 9 8.000000 0.200100 15.145967
dc1_220
improve 0 1914 3315 2001 1401 8.000000 0.200100 0.126633
4gt4-v1_74
original 0 273 462 286 189 8.000000 0.200100 0.020240
rd32-v1_68
original 0 36 54 33 18 8.000000 0.200100 16.427688
decod24-v0_38
original 99 51 84 56 33 8.000000 0.200100 7.721356
sym6_316
improve 0 270 516 299 246 8.000000 0.200100 0.035939
alu-v0_26
original 9 84 135 80 51 8.000000 0.200100 1.400032
clip_206
original 0 33827 60410 33712 26583 8.000000 0.200100 9.171823
4mod5-v0_18
original 34 69 114 73 45 8.000000 0.200100 6.293226
cm85a_209
original 0 11414 20357 11906 8943 8.000000 0.200100 15.323350
alu-v4_36
original 1 115 190 120 75 8.000000 0.200100 31.221472
one-two-three-v0_97
original 13 290 488 309 198 8.000000 0.200100 2.047029
4gt13_90
original 0 107 179 107 72 8.000000 0.200100 0.804721
mod5d2_64
original 95 53 89 61 36 8.000000 0.200100 5.547013
ground_state_estimation_10
improve 0 390180 449334 206065 59154 8.000000 0.200100 12.662466
C17_204
original 0 467 815 474 348 8.000000 0.200100 0.150838
4gt13_92
original 17 66 108 66 42 8.000000 0.200100 23.279591
rd53_130
improve 0 1043 1799 1087 756 8.000000 0.200100 0.101331
alu-v3_34
original 32 52 85 52 33 8.000000 0.200100 3.022871
decod24-bdd_294
original 0 73 115 70 42 8.000000 0.200100 0.007403
4gt5_76
original 1 91 148 90 57 8.000000 0.200100 2.141577
sym9_146
original 3 328 583 263 255 8.000000 0.200100 30.636862
4mod5-v1_22
original 2 21 33 22 12 8.000000 0.200100 5.544850
rd32_270
original 2 84 138 85 54 8.000000 0.200100 3.438319
hwb4_49
original 40 233 374 227 141 8.000000 0.200100 1.578232
urf5_280
improve 0 49829 89801 55049 39963 8.000000 0.200100 6.077065
4gt5_77
original 8 131 215 127 84 8.000000 0.200100 46.235477
rd84_253
improve 0 13658 24358 13893 10677 8.000000 0.200100 6.581220
4_49_16
original 32 217 367 225 150 8.000000 0.200100 2.813607
qft_10
improve 0 200 281 83 81 8.000000 0.200100 0.163877
4mod5-bdd_287
original 2 70 118 78 48 8.000000 0.200100 0.225888
qft_16
improve 0 512 906 246 249 8.000000 0.200100 32.034984
urf1_149
improve 0 184864 326587 194461 141723 8.000000 0.200100 11.959027
urf5_158
original 0 164416 284254 165382 119838 8.000000 0.200100 10.402699
urf3_279
improve 0 125362 233870 142051 108378 8.000000 0.200100 60.264458
4gt12-v0_86
original 0 251 428 261 177 8.000000 0.200100 0.056684
4gt4-v0_73
original 7 395 671 373 276 8.000000 0.200100 0.705565
alu-v1_29
original 14 37 61 40 24 8.000000 0.200100 3.940993
alu-bdd_288
original 2 84 147 93 63 8.000000 0.200100 0.641189
decod24-v2_43
original 1 52 85 54 33 8.000000 0.200100 3.644789
mod8-10_178
original 31 342 561 342 219 8.000000 0.200100 0.642461
one-two-three-v0_98
original 40 146 242 145 96 8.000000 0.200100 52.827455
4gt4-v0_78
original 0 235 400 253 165 8.000000 0.200100 0.422427
4mod5-v0_19
original 2 35 59 38 24 8.000000 0.200100 5.787189
alu-v2_30
original 0 504 873 526 369 8.000000 0.200100 0.036877
alu-v3_35
original 1 37 64 40 27 8.000000 0.200100 2.032639
dist_223
original 0 38046 67566 36845 29520 8.000000 0.200100 4.456440
4gt4-v0_79
original 0 231 390 244 159 8.000000 0.200100 0.433062
hwb8_113
improve 0 69380 119513 71328 50133 8.000000 0.200100 4.386217
ex3_229
original 0 403 673 409 270 8.000000 0.200100 0.820269
xor5_254
original 0 7 13 9 6 8.000000 0.200100 0.001807
f2_232
original 7 1206 2016 1190 810 8.000000 0.200100 2.241354
time:10427.943666