rd53_138
improve 21 132 213 113 81 2.000000 0.410000 0.515789
4gt13-v1_93
original 1 68 107 69 39 2.000000 0.410000 12.870955
mod5mils_65
original 27 35 53 34 18 2.000000 0.410000 3.669340
mod5d1_63
original 168 22 34 22 12 2.000000 0.410000 18.860233
sym10_262
improve 0 64283 119189 71359 54777 2.000000 0.410000 59.992948
aj-e11_165
original 1 151 241 153 90 2.000000 0.410000 2.350568
hwb9_119
improve 0 207775 374204 225403 166269 2.000000 0.410000 65.689231
4gt11_83
original 1 23 35 26 12 2.000000 0.410000 2.255620
cm42a_207
original 25 1776 3105 1805 1329 2.000000 0.410000 18.061442
4gt4-v0_72
original 0 258 450 259 192 2.000000 0.410000 0.022672
max46_240
improve 0 27126 49554 28660 22416 2.000000 0.410000 4.974977
dc2_222
original 12 9462 17178 10221 7716 2.000000 0.410000 330.038083
sym9_193
improve 0 34881 64333 38446 29415 2.000000 0.410000 13.251725
rd53_135
improve 0 296 530 329 234 2.000000 0.410000 0.043759
mod10_171
original 11 244 403 249 159 2.000000 0.410000 12.039695
ising_model_13
original 0 633 798 143 165 2.000000 0.410000 0.856144
adr4_197
original 34 3439 6193 3783 2754 2.000000 0.410000 118.660359
4gt11_84
original 11 18 30 20 12 2.000000 0.410000 4.126715
4gt11_82
original 26 27 42 29 15 2.000000 0.410000 4.491246
wim_266
improve 34 986 1712 958 726 2.000000 0.410000 49.165700
rd53_131
original 0 469 829 508 360 2.000000 0.410000 0.040243
mod8-10_177
original 4 440 731 446 291 2.000000 0.410000 0.716352
4gt10-v1_81
original 10 148 241 147 93 2.000000 0.410000 1.380588
alu-v1_28
original 41 37 58 37 21 2.000000 0.410000 24.278546
cnt3-5_179
original 6 175 313 124 138 2.000000 0.410000 4.676269
square_root_7
original 0 7630 14122 7888 6492 2.000000 0.410000 7.094991
