rd53_138
original 19 132 216 109 84 5.000000 0.961000 0.535121
4gt13-v1_93
original 3 68 110 62 42 5.000000 0.961000 13.631569
mod5mils_65
original 2 35 56 37 21 5.000000 0.961000 4.157332
mod5d1_63
original 168 22 34 22 12 5.000000 0.961000 18.700926
sym10_262
original 0 64283 115427 68874 51144 5.000000 0.961000 25.889432
aj-e11_165
original 67 151 253 162 102 5.000000 0.961000 2.346895
hwb9_119
original 0 207775 368464 222388 160689 5.000000 0.961000 50.105614
4gt11_83
original 1 23 35 26 12 5.000000 0.961000 3.557050
cm42a_207
original 48 1776 3063 1750 1287 5.000000 0.961000 26.346241
4gt4-v0_72
original 0 258 459 270 201 5.000000 0.961000 0.023058
max46_240
original 0 27126 48054 27579 20928 5.000000 0.961000 2.166767
dc2_222
original 53 9462 16830 10291 7368 5.000000 0.961000 395.147798
sym9_193
improve 0 34881 62607 37728 27705 5.000000 0.961000 5.288239
rd53_135
original 0 296 506 292 210 5.000000 0.961000 0.029487
mod10_171
original 5 244 415 259 171 5.000000 0.961000 12.755413
ising_model_13
improve 0 633 747 95 114 5.000000 0.961000 4.089871
adr4_197
original 0 3439 6112 3546 2673 5.000000 0.961000 105.521804
4gt11_84
original 1 18 30 20 12 5.000000 0.961000 4.409552
4gt11_82
original 26 27 42 29 15 5.000000 0.961000 4.991122
wim_266
improve 30 986 1694 974 708 5.000000 0.961000 27.157226
rd53_131
original 0 469 790 466 321 5.000000 0.961000 0.033483
mod8-10_177
original 0 440 734 442 294 5.000000 0.961000 0.760081
4gt10-v1_81
original 40 148 244 153 96 5.000000 0.961000 1.719635
alu-v1_28
original 3 37 61 41 24 5.000000 0.961000 26.219306
cnt3-5_179
original 29 175 307 119 132 5.000000 0.961000 5.600510
square_root_7
improve 0 7630 13474 7365 5844 5.000000 0.961000 1.061291
one-two-three-v1_99
original 34 132 219 140 87 5.000000 0.961000 374.487773
mini_alu_305
original 0 173 290 131 117 5.000000 0.961000 2.952643
rd53_311
original 0 275 509 244 234 5.000000 0.961000 0.046969
3_17_13
original 0 36 57 38 21 5.000000 0.961000 73.238123
rd73_252
improve 0 5321 9488 5609 4167 5.000000 0.961000 0.493770
4gt4-v0_80
original 2 179 311 179 132 5.000000 0.961000 0.337592
hwb7_59
improve 0 24379 42199 25352 17820 5.000000 0.961000 1.534702
ham3_102
original 1 20 35 21 15 5.000000 0.961000 72.983833
cnt3-5_180
improve 22 485 824 422 339 5.000000 0.961000 4.353227
rd53_133
original 0 580 1015 628 435 5.000000 0.961000 0.050624
4mod7-v0_94
original 32 162 264 160 102 5.000000 0.961000 3.882735
plus63mod4096_163
original 0 128744 234425 142641 105681 5.000000 0.961000 37.579154
mini-alu_167
original 1 288 498 310 210 5.000000 0.961000 10.573146
root_255
improve 0 17159 30965 18101 13806 5.000000 0.961000 1.593472
