rd53_138
improve 0 132 222 124 90 3.000000 0.760000 1.057670
4gt13-v1_93
original 17 68 107 63 39 3.000000 0.760000 1.657233
mod5mils_65
original 0 35 59 35 24 3.000000 0.760000 3.776889
mod5d1_63
original 73 22 34 22 12 3.000000 0.760000 17.384450
sym10_262
improve 0 64283 117737 69760 53406 3.000000 0.760000 19.429202
aj-e11_165
original 1 151 253 157 102 3.000000 0.760000 1.971319
hwb9_119
improve 0 207775 373856 224777 166026 3.000000 0.760000 19.686782
4gt11_83
original 1 23 35 26 12 3.000000 0.760000 35.833351
cm42a_207
improve 43 1776 3078 1772 1302 3.000000 0.760000 11.774195
4gt4-v0_72
original 0 258 459 281 201 3.000000 0.760000 0.017800
max46_240
original 0 27126 48798 27735 21672 3.000000 0.760000 2.562696
dc2_222
original 12 9462 17040 10136 7578 3.000000 0.760000 199.419536
sym9_193
improve 0 34881 63355 37511 28446 3.000000 0.760000 8.319559
rd53_135
improve 0 296 527 332 231 3.000000 0.760000 0.029682
mod10_171
original 5 244 421 258 177 3.000000 0.760000 11.347978
ising_model_13
improve 0 633 738 101 105 3.000000 0.760000 0.614992
adr4_197
original 35 3439 6097 3491 2658 3.000000 0.760000 290.099446
4gt11_84
original 179 18 30 18 12 3.000000 0.760000 3.948317
4gt11_82
original 8 27 42 33 15 3.000000 0.760000 4.513098
wim_266
original 15 986 1667 916 681 3.000000 0.760000 34.783491
rd53_131
original 0 469 844 508 375 3.000000 0.760000 0.035350
mod8-10_177
original 4 440 743 453 303 3.000000 0.760000 0.699687
4gt10-v1_81
original 11 148 244 149 96 3.000000 0.760000 0.946384
alu-v1_28
original 41 37 61 37 24 3.000000 0.760000 29.540151
cnt3-5_179
improve 7 175 319 138 144 3.000000 0.760000 4.447951
square_root_7
original 0 7630 14128 7679 6498 3.000000 0.760000 8.071303
one-two-three-v1_99
original 32 132 219 132 87 3.000000 0.760000 206.638296
mini_alu_305
improve 29 173 293 139 120 3.000000 0.760000 0.507176
rd53_311
original 0 275 503 241 228 3.000000 0.760000 0.045493
3_17_13
original 0 36 57 38 21 3.000000 0.760000 64.264604
rd73_252
original 0 5321 9545 5570 4224 3.000000 0.760000 0.435320
4gt4-v0_80
original 3 179 305 183 126 3.000000 0.760000 0.294390
hwb7_59
original 0 24379 43021 25139 18642 3.000000 0.760000 3.449852
ham3_102
original 1 20 35 21 15 3.000000 0.760000 64.110796
cnt3-5_180
improve 29 485 836 392 351 3.000000 0.760000 5.261319
rd53_133
original 0 580 964 575 384 3.000000 0.760000 0.038574
4mod7-v0_94
original 1 162 270 169 108 3.000000 0.760000 3.635402
plus63mod4096_163
original 0 128744 237368 142945 108624 3.000000 0.760000 70.739930
mini-alu_167
original 55 288 486 296 198 3.000000 0.760000 9.593628
root_255
original 0 17159 31556 17503 14397 3.000000 0.760000 14.341961
z4_268
original 23 3073 5449 3151 2376 3.000000 0.760000 22.977659
majority_239
improve 4 612 1035 661 423 3.000000 0.760000 1.006527
ex2_227
original 0 631 1117 666 486 3.000000 0.760000 0.045256
urf2_277
original 0 20112 37656 23118 17544 3.000000 0.760000 2.388475
one-two-three-v3_101
original 1 70 118 76 48 3.000000 0.760000 33.833451
4gt13_91
original 6 103 172 108 69 3.000000 0.760000 0.754937
4gt12-v1_89
original 1 228 375 226 147 3.000000 0.760000 0.596418
sqrt8_260
original 9 3009 5427 3175 2418 3.000000 0.760000 62.911585
rd32-v0_66
original 0 34 52 33 18 3.000000 0.760000 12.665092
sym9_148
improve 0 21504 37995 23157 16491 3.000000 0.760000 1.295024
4gt5_75
improve 8 83 137 85 54 3.000000 0.760000 3.167746
0410184_169
original 56 211 358 185 147 3.000000 0.760000 447.636917
urf2_152
improve 0 80480 140531 84894 60051 3.000000 0.760000 4.736908
urf1_278
improve 0 54766 101512 62887 46710 3.000000 0.760000 13.643168
sym6_145
improve 0 3888 6747 4247 2859 3.000000 0.760000 0.216250
alu-v2_32
original 1 163 277 172 114 3.000000 0.760000 13.301920
4gt12-v0_88
improve 12 194 329 205 135 3.000000 0.760000 0.314687
squar5_261
original 34 1993 3502 2076 1509 3.000000 0.760000 25.024288
alu-v2_31
original 1 451 757 458 306 3.000000 0.760000 10.215607
hwb5_53
improve 0 1336 2287 1408 951 3.000000 0.760000 0.072448
one-two-three-v2_100
original 77 69 117 75 48 3.000000 0.760000 38.375882
cycle10_2_110
original 0 6050 11120 6662 5070 3.000000 0.760000 1.413764
urf6_160
improve 0 171840 314481 183649 142581 3.000000 0.760000 34.983729
ising_model_10
improve 0 480 651 101 171 3.000000 0.760000 1.015438
sys6-v0_111
improve 31 215 368 167 153 3.000000 0.760000 4.632590
plus63mod8192_164
improve 0 187112 349369 218971 162132 3.000000 0.760000 35.108630
mod5adder_127
improve 0 555 978 599 423 3.000000 0.760000 0.084086
rd73_140
original 0 230 398 181 168 3.000000 0.760000 2.117171
4mod5-v1_23
original 60 69 123 81 54 3.000000 0.760000 5.060834
graycode6_47
original 0 5 29 13 24 3.000000 0.760000 0.018322
ising_model_16
original 0 786 1146 223 360 3.000000 0.760000 19.771557
ham7_104
original 0 320 551 337 231 3.000000 0.760000 0.640655
ex-1_166
original 0 19 31 21 12 3.000000 0.760000 25.876125
decod24-v3_45
original 8 150 243 143 93 3.000000 0.760000 14.246715
urf4_187
improve 0 512064 898913 505590 386808 3.000000 0.760000 38.186737
life_238
improve 0 22445 40727 24611 18276 3.000000 0.760000 3.519441
con1_216
improve 0 954 1659 962 705 3.000000 0.760000 0.060013
hwb6_56
improve 0 6723 11808 7263 5085 3.000000 0.760000 0.357604
mod10_176
original 11 178 295 178 117 3.000000 0.760000 10.060186
ex1_226
original 0 7 16 11 9 3.000000 0.760000 0.002237
sf_276
original 2 778 1282 775 504 3.000000 0.760000 1.574082
cm152a_212
original 0 1221 2205 1351 984 3.000000 0.760000 0.105989
4gt12-v0_87
original 0 247 418 250 171 3.000000 0.760000 0.016981
decod24-enable_126
improve 1 338 584 363 246 3.000000 0.760000 0.571463
radd_250
original 0 3213 5760 3399 2547 3.000000 0.760000 0.239504
pm1_249
improve 43 1776 3078 1772 1302 3.000000 0.760000 12.303370
sf_274
original 1 781 1291 778 510 3.000000 0.760000 1.652502
miller_11
original 0 50 86 59 36 3.000000 0.760000 10.680355
rd53_251
original 0 1291 2245 1321 954 3.000000 0.760000 0.065481
