rd53_138
improve 0 132 222 124 90 3.000000 0.510000 1.112020
4gt13-v1_93
original 17 68 107 63 39 3.000000 0.510000 1.761159
mod5mils_65
original 0 35 59 35 24 3.000000 0.510000 4.007076
mod5d1_63
original 73 22 34 22 12 3.000000 0.510000 18.101999
sym10_262
improve 0 64283 117737 69760 53406 3.000000 0.510000 19.826743
aj-e11_165
original 1 151 253 157 102 3.000000 0.510000 2.050855
hwb9_119
improve 0 207775 373856 224777 166026 3.000000 0.510000 20.284584
4gt11_83
original 1 23 35 26 12 3.000000 0.510000 37.584682
cm42a_207
improve 43 1776 3078 1772 1302 3.000000 0.510000 12.576991
4gt4-v0_72
original 0 258 459 281 201 3.000000 0.510000 0.022709
max46_240
original 0 27126 48798 27735 21672 3.000000 0.510000 2.681562
dc2_222
original 12 9462 17040 10136 7578 3.000000 0.510000 207.578285
sym9_193
improve 0 34881 63355 37511 28446 3.000000 0.510000 8.791589
rd53_135
improve 0 296 527 332 231 3.000000 0.510000 0.030057
mod10_171
original 5 244 421 258 177 3.000000 0.510000 12.030536
ising_model_13
improve 0 633 738 101 105 3.000000 0.510000 0.649127
adr4_197
original 35 3439 6097 3491 2658 3.000000 0.510000 299.340982
4gt11_84
original 179 18 30 18 12 3.000000 0.510000 4.201968
4gt11_82
original 8 27 42 33 15 3.000000 0.510000 4.745896
wim_266
original 15 986 1667 916 681 3.000000 0.510000 36.703837
rd53_131
original 0 469 844 508 375 3.000000 0.510000 0.038288
mod8-10_177
original 4 440 743 453 303 3.000000 0.510000 0.740703
4gt10-v1_81
original 11 148 244 149 96 3.000000 0.510000 1.015884
alu-v1_28
original 41 37 61 37 24 3.000000 0.510000 31.113697
cnt3-5_179
improve 7 175 319 138 144 3.000000 0.510000 4.619447
square_root_7
original 0 7630 14128 7679 6498 3.000000 0.510000 8.773868
one-two-three-v1_99
original 32 132 219 132 87 3.000000 0.510000 217.474306
mini_alu_305
improve 29 173 293 139 120 3.000000 0.510000 0.546591
rd53_311
original 0 275 503 241 228 3.000000 0.510000 0.063019
3_17_13
original 0 36 57 38 21 3.000000 0.510000 67.416032
rd73_252
original 0 5321 9545 5570 4224 3.000000 0.510000 0.457326
4gt4-v0_80
original 3 179 305 183 126 3.000000 0.510000 0.292727
hwb7_59
original 0 24379 43021 25139 18642 3.000000 0.510000 3.548534
ham3_102
original 1 20 35 21 15 3.000000 0.510000 67.039012
cnt3-5_180
improve 29 485 836 392 351 3.000000 0.510000 5.619070
rd53_133
original 0 580 964 575 384 3.000000 0.510000 0.037884
4mod7-v0_94
original 1 162 270 169 108 3.000000 0.510000 3.811720
plus63mod4096_163
original 0 128744 237368 142945 108624 3.000000 0.510000 73.843974
mini-alu_167
original 55 288 486 296 198 3.000000 0.510000 10.039106
root_255
original 0 17159 31556 17503 14397 3.000000 0.510000 15.181032
z4_268
original 23 3073 5449 3151 2376 3.000000 0.510000 23.426662
majority_239
improve 4 612 1035 661 423 3.000000 0.510000 1.051165
ex2_227
original 0 631 1117 666 486 3.000000 0.510000 0.048932
urf2_277
original 0 20112 37656 23118 17544 3.000000 0.510000 2.543605
one-two-three-v3_101
original 1 70 118 76 48 3.000000 0.510000 35.589833
4gt13_91
original 6 103 172 108 69 3.000000 0.510000 0.782042
4gt12-v1_89
original 1 228 375 226 147 3.000000 0.510000 0.620284
sqrt8_260
original 9 3009 5427 3175 2418 3.000000 0.510000 66.066144
rd32-v0_66
original 0 34 52 33 18 3.000000 0.510000 13.455138
sym9_148
improve 0 21504 37995 23157 16491 3.000000 0.510000 1.392613
4gt5_75
improve 8 83 137 85 54 3.000000 0.510000 3.352550
0410184_169
original 56 211 358 185 147 3.000000 0.510000 472.992414
urf2_152
improve 0 80480 140531 84894 60051 3.000000 0.510000 4.762823
urf1_278
improve 0 54766 101512 62887 46710 3.000000 0.510000 13.752587
sym6_145
improve 0 3888 6747 4247 2859 3.000000 0.510000 0.221130
alu-v2_32
original 1 163 277 172 114 3.000000 0.510000 14.037153
4gt12-v0_88
improve 12 194 329 205 135 3.000000 0.510000 0.327459
squar5_261
original 34 1993 3502 2076 1509 3.000000 0.510000 26.145741
alu-v2_31
original 1 451 757 458 306 3.000000 0.510000 10.677740
hwb5_53
improve 0 1336 2287 1408 951 3.000000 0.510000 0.070865
one-two-three-v2_100
original 77 69 117 75 48 3.000000 0.510000 39.933372
cycle10_2_110
original 0 6050 11120 6662 5070 3.000000 0.510000 1.473552
urf6_160
improve 0 171840 314481 183649 142581 3.000000 0.510000 36.457784
ising_model_10
improve 0 480 651 101 171 3.000000 0.510000 1.045815
sys6-v0_111
improve 31 215 368 167 153 3.000000 0.510000 4.857577
plus63mod8192_164
improve 0 187112 349369 218971 162132 3.000000 0.510000 37.107257
mod5adder_127
improve 0 555 978 599 423 3.000000 0.510000 0.090002
rd73_140
original 0 230 398 181 168 3.000000 0.510000 2.200619
4mod5-v1_23
original 60 69 123 81 54 3.000000 0.510000 5.357825
graycode6_47
original 0 5 29 13 24 3.000000 0.510000 0.016984
ising_model_16
original 0 786 1146 223 360 3.000000 0.510000 20.274554
ham7_104
original 0 320 551 337 231 3.000000 0.510000 0.665313
ex-1_166
original 0 19 31 21 12 3.000000 0.510000 27.505637
decod24-v3_45
original 8 150 243 143 93 3.000000 0.510000 14.967124
urf4_187
improve 0 512064 898913 505590 386808 3.000000 0.510000 39.766349
life_238
improve 0 22445 40727 24611 18276 3.000000 0.510000 3.637895
con1_216
improve 0 954 1659 962 705 3.000000 0.510000 0.062321
hwb6_56
improve 0 6723 11808 7263 5085 3.000000 0.510000 0.365607
mod10_176
original 11 178 295 178 117 3.000000 0.510000 10.503738
ex1_226
original 0 7 16 11 9 3.000000 0.510000 0.001894
sf_276
original 2 778 1282 775 504 3.000000 0.510000 1.676973
cm152a_212
original 0 1221 2205 1351 984 3.000000 0.510000 0.108157
4gt12-v0_87
original 0 247 418 250 171 3.000000 0.510000 0.016071
decod24-enable_126
improve 1 338 584 363 246 3.000000 0.510000 0.591137
radd_250
original 0 3213 5760 3399 2547 3.000000 0.510000 0.257335
pm1_249
improve 43 1776 3078 1772 1302 3.000000 0.510000 12.894243
sf_274
original 1 781 1291 778 510 3.000000 0.510000 1.812753
miller_11
original 0 50 86 59 36 3.000000 0.510000 11.246437
rd53_251
original 0 1291 2245 1321 954 3.000000 0.510000 0.066669
mlp4_245
improve 10 18852 34444 20598 15582 3.000000 0.510000 548.274352
9symml_195
improve 0 34881 63355 37511 28446 3.000000 0.510000 8.712954
rd84_142
improve 46 343 589 248 246 3.000000 0.510000 27.539299
inc_237
original 19 10619 19049 11349 8430 3.000000 0.510000 76.783604
sqn_258
improve 0 10223 18233 10667 8010 3.000000 0.510000 0.910295
alu-v2_33
original 1 37 61 40 24 3.000000 0.510000 30.734474
sao2_257
improve 0 38577 71537 41415 32916 3.000000 0.510000 10.171459
co14_215
improve 0 17936 33863 17902 15900 3.000000 0.510000 11.080668
decod24-v1_41
original 0 85 142 92 57 3.000000 0.510000 1.526596
4mod5-v0_20
original 2 20 29 18 9 3.000000 0.510000 38.612448
alu-v4_37
original 1 37 64 44 27 3.000000 0.510000 3.972243
urf3_155
improve 0 423488 749683 447665 326157 3.000000 0.510000 33.942025
misex1_241
original 0 4813 8755 5256 3942 3.000000 0.510000 9.651261
alu-v0_27
original 89 36 60 36 24 3.000000 0.510000 3.919256
4mod5-v1_24
original 2 36 63 39 27 3.000000 0.510000 38.265508
4mod7-v1_96
improve 1 164 275 178 111 3.000000 0.510000 22.861850
cm82a_208
improve 20 650 1118 620 468 3.000000 0.510000 1.326941
ham15_107
original 21 8763 15780 9338 7017 3.000000 0.510000 1042.462834
0example
original 3 9 18 13 9 3.000000 0.510000 14.565611
dc1_220
improve 0 1914 3369 1978 1455 3.000000 0.510000 0.111174
4gt4-v1_74
original 0 273 474 283 201 3.000000 0.510000 0.019570
rd32-v1_68
original 0 36 54 33 18 3.000000 0.510000 13.201034
decod24-v0_38
original 51 51 84 53 33 3.000000 0.510000 10.089316
sym6_316
improve 0 270 528 297 258 3.000000 0.510000 0.023355
alu-v0_26
original 1 84 141 87 57 3.000000 0.510000 4.042107
clip_206
original 0 33827 61874 35109 28047 3.000000 0.510000 13.548887
4mod5-v0_18
original 8 69 114 68 45 3.000000 0.510000 4.989194
cm85a_209
improve 0 11414 21173 12962 9756 3.000000 0.510000 1.696502
alu-v4_36
original 34 115 193 121 78 3.000000 0.510000 32.265733
one-two-three-v0_97
original 13 290 479 290 189 3.000000 0.510000 2.198387
4gt13_90
original 13 107 179 113 72 3.000000 0.510000 0.734623
mod5d2_64
original 7 53 89 58 36 3.000000 0.510000 5.870341
ground_state_estimation_10
improve 0 390180 462600 223530 72420 3.000000 0.510000 11.790023
C17_204
original 0 467 800 474 333 3.000000 0.510000 0.129329
4gt13_92
original 7 66 111 65 45 3.000000 0.510000 50.635501
rd53_130
improve 0 1043 1796 1077 753 3.000000 0.510000 0.062958
alu-v3_34
original 98 52 82 49 30 3.000000 0.510000 2.699612
decod24-bdd_294
original 0 73 118 72 45 3.000000 0.510000 0.007480
4gt5_76
original 1 91 154 94 63 3.000000 0.510000 2.028741
sym9_146
original 21 328 580 267 252 3.000000 0.510000 3.213342
4mod5-v1_22
original 2 21 33 22 12 3.000000 0.510000 5.258554
rd32_270
original 1 84 135 81 51 3.000000 0.510000 2.982746
hwb4_49
original 0 233 392 250 159 3.000000 0.510000 1.472237
urf5_280
improve 0 49829 91220 56045 41358 3.000000 0.510000 10.188566
4gt5_77
original 1 131 215 130 84 3.000000 0.510000 39.180628
rd84_253
improve 0 13658 25085 14553 11418 3.000000 0.510000 5.112183
4_49_16
improve 5 217 367 235 150 3.000000 0.510000 3.194539
qft_10
improve 0 200 260 72 60 3.000000 0.510000 0.111499
4mod5-bdd_287
original 47 70 118 77 48 3.000000 0.510000 0.211311
qft_16
improve 0 512 937 248 261 3.000000 0.510000 27.160517
urf1_149
original 0 184864 327091 190764 142227 3.000000 0.510000 13.111616
urf5_158
improve 0 164416 286537 167628 122121 3.000000 0.510000 9.974544
urf3_279
improve 0 125362 237659 144921 112233 3.000000 0.510000 24.104219
4gt12-v0_86
improve 0 251 428 264 177 3.000000 0.510000 0.048728
4gt4-v0_73
original 9 395 662 399 267 3.000000 0.510000 1.143626
alu-v1_29
original 89 37 61 36 24 3.000000 0.510000 3.756820
alu-bdd_288
original 5 84 144 88 60 3.000000 0.510000 0.653732
decod24-v2_43
original 1 52 85 54 33 3.000000 0.510000 3.297305
mod8-10_178
original 11 342 576 349 234 3.000000 0.510000 0.620059
one-two-three-v0_98
original 66 146 242 146 96 3.000000 0.510000 54.109138
4gt4-v0_78
original 6 235 397 250 162 3.000000 0.510000 0.404293
4mod5-v0_19
original 2 35 59 38 24 3.000000 0.510000 5.412646
alu-v2_30
improve 0 504 864 515 360 3.000000 0.510000 0.029780
alu-v3_35
original 1 37 61 36 24 3.000000 0.510000 1.904772
dist_223
improve 0 38046 69687 39427 31611 3.000000 0.510000 7.359966
4gt4-v0_79
original 6 231 387 239 156 3.000000 0.510000 0.407820
hwb8_113
original 0 69380 122378 71813 52998 3.000000 0.510000 8.802713
ex3_229
original 1 403 670 407 267 3.000000 0.510000 0.770462
xor5_254
original 0 7 16 11 9 3.000000 0.510000 0.001425
f2_232
original 8 1206 2040 1216 834 3.000000 0.510000 2.271753
time:9048.813801