rd53_138
original 28 132 219 105 87 8.000000 0.651000 2.798312
4gt13-v1_93
original 12 68 113 65 45 8.000000 0.651000 13.388424
mod5mils_65
original 0 35 59 36 24 8.000000 0.651000 4.348494
mod5d1_63
original 2 22 37 26 15 8.000000 0.651000 21.017813
sym10_262
original 0 64283 115511 66418 51228 8.000000 0.651000 10.808836
aj-e11_165
original 1 151 244 150 93 8.000000 0.651000 2.183149
hwb9_119
improve 0 207775 364702 214504 156894 8.000000 0.651000 20.140497
4gt11_83
original 1 23 35 26 12 8.000000 0.651000 4.390924
cm42a_207
improve 6 1776 3009 1671 1233 8.000000 0.651000 10.943215
4gt4-v0_72
original 0 258 435 242 177 8.000000 0.651000 0.021432
max46_240
improve 0 27126 47418 26956 20289 8.000000 0.651000 2.351484
dc2_222
original 21 9462 16662 9665 7200 8.000000 0.651000 223.508431
sym9_193
original 0 34881 61950 35514 27069 8.000000 0.651000 11.257056
rd53_135
original 0 296 515 291 219 8.000000 0.651000 0.031838
mod10_171
original 0 244 409 254 165 8.000000 0.651000 12.770579
ising_model_13
original 0 633 705 143 72 8.000000 0.651000 0.920927
adr4_197
original 36 3439 6034 3376 2595 8.000000 0.651000 152.550568
4gt11_84
original 1 18 30 20 12 8.000000 0.651000 4.778076
4gt11_82
original 7 27 42 33 15 8.000000 0.651000 3.170495
wim_266
original 2 986 1694 934 708 8.000000 0.651000 8.037998
rd53_131
original 0 469 814 484 345 8.000000 0.651000 0.543872
mod8-10_177
original 14 440 725 452 285 8.000000 0.651000 0.771122
4gt10-v1_81
original 10 148 244 154 96 8.000000 0.651000 1.071455
alu-v1_28
original 41 37 61 39 24 8.000000 0.651000 25.279074
cnt3-5_179
original 13 175 316 125 141 8.000000 0.651000 4.684637
square_root_7
original 0 7630 13624 7272 5994 8.000000 0.651000 3.596270
one-two-three-v1_99
original 8 132 225 148 93 8.000000 0.651000 222.264606
mini_alu_305
improve 7 173 287 139 114 8.000000 0.651000 1.290374
rd53_311
original 0 275 512 266 237 8.000000 0.651000 0.038203
3_17_13
original 0 36 60 41 24 8.000000 0.651000 73.549943
rd73_252
original 0 5321 9287 5283 3966 8.000000 0.651000 0.380257
4gt4-v0_80
original 21 179 305 189 126 8.000000 0.651000 0.343942
hwb7_59
original 0 24379 41941 24348 17562 8.000000 0.651000 2.990958
ham3_102
original 7 20 35 21 15 8.000000 0.651000 73.323178
cnt3-5_180
original 0 485 836 388 351 8.000000 0.651000 14.643888
rd53_133
original 0 580 988 593 408 8.000000 0.651000 0.058570
4mod7-v0_94
original 8 162 267 163 105 8.000000 0.651000 3.844759
plus63mod4096_163
improve 0 128744 230165 138701 101349 8.000000 0.651000 27.034006
mini-alu_167
original 13 288 480 295 192 8.000000 0.651000 5.955081
root_255
improve 0 17159 30626 17083 13446 8.000000 0.651000 5.746145
z4_268
original 12 3073 5320 3021 2247 8.000000 0.651000 29.857796
majority_239
original 4 612 1002 603 390 8.000000 0.651000 1.082990
ex2_227
improve 0 631 1069 642 438 8.000000 0.651000 0.042143
urf2_277
improve 0 20112 37521 23639 17409 8.000000 0.651000 1.878369
one-two-three-v3_101
original 17 70 118 77 48 8.000000 0.651000 28.665712
4gt13_91
original 6 103 172 111 69 8.000000 0.651000 0.780286
4gt12-v1_89
original 46 228 381 233 153 8.000000 0.651000 0.649859
sqrt8_260
improve 13 3009 5268 3122 2259 8.000000 0.651000 54.921830
rd32-v0_66
original 0 34 52 33 18 8.000000 0.651000 16.837901
sym9_148
improve 0 21504 38556 23423 17031 8.000000 0.651000 5.547852
4gt5_75
original 1 83 140 84 57 8.000000 0.651000 3.536018
0410184_169
original 37 211 346 184 135 8.000000 0.651000 285.348995
urf2_152
original 0 80480 138941 81973 58461 8.000000 0.651000 4.967083
urf1_278
improve 0 54766 101338 63190 46545 8.000000 0.651000 11.761212
sym6_145
original 0 3888 6645 4061 2757 8.000000 0.651000 0.235523
alu-v2_32
original 1 163 277 168 114 8.000000 0.651000 10.266955
4gt12-v0_88
original 11 194 320 192 126 8.000000 0.651000 0.332583
squar5_261
original 2 1993 3454 1973 1461 8.000000 0.651000 10.280722
alu-v2_31
original 12 451 730 437 279 8.000000 0.651000 8.354234
hwb5_53
original 0 1336 2296 1416 960 8.000000 0.651000 0.074155
one-two-three-v2_100
original 13 69 117 77 48 8.000000 0.651000 42.217450
cycle10_2_110
original 0 6050 10628 6218 4578 8.000000 0.651000 0.405201
urf6_160
improve 0 171840 310533 179488 138654 8.000000 0.651000 23.930997
ising_model_10
original 0 480 606 110 126 8.000000 0.651000 0.999685
sys6-v0_111
original 14 215 368 141 153 8.000000 0.651000 1.625921
plus63mod8192_164
improve 0 187112 340781 209503 153387 8.000000 0.651000 81.402135
mod5adder_127
original 0 555 966 586 411 8.000000 0.651000 0.093243
rd73_140
original 28 230 389 177 159 8.000000 0.651000 4.989255
4mod5-v1_23
original 1 69 126 84 57 8.000000 0.651000 6.097872
graycode6_47
original 0 5 29 13 24 8.000000 0.651000 0.017023
ising_model_16
improve 0 786 1074 171 288 8.000000 0.651000 2.566616
ham7_104
original 26 320 557 348 237 8.000000 0.651000 0.658533
ex-1_166
original 0 19 31 21 12 8.000000 0.651000 30.471156
decod24-v3_45
original 8 150 243 143 93 8.000000 0.651000 38.101867
urf4_187
improve 0 512064 897831 498799 385710 8.000000 0.651000 47.639037
life_238
improve 0 22445 39650 23175 17205 8.000000 0.651000 1.764885
con1_216
original 0 954 1647 939 693 8.000000 0.651000 0.062643
hwb6_56
original 0 6723 11625 6882 4902 8.000000 0.651000 0.386141
mod10_176
original 14 178 280 171 102 8.000000 0.651000 17.290547
ex1_226
original 0 7 13 9 6 8.000000 0.651000 0.001393
sf_276
original 23 778 1309 786 531 8.000000 0.651000 2.018345
cm152a_212
original 0 1221 2136 1247 915 8.000000 0.651000 1.445543
4gt12-v0_87
original 0 247 424 257 177 8.000000 0.651000 0.020136
decod24-enable_126
original 6 338 581 358 243 8.000000 0.651000 0.579993
radd_250
improve 0 3213 5703 3335 2490 8.000000 0.651000 0.267971
pm1_249
improve 6 1776 3009 1671 1233 8.000000 0.651000 10.980613
sf_274
original 48 781 1324 788 543 8.000000 0.651000 2.044803
miller_11
original 109 50 83 53 33 8.000000 0.651000 12.450399
rd53_251
original 0 1291 2248 1325 957 8.000000 0.651000 0.085525
mlp4_245
improve 50 18852 33266 19053 14391 8.000000 0.651000 605.997540
9symml_195
original 0 34881 61950 35514 27069 8.000000 0.651000 11.244810
rd84_142
original 47 343 589 222 246 8.000000 0.651000 26.371772
inc_237
original 4 10619 18449 10497 7830 8.000000 0.651000 48.056787
sqn_258
improve 0 10223 17831 10220 7599 8.000000 0.651000 2.583762
alu-v2_33
original 95 37 58 37 21 8.000000 0.651000 27.553217
sao2_257
improve 0 38577 69901 39836 31227 8.000000 0.651000 23.502728
co14_215
improve 0 17936 33183 17293 15210 8.000000 0.651000 11.434071
decod24-v1_41
original 17 85 142 90 57 8.000000 0.651000 3.695345
4mod5-v0_20
original 2 20 29 18 9 8.000000 0.651000 41.039196
alu-v4_37
original 5 37 61 40 24 8.000000 0.651000 4.255559
urf3_155
improve 0 423488 743308 442668 319794 8.000000 0.651000 22.062764
misex1_241
original 0 4813 8407 4930 3594 8.000000 0.651000 4.166327
alu-v0_27
original 14 36 60 40 24 8.000000 0.651000 3.627396
4mod5-v1_24
original 2 36 63 40 27 8.000000 0.651000 42.435325
4mod7-v1_96
original 32 164 272 165 108 8.000000 0.651000 13.545445
cm82a_208
original 2 650 1088 600 438 8.000000 0.651000 1.509489
ham15_107
improve 11 8763 15327 8892 6564 8.000000 0.651000 328.175116
0example
original 3 9 18 13 9 8.000000 0.651000 15.155112
dc1_220
original 0 1914 3375 1862 1461 8.000000 0.651000 0.143358
4gt4-v1_74
original 0 273 480 300 207 8.000000 0.651000 0.024873
rd32-v1_68
original 0 36 54 33 18 8.000000 0.651000 16.332040
decod24-v0_38
original 99 51 84 56 33 8.000000 0.651000 7.769848
sym6_316
original 0 270 507 277 237 8.000000 0.651000 0.028802
alu-v0_26
original 33 84 135 80 51 8.000000 0.651000 1.350230
clip_206
original 0 33827 60251 33743 26424 8.000000 0.651000 13.091954
4mod5-v0_18
original 34 69 114 73 45 8.000000 0.651000 6.126248
cm85a_209
original 0 11414 20219 11907 8805 8.000000 0.651000 2.822566
alu-v4_36
original 9 115 190 120 75 8.000000 0.651000 30.678403
one-two-three-v0_97
original 1 290 488 307 198 8.000000 0.651000 2.189954
4gt13_90
original 6 107 179 117 72 8.000000 0.651000 0.790785
mod5d2_64
original 95 53 89 61 36 8.000000 0.651000 6.062593
ground_state_estimation_10
improve 0 390180 445815 205149 55635 8.000000 0.651000 12.603102
C17_204
improve 0 467 818 499 351 8.000000 0.651000 0.149905
4gt13_92
original 7 66 108 70 42 8.000000 0.651000 23.487976
rd53_130
improve 0 1043 1784 1076 741 8.000000 0.651000 0.067267
alu-v3_34
original 32 52 85 52 33 8.000000 0.651000 3.038593
decod24-bdd_294
original 0 73 118 73 45 8.000000 0.651000 0.004304
4gt5_76
original 1 91 148 90 57 8.000000 0.651000 2.128155
sym9_146
original 3 328 568 258 240 8.000000 0.651000 29.480866
4mod5-v1_22
original 2 21 33 22 12 8.000000 0.651000 5.555577
rd32_270
original 2 84 138 84 54 8.000000 0.651000 3.501194
hwb4_49
original 40 233 374 227 141 8.000000 0.651000 1.463620
urf5_280
original 0 49829 90503 54507 40674 8.000000 0.651000 4.033860
4gt5_77
original 1 131 221 144 90 8.000000 0.651000 47.185530
rd84_253
improve 0 13658 24449 13836 10785 8.000000 0.651000 3.011105
4_49_16
original 32 217 367 225 150 8.000000 0.651000 2.865256
qft_10
original 0 200 287 88 87 8.000000 0.651000 0.100610
4mod5-bdd_287
original 2 70 118 77 48 8.000000 0.651000 0.228507
qft_16
improve 0 512 896 253 306 8.000000 0.651000 21.089290
urf1_149
original 0 184864 326191 189889 141327 8.000000 0.651000 12.384947
urf5_158
original 0 164416 283807 165121 119391 8.000000 0.651000 10.463524
urf3_279
original 0 125362 233893 140557 108531 8.000000 0.651000 32.792062
4gt12-v0_86
original 0 251 431 265 180 8.000000 0.651000 0.052776
4gt4-v0_73
original 0 395 671 419 276 8.000000 0.651000 0.692681
alu-v1_29
original 14 37 61 40 24 8.000000 0.651000 3.786651
alu-bdd_288
original 2 84 147 94 63 8.000000 0.651000 0.699870
decod24-v2_43
original 1 52 85 55 33 8.000000 0.651000 3.894899
mod8-10_178
original 31 342 561 342 219 8.000000 0.651000 0.629611
one-two-three-v0_98
original 40 146 242 145 96 8.000000 0.651000 50.599319
4gt4-v0_78
original 9 235 397 246 162 8.000000 0.651000 0.433281
4mod5-v0_19
original 2 35 59 38 24 8.000000 0.651000 5.647785
alu-v2_30
original 0 504 870 527 366 8.000000 0.651000 0.033816
alu-v3_35
original 1 37 64 40 27 8.000000 0.651000 2.024425
dist_223
improve 0 38046 67902 37927 29823 8.000000 0.651000 11.645156
4gt4-v0_79
original 9 231 390 240 159 8.000000 0.651000 0.416330
hwb8_113
improve 0 69380 119549 71643 50169 8.000000 0.651000 4.210545
ex3_229
improve 2 403 673 407 270 8.000000 0.651000 0.862154
xor5_254
original 0 7 13 9 6 8.000000 0.651000 0.001426
f2_232
original 12 1206 2016 1190 810 8.000000 0.651000 4.446184
time:6876.526707