rd53_138
original 21 132 216 99 84 7.000000 0.801000 0.537574
4gt13-v1_93
original 17 68 104 62 36 7.000000 0.801000 13.201115
mod5mils_65
original 0 35 59 36 24 7.000000 0.801000 4.464395
mod5d1_63
original 2 22 37 26 15 7.000000 0.801000 19.837837
sym10_262
improve 0 64283 114139 67091 49815 7.000000 0.801000 19.412971
aj-e11_165
original 1 151 250 159 99 7.000000 0.801000 2.410430
hwb9_119
improve 0 207775 363372 217556 155547 7.000000 0.801000 25.427526
4gt11_83
original 1 23 35 26 12 7.000000 0.801000 13.116889
cm42a_207
improve 6 1776 3024 1720 1248 7.000000 0.801000 17.369108
4gt4-v0_72
original 0 258 438 249 180 7.000000 0.801000 0.019954
max46_240
improve 0 27126 47460 27293 20322 7.000000 0.801000 4.024886
dc2_222
original 53 9462 16539 9878 7077 7.000000 0.801000 193.583718
sym9_193
original 0 34881 61944 36332 27063 7.000000 0.801000 3.857644
rd53_135
improve 0 296 530 318 234 7.000000 0.801000 0.027493
mod10_171
original 11 244 406 253 162 7.000000 0.801000 12.539831
ising_model_13
improve 0 633 789 120 156 7.000000 0.801000 2.560723
adr4_197
original 12 3439 6031 3438 2592 7.000000 0.801000 67.375871
4gt11_84
original 13 18 30 18 12 7.000000 0.801000 4.539827
4gt11_82
original 2 27 45 34 18 7.000000 0.801000 3.067512
wim_266
original 37 986 1676 956 690 7.000000 0.801000 25.052552
rd53_131
original 0 469 796 488 327 7.000000 0.801000 0.032508
mod8-10_177
improve 10 440 740 441 300 7.000000 0.801000 0.701022
4gt10-v1_81
original 11 148 244 154 96 7.000000 0.801000 0.943304
alu-v1_28
original 17 37 61 40 24 7.000000 0.801000 26.874368
cnt3-5_179
original 14 175 316 121 141 7.000000 0.801000 4.416948
square_root_7
original 0 7630 13579 7186 5949 7.000000 0.801000 3.624804
one-two-three-v1_99
original 32 132 225 144 93 7.000000 0.801000 213.495164
mini_alu_305
improve 0 173 287 131 114 7.000000 0.801000 0.485678
rd53_311
improve 0 275 500 255 225 7.000000 0.801000 0.036637
3_17_13
original 0 36 57 38 21 7.000000 0.801000 71.866109
rd73_252
original 0 5321 9335 5346 4014 7.000000 0.801000 0.449797
4gt4-v0_80
original 3 179 305 184 126 7.000000 0.801000 0.330720
hwb7_59
original 0 24379 41755 24455 17376 7.000000 0.801000 1.415929
ham3_102
original 7 20 35 21 15 7.000000 0.801000 73.510145
cnt3-5_180
original 19 485 830 403 345 7.000000 0.801000 14.555571
rd53_133
improve 0 580 1015 663 435 7.000000 0.801000 0.074368
4mod7-v0_94
original 32 162 264 163 102 7.000000 0.801000 3.720073
plus63mod4096_163
improve 0 128744 230442 140420 101637 7.000000 0.801000 27.751654
mini-alu_167
original 40 288 483 284 195 7.000000 0.801000 5.404355
root_255
original 0 17159 30470 16859 13311 7.000000 0.801000 3.614102
z4_268
improve 12 3073 5320 3051 2247 7.000000 0.801000 49.905266
majority_239
original 4 612 1035 613 423 7.000000 0.801000 1.038562
ex2_227
original 0 631 1069 656 438 7.000000 0.801000 0.042037
urf2_277
improve 0 20112 37119 24178 17007 7.000000 0.801000 1.690357
one-two-three-v3_101
original 17 70 118 74 48 7.000000 0.801000 28.143876
4gt13_91
original 13 103 169 104 66 7.000000 0.801000 0.801728
4gt12-v1_89
original 1 228 372 229 144 7.000000 0.801000 0.572905
sqrt8_260
improve 33 3009 5271 3071 2262 7.000000 0.801000 25.259729
rd32-v0_66
original 0 34 52 33 18 7.000000 0.801000 16.436329
sym9_148
improve 0 21504 37686 22944 16182 7.000000 0.801000 2.094371
4gt5_75
original 8 83 137 83 54 7.000000 0.801000 3.399080
0410184_169
original 53 211 358 186 147 7.000000 0.801000 291.472746
urf2_152
improve 0 80480 137615 82865 57135 7.000000 0.801000 4.878479
urf1_278
improve 0 54766 99676 61763 44877 7.000000 0.801000 10.791857
sym6_145
improve 0 3888 6576 4134 2688 7.000000 0.801000 0.227451
alu-v2_32
original 1 163 268 164 105 7.000000 0.801000 6.106342
4gt12-v0_88
original 3 194 323 190 129 7.000000 0.801000 0.346392
squar5_261
improve 34 1993 3463 1888 1470 7.000000 0.801000 10.521242
alu-v2_31
original 32 451 739 438 288 7.000000 0.801000 8.288371
hwb5_53
improve 0 1336 2251 1403 915 7.000000 0.801000 0.075277
one-two-three-v2_100
original 20 69 114 71 45 7.000000 0.801000 38.969137
cycle10_2_110
improve 0 6050 10610 6338 4560 7.000000 0.801000 0.467419
urf6_160
improve 0 171840 308458 178699 136581 7.000000 0.801000 30.701894
ising_model_10
original 0 480 597 110 117 7.000000 0.801000 0.443646
sys6-v0_111
original 28 215 362 147 147 7.000000 0.801000 1.203779
plus63mod8192_164
improve 0 187112 340936 211135 153702 7.000000 0.801000 36.073579
mod5adder_127
original 0 555 954 590 399 7.000000 0.801000 0.086192
rd73_140
original 28 230 383 192 153 7.000000 0.801000 24.716643
4mod5-v1_23
original 6 69 120 79 51 7.000000 0.801000 3.583256
graycode6_47
original 0 5 29 13 24 7.000000 0.801000 0.018031
ising_model_16
improve 0 786 1128 194 324 7.000000 0.801000 7.389525
ham7_104
improve 6 320 551 343 231 7.000000 0.801000 0.693041
ex-1_166
original 0 19 31 21 12 7.000000 0.801000 30.024379
decod24-v3_45
original 8 150 234 136 84 7.000000 0.801000 87.631045
urf4_187
improve 0 512064 893271 521841 381174 7.000000 0.801000 42.153003
life_238
original 0 22445 39692 23531 17247 7.000000 0.801000 2.509336
con1_216
original 0 954 1644 938 690 7.000000 0.801000 0.074548
hwb6_56
original 0 6723 11562 6867 4839 7.000000 0.801000 0.389537
mod10_176
original 5 178 289 175 111 7.000000 0.801000 8.211088
ex1_226
original 0 7 13 9 6 7.000000 0.801000 0.001759
sf_276
original 2 778 1285 804 507 7.000000 0.801000 1.986771
cm152a_212
original 0 1221 2145 1291 924 7.000000 0.801000 0.872459
4gt12-v0_87
original 0 247 415 241 168 7.000000 0.801000 0.017559
decod24-enable_126
improve 9 338 581 372 243 7.000000 0.801000 0.578737
radd_250
improve 0 3213 5745 3390 2532 7.000000 0.801000 0.239943
pm1_249
improve 6 1776 3024 1720 1248 7.000000 0.801000 17.323634
sf_274
improve 47 781 1291 802 510 7.000000 0.801000 1.925364
miller_11
original 0 50 86 59 36 7.000000 0.801000 12.257471
rd53_251
improve 0 1291 2260 1428 969 7.000000 0.801000 0.074818
mlp4_245
improve 35 18852 33537 19976 14640 7.000000 0.801000 495.029520
9symml_195
original 0 34881 61944 36332 27063 7.000000 0.801000 3.848852
rd84_142
original 46 343 586 229 243 7.000000 0.801000 81.435186
inc_237
improve 1 10619 18407 10881 7788 7.000000 0.801000 208.284423
sqn_258
original 0 10223 17822 10243 7599 7.000000 0.801000 3.505980
alu-v2_33
original 95 37 58 37 21 7.000000 0.801000 25.031841
sao2_257
original 0 38577 69669 38419 31092 7.000000 0.801000 7.190839
co14_215
original 0 17936 33029 17096 15093 7.000000 0.801000 20.543322
decod24-v1_41
original 17 85 136 83 51 7.000000 0.801000 3.993257
4mod5-v0_20
original 2 20 29 18 9 7.000000 0.801000 39.582833
alu-v4_37
original 3 37 61 40 24 7.000000 0.801000 3.754006
urf3_155
improve 0 423488 732810 438793 309294 7.000000 0.801000 32.434645
misex1_241
improve 0 4813 8608 5214 3795 7.000000 0.801000 0.401605
alu-v0_27
original 14 36 60 40 24 7.000000 0.801000 3.654410
4mod5-v1_24
original 2 36 63 39 27 7.000000 0.801000 39.649563
4mod7-v1_96
original 1 164 263 156 99 7.000000 0.801000 13.484251
cm82a_208
improve 0 650 1103 642 453 7.000000 0.801000 1.450945
ham15_107
improve 20 8763 15540 9022 6651 7.000000 0.801000 386.620707
0example
original 3 9 18 13 9 7.000000 0.801000 14.801781
dc1_220
improve 0 1914 3327 1898 1413 7.000000 0.801000 0.128088
4gt4-v1_74
original 0 273 450 273 177 7.000000 0.801000 0.019077
rd32-v1_68
original 0 36 54 33 18 7.000000 0.801000 16.148867
decod24-v0_38
original 1 51 84 55 33 7.000000 0.801000 7.495584
sym6_316
improve 0 270 507 268 237 7.000000 0.801000 0.027819
alu-v0_26
original 1 84 138 89 54 7.000000 0.801000 1.136145
clip_206
improve 0 33827 60198 34854 26367 7.000000 0.801000 3.803869
4mod5-v0_18
original 2 69 111 67 42 7.000000 0.801000 3.609472
cm85a_209
improve 0 11414 20243 12249 8829 7.000000 0.801000 0.805200
alu-v4_36
original 8 115 193 111 78 7.000000 0.801000 30.543515
one-two-three-v0_97
original 13 290 476 281 186 7.000000 0.801000 1.948693
4gt13_90
original 13 107 173 107 66 7.000000 0.801000 0.749618
mod5d2_64
original 95 53 89 61 36 7.000000 0.801000 5.347602
ground_state_estimation_10
improve 0 390180 458721 214465 68541 7.000000 0.801000 12.734104
C17_204
improve 0 467 830 504 363 7.000000 0.801000 0.140560
4gt13_92
original 41 66 111 65 45 7.000000 0.801000 22.650889
rd53_130
original 0 1043 1754 1026 711 7.000000 0.801000 0.070597
alu-v3_34
original 32 52 85 52 33 7.000000 0.801000 2.986760
decod24-bdd_294
original 0 73 115 70 42 7.000000 0.801000 0.007504
4gt5_76
original 34 91 148 93 57 7.000000 0.801000 2.069902
sym9_146
original 3 328 571 253 243 7.000000 0.801000 206.987182
4mod5-v1_22
original 2 21 33 22 12 7.000000 0.801000 5.294376
rd32_270
original 13 84 138 88 54 7.000000 0.801000 3.404524
hwb4_49
original 0 233 383 242 150 7.000000 0.801000 1.458296
urf5_280
original 0 49829 89333 53717 39504 7.000000 0.801000 14.659523
4gt5_77
original 8 131 221 134 90 7.000000 0.801000 96.422886
rd84_253
improve 0 13658 24445 14028 10767 7.000000 0.801000 7.967276
4_49_16
original 5 217 367 235 150 7.000000 0.801000 2.352127
qft_10
original 0 200 266 69 66 7.000000 0.801000 0.178212
4mod5-bdd_287
original 1 70 118 77 48 7.000000 0.801000 0.213597
qft_16
original 0 512 767 181 255 7.000000 0.801000 1.340644
urf1_149
improve 0 184864 320068 190728 135204 7.000000 0.801000 11.587158
urf5_158
improve 0 164416 284677 169999 120255 7.000000 0.801000 8.501020
urf3_279
improve 0 125362 231804 141699 106371 7.000000 0.801000 29.701623
4gt12-v0_86
original 0 251 422 251 171 7.000000 0.801000 0.050317
4gt4-v0_73
original 15 395 656 398 261 7.000000 0.801000 0.705725
alu-v1_29
original 14 37 61 40 24 7.000000 0.801000 3.664150
alu-bdd_288
original 5 84 144 90 60 7.000000 0.801000 0.709681
decod24-v2_43
original 1 52 85 54 33 7.000000 0.801000 12.434974
mod8-10_178
original 11 342 570 338 228 7.000000 0.801000 0.599717
one-two-three-v0_98
original 40 146 239 146 93 7.000000 0.801000 54.785916
4gt4-v0_78
original 0 235 400 254 165 7.000000 0.801000 0.428766
4mod5-v0_19
original 2 35 59 39 24 7.000000 0.801000 5.451167
alu-v2_30
original 0 504 870 540 366 7.000000 0.801000 0.033323
alu-v3_35
original 3 37 61 40 24 7.000000 0.801000 1.994476
dist_223
improve 0 38046 67576 38123 29517 7.000000 0.801000 6.866193
4gt4-v0_79
original 0 231 390 245 159 7.000000 0.801000 0.428706
hwb8_113
original 0 69380 119117 70466 49737 7.000000 0.801000 4.788791
ex3_229
original 0 403 673 408 270 7.000000 0.801000 0.774478
xor5_254
original 0 7 13 9 6 7.000000 0.801000 0.001878
f2_232
original 1 1206 2013 1219 807 7.000000 0.801000 2.240499
time:3735.567576