rd53_138
improve 1 132 222 116 90 4.000000 0.150100 0.907642
4gt13-v1_93
original 17 68 110 68 42 4.000000 0.150100 12.916672
mod5mils_65
original 0 35 59 35 24 4.000000 0.150100 3.979149
mod5d1_63
original 2 22 37 26 15 4.000000 0.150100 20.146152
sym10_262
improve 0 64283 116744 69221 52458 4.000000 0.150100 5.484612
aj-e11_165
original 1 151 253 162 102 4.000000 0.150100 2.210083
hwb9_119
improve 0 207775 369387 222292 161511 4.000000 0.150100 29.456950
4gt11_83
original 1 23 35 26 12 4.000000 0.150100 3.688195
cm42a_207
improve 18 1776 3060 1745 1284 4.000000 0.150100 7.215050
4gt4-v0_72
improve 0 258 453 263 195 4.000000 0.150100 0.019084
max46_240
improve 0 27126 48702 28552 21576 4.000000 0.150100 1.886081
dc2_222
original 43 9462 16857 9987 7395 4.000000 0.150100 126.804692
sym9_193
original 0 34881 63129 37320 28248 4.000000 0.150100 5.105701
rd53_135
original 0 296 524 303 228 4.000000 0.150100 0.030503
mod10_171
original 5 244 415 258 171 4.000000 0.150100 12.231895
ising_model_13
original 0 633 741 143 108 4.000000 0.150100 5.385262
adr4_197
original 27 3439 6142 3470 2703 4.000000 0.150100 44.559953
4gt11_84
original 179 18 30 18 12 4.000000 0.150100 4.197047
4gt11_82
original 8 27 42 33 15 4.000000 0.150100 4.698840
wim_266
improve 41 986 1704 961 711 4.000000 0.150100 36.088067
rd53_131
original 0 469 778 443 309 4.000000 0.150100 0.030041
mod8-10_177
improve 4 440 734 467 294 4.000000 0.150100 0.732595
4gt10-v1_81
original 63 148 247 158 99 4.000000 0.150100 1.144712
alu-v1_28
original 1 37 64 42 27 4.000000 0.150100 31.944239
cnt3-5_179
improve 13 175 319 140 144 4.000000 0.150100 5.428048
square_root_7
improve 0 7630 14207 8154 6537 4.000000 0.150100 16.607490
one-two-three-v1_99
original 34 132 219 137 87 4.000000 0.150100 358.438603
mini_alu_305
original 9 173 302 152 129 4.000000 0.150100 0.785126
rd53_311
original 0 275 518 240 243 4.000000 0.150100 0.046871
3_17_13
original 117 36 57 37 21 4.000000 0.150100 67.470925
rd73_252
original 0 5321 9575 5542 4254 4.000000 0.150100 0.362748
4gt4-v0_80
original 1 179 305 186 126 4.000000 0.150100 0.318852
hwb7_59
improve 0 24379 42583 26420 18204 4.000000 0.150100 1.393923
ham3_102
original 1 20 35 21 15 4.000000 0.150100 67.357719
cnt3-5_180
original 19 485 839 407 354 4.000000 0.150100 10.323269
rd53_133
original 0 580 1003 598 423 4.000000 0.150100 0.035496
4mod7-v0_94
original 1 162 270 169 108 4.000000 0.150100 3.845801
plus63mod4096_163
original 0 128744 235316 141174 106572 4.000000 0.150100 26.189714
mini-alu_167
original 1 288 486 298 198 4.000000 0.150100 10.020102
root_255
improve 0 17159 31135 17674 13965 4.000000 0.150100 4.372227
z4_268
original 1 3073 5440 3103 2367 4.000000 0.150100 23.500174
majority_239
improve 33 612 1029 623 417 4.000000 0.150100 1.124731
ex2_227
improve 0 631 1105 683 474 4.000000 0.150100 0.045056
urf2_277
improve 0 20112 37668 23599 17550 4.000000 0.150100 3.057077
one-two-three-v3_101
original 17 70 118 75 48 4.000000 0.150100 36.421692
4gt13_91
original 10 103 169 105 66 4.000000 0.150100 0.738130
4gt12-v1_89
original 2 228 375 220 147 4.000000 0.150100 0.590797
sqrt8_260
original 3 3009 5355 3155 2346 4.000000 0.150100 35.111077
rd32-v0_66
original 0 34 52 33 18 4.000000 0.150100 13.100385
sym9_148
improve 0 21504 38339 23521 16803 4.000000 0.150100 8.209450
4gt5_75
original 32 83 137 84 54 4.000000 0.150100 3.482573
0410184_169
original 37 211 349 179 138 4.000000 0.150100 582.400890
urf2_152
original 0 80480 140012 82484 59532 4.000000 0.150100 7.702160
urf1_278
original 0 54766 101632 62025 46866 4.000000 0.150100 9.388157
sym6_145
original 0 3888 6750 4087 2862 4.000000 0.150100 0.221453
alu-v2_32
original 63 163 277 166 114 4.000000 0.150100 4.313863
4gt12-v0_88
original 3 194 326 203 132 4.000000 0.150100 0.312943
squar5_261
original 50 1993 3490 1953 1497 4.000000 0.150100 7.951783
alu-v2_31
original 78 451 733 437 282 4.000000 0.150100 8.008818
hwb5_53
original 0 1336 2293 1393 957 4.000000 0.150100 0.072250
one-two-three-v2_100
original 94 69 117 76 48 4.000000 0.150100 40.468284
cycle10_2_110
improve 0 6050 10799 6582 4749 4.000000 0.150100 0.450997
urf6_160
original 0 171840 315036 178411 143196 4.000000 0.150100 29.105236
ising_model_10
improve 0 480 639 111 159 4.000000 0.150100 1.022646
sys6-v0_111
improve 41 215 371 163 156 4.000000 0.150100 2.574810
plus63mod8192_164
improve 0 187112 344547 215749 157344 4.000000 0.150100 37.091584
mod5adder_127
improve 0 555 963 586 408 4.000000 0.150100 0.084953
rd73_140
original 14 230 389 181 159 4.000000 0.150100 1.501386
4mod5-v1_23
original 2 69 126 80 57 4.000000 0.150100 5.925689
graycode6_47
original 0 5 29 13 24 4.000000 0.150100 0.019523
ising_model_16
improve 0 786 1137 248 291 4.000000 0.150100 53.109765
ham7_104
improve 6 320 554 342 234 4.000000 0.150100 0.677669
ex-1_166
original 0 19 31 21 12 4.000000 0.150100 27.350372
decod24-v3_45
original 61 150 246 144 96 4.000000 0.150100 43.911662
urf4_187
improve 0 512064 899850 509454 387741 4.000000 0.150100 44.295209
life_238
original 0 22445 40400 24100 17955 4.000000 0.150100 3.977406
con1_216
improve 0 954 1677 989 723 4.000000 0.150100 0.056738
hwb6_56
improve 0 6723 11787 7411 5064 4.000000 0.150100 0.364918
mod10_176
original 73 178 298 189 120 4.000000 0.150100 14.509807
ex1_226
original 0 7 16 11 9 4.000000 0.150100 0.002474
sf_276
original 22 778 1297 786 519 4.000000 0.150100 1.821653
cm152a_212
original 0 1221 2181 1318 960 4.000000 0.150100 0.111536
4gt12-v0_87
original 0 247 418 248 171 4.000000 0.150100 0.016561
decod24-enable_126
original 1 338 596 367 258 4.000000 0.150100 0.598667
radd_250
improve 0 3213 5748 3459 2535 4.000000 0.150100 0.233947
pm1_249
improve 18 1776 3060 1745 1284 4.000000 0.150100 7.299290
sf_274
original 51 781 1294 846 513 4.000000 0.150100 1.793784
miller_11
original 10 50 86 55 36 4.000000 0.150100 11.380107
rd53_251
improve 0 1291 2275 1406 984 4.000000 0.150100 0.071574
mlp4_245
improve 10 18852 34263 20678 15375 4.000000 0.150100 594.480018
9symml_195
original 0 34881 63129 37320 28248 4.000000 0.150100 5.123779
rd84_142
original 32 343 601 246 258 4.000000 0.150100 38.347780
inc_237
original 16 10619 18773 11161 8154 4.000000 0.150100 60.100612
sqn_258
improve 0 10223 18155 10767 7932 4.000000 0.150100 0.719707
alu-v2_33
original 1 37 61 40 24 4.000000 0.150100 28.144593
sao2_257
original 0 38577 70218 38915 31641 4.000000 0.150100 17.947920
co14_215
original 0 17936 33929 17601 15993 4.000000 0.150100 13.615166
decod24-v1_41
original 0 85 142 92 57 4.000000 0.150100 3.898975
4mod5-v0_20
original 2 20 29 18 9 4.000000 0.150100 39.536702
alu-v4_37
original 45 37 64 39 27 4.000000 0.150100 4.081138
urf3_155
improve 0 423488 751946 448470 328446 4.000000 0.150100 29.667501
misex1_241
improve 0 4813 8671 5266 3858 4.000000 0.150100 0.486914
alu-v0_27
original 89 36 60 36 24 4.000000 0.150100 3.885243
4mod5-v1_24
original 227 36 60 38 24 4.000000 0.150100 39.344103
4mod7-v1_96
original 78 164 269 161 105 4.000000 0.150100 23.018898
cm82a_208
original 15 650 1091 606 441 4.000000 0.150100 1.427892
ham15_107
original 0 8763 15600 9168 6837 4.000000 0.150100 932.028409
0example
original 3 9 18 13 9 4.000000 0.150100 14.782823
dc1_220
improve 0 1914 3366 1969 1452 4.000000 0.150100 0.109907
4gt4-v1_74
original 0 273 477 299 204 4.000000 0.150100 0.014362
rd32-v1_68
original 0 36 54 33 18 4.000000 0.150100 12.944698
decod24-v0_38
original 99 51 84 56 33 4.000000 0.150100 10.012789
sym6_316
original 0 270 528 285 258 4.000000 0.150100 0.053660
alu-v0_26
original 1 84 138 87 54 4.000000 0.150100 1.194393
clip_206
original 0 33827 61094 34950 27267 4.000000 0.150100 5.240372
4mod5-v0_18
original 2 69 111 67 42 4.000000 0.150100 6.219428
cm85a_209
original 0 11414 20471 12213 9057 4.000000 0.150100 1.264709
alu-v4_36
original 34 115 193 117 78 4.000000 0.150100 32.423932
one-two-three-v0_97
original 1 290 494 306 204 4.000000 0.150100 2.393456
4gt13_90
original 10 107 179 115 72 4.000000 0.150100 0.832982
mod5d2_64
original 7 53 89 58 36 4.000000 0.150100 5.960326
ground_state_estimation_10
original 0 390180 457239 206409 67059 4.000000 0.150100 12.353963
C17_204
original 0 467 821 506 354 4.000000 0.150100 0.145971
4gt13_92
original 7 66 111 65 45 4.000000 0.150100 51.787652
rd53_130
improve 0 1043 1808 1108 765 4.000000 0.150100 0.056281
alu-v3_34
original 32 52 85 52 33 4.000000 0.150100 2.799682
decod24-bdd_294
original 0 73 118 72 45 4.000000 0.150100 0.007822
4gt5_76
original 1 91 154 95 63 4.000000 0.150100 2.043063
sym9_146
original 14 328 580 287 252 4.000000 0.150100 18.571334
4mod5-v1_22
original 2 21 33 22 12 4.000000 0.150100 5.390836
rd32_270
original 1 84 138 83 54 4.000000 0.150100 3.106472
hwb4_49
original 1 233 386 241 153 4.000000 0.150100 1.426062
urf5_280
improve 0 49829 90572 55906 40743 4.000000 0.150100 3.873592
4gt5_77
original 1 131 221 138 90 4.000000 0.150100 39.540615
rd84_253
original 0 13658 24830 14202 11172 4.000000 0.150100 1.340634
4_49_16
original 78 217 364 228 147 4.000000 0.150100 2.737389
qft_10
original 0 200 278 82 78 4.000000 0.150100 0.783041
4mod5-bdd_287
original 25 70 121 73 51 4.000000 0.150100 0.211587
qft_16
original 0 512 782 194 270 4.000000 0.150100 35.462393
urf1_149
original 0 184864 327754 189630 142890 4.000000 0.150100 13.353626
urf5_158
original 0 164416 286798 166990 122382 4.000000 0.150100 10.164589
urf3_279
original 0 125362 236824 143941 111462 4.000000 0.150100 25.952470
4gt12-v0_86
original 0 251 431 259 180 4.000000 0.150100 0.050523
4gt4-v0_73
original 15 395 668 409 273 4.000000 0.150100 0.682335
alu-v1_29
original 89 37 61 36 24 4.000000 0.150100 4.047535
alu-bdd_288
original 1 84 150 95 66 4.000000 0.150100 0.640790
decod24-v2_43
original 1 52 85 54 33 4.000000 0.150100 3.566730
mod8-10_178
original 2 342 576 352 234 4.000000 0.150100 0.573208
one-two-three-v0_98
original 73 146 245 152 99 4.000000 0.150100 53.405023
4gt4-v0_78
original 9 235 397 243 162 4.000000 0.150100 0.575534
4mod5-v0_19
original 2 35 59 39 24 4.000000 0.150100 5.411483
alu-v2_30
original 0 504 876 535 372 4.000000 0.150100 0.031144
alu-v3_35
original 1 37 61 36 24 4.000000 0.150100 1.929415
dist_223
original 0 38046 68973 38698 30927 4.000000 0.150100 9.797821
4gt4-v0_79
original 6 231 387 233 156 4.000000 0.150100 0.531838
hwb8_113
improve 0 69380 121640 73772 52260 4.000000 0.150100 4.100003
ex3_229
improve 30 403 688 404 285 4.000000 0.150100 0.776166
xor5_254
original 0 7 16 11 9 4.000000 0.150100 0.002439
f2_232
original 21 1206 2025 1225 819 4.000000 0.150100 3.572035
time:8596.054578