rd53_138
original 48 132 210 100 78 1.000000 0.800000 0.596805
4gt13-v1_93
original 17 68 107 64 39 1.000000 0.800000 13.341108
mod5mils_65
original 98 35 59 40 24 1.000000 0.800000 3.487176
mod5d1_63
original 2 22 37 26 15 1.000000 0.800000 19.757255
sym10_262
improve 0 64283 122257 74571 57903 1.000000 0.800000 29.063336
aj-e11_165
original 1 151 259 162 108 1.000000 0.800000 4.739804
hwb9_119
improve 0 207775 390102 243489 182142 1.000000 0.800000 64.883867
4gt11_83
original 1 23 35 26 12 1.000000 0.800000 3.643523
cm42a_207
original 24 1776 3186 1917 1410 1.000000 0.800000 12.510161
4gt4-v0_72
original 0 258 444 267 186 1.000000 0.800000 0.021380
max46_240
original 0 27126 50706 29849 23580 1.000000 0.800000 11.339329
dc2_222
original 16 9462 17739 10778 8277 1.000000 0.800000 842.132118
sym9_193
original 0 34881 66423 40671 31542 1.000000 0.800000 16.825713
rd53_135
improve 0 296 527 330 231 1.000000 0.800000 0.030951
mod10_171
original 55 244 418 271 174 1.000000 0.800000 11.653196
ising_model_13
improve 0 633 822 126 189 1.000000 0.800000 0.940737
adr4_197
improve 9 3439 6394 3810 2955 1.000000 0.800000 105.569541
4gt11_84
original 11 18 30 18 12 1.000000 0.800000 3.914086
4gt11_82
original 5 27 42 33 15 1.000000 0.800000 3.788463
wim_266
improve 46 986 1739 1006 753 1.000000 0.800000 11.427559
rd53_131
original 0 469 877 546 408 1.000000 0.800000 0.038302
mod8-10_177
improve 14 440 755 476 315 1.000000 0.800000 0.756253
4gt10-v1_81
original 26 148 253 168 105 1.000000 0.800000 1.822780
alu-v1_28
original 1 37 61 41 24 1.000000 0.800000 27.103016
cnt3-5_179
original 12 175 325 139 150 1.000000 0.800000 5.779860
square_root_7
improve 0 7630 14037 8239 6339 1.000000 0.800000 13.667836
one-two-three-v1_99
original 34 132 222 141 90 1.000000 0.800000 204.759536
mini_alu_305
improve 19 173 293 141 120 1.000000 0.800000 5.113276
rd53_311
original 0 275 512 261 237 1.000000 0.800000 0.045827
3_17_13
original 1 36 57 37 21 1.000000 0.800000 70.582109
rd73_252
improve 0 5321 9995 6146 4665 1.000000 0.800000 2.059550
4gt4-v0_80
original 21 179 299 185 120 1.000000 0.800000 0.298327
hwb7_59
improve 0 24379 44455 27297 20070 1.000000 0.800000 2.903628
ham3_102
original 0 20 32 23 12 1.000000 0.800000 69.417595
cnt3-5_180
improve 22 485 860 436 375 1.000000 0.800000 31.757299
rd53_133
original 0 580 1033 651 453 1.000000 0.800000 0.048928
4mod7-v0_94
original 34 162 273 171 111 1.000000 0.800000 4.876660
plus63mod4096_163
improve 0 128744 247247 155233 118206 1.000000 0.800000 162.679823
mini-alu_167
original 23 288 474 287 186 1.000000 0.800000 10.005893
root_255
improve 0 17159 32609 19471 15420 1.000000 0.800000 10.119046
z4_268
improve 10 3073 5653 3432 2574 1.000000 0.800000 82.544870
majority_239
original 0 612 1074 685 462 1.000000 0.800000 1.965972
ex2_227
improve 0 631 1132 714 501 1.000000 0.800000 0.043232
urf2_277
improve 0 20112 38658 24681 18546 1.000000 0.800000 2.321803
one-two-three-v3_101
original 17 70 115 72 45 1.000000 0.800000 34.740263
4gt13_91
original 37 103 172 114 69 1.000000 0.800000 1.273250
4gt12-v1_89
original 22 228 384 234 156 1.000000 0.800000 0.573686
sqrt8_260
improve 8 3009 5641 3513 2628 1.000000 0.800000 50.524993
rd32-v0_66
original 9 34 52 34 18 1.000000 0.800000 15.626948
sym9_148
improve 0 21504 40217 25805 18675 1.000000 0.800000 10.310188
4gt5_75
original 75 83 134 80 51 1.000000 0.800000 10.867254
0410184_169
improve 78 211 379 212 168 1.000000 0.800000 483.596577
urf2_152
improve 0 80480 142817 87021 62337 1.000000 0.800000 5.094979
urf1_278
improve 0 54766 104542 65632 49776 1.000000 0.800000 5.249890
sym6_145
improve 0 3888 7020 4596 3132 1.000000 0.800000 0.268236
alu-v2_32
original 1 163 277 173 114 1.000000 0.800000 13.421327
4gt12-v0_88
original 21 194 329 202 135 1.000000 0.800000 0.336866
squar5_261
original 2 1993 3631 2151 1638 1.000000 0.800000 26.868660
alu-v2_31
original 19 451 754 462 303 1.000000 0.800000 12.918029
hwb5_53
original 0 1336 2398 1506 1062 1.000000 0.800000 0.076199
one-two-three-v2_100
original 96 69 114 73 45 1.000000 0.800000 42.620537
cycle10_2_110
improve 0 6050 11339 7147 5274 1.000000 0.800000 4.728231
urf6_160
improve 0 171840 324082 190886 152076 1.000000 0.800000 61.936676
ising_model_10
original 0 480 666 116 186 1.000000 0.800000 2.577637
sys6-v0_111
original 48 215 344 135 129 1.000000 0.800000 3.985871
plus63mod8192_164
improve 0 187112 364825 234132 177297 1.000000 0.800000 115.439364
mod5adder_127
improve 0 555 999 640 444 1.000000 0.800000 0.088219
rd73_140
improve 35 230 392 187 162 1.000000 0.800000 3.010996
4mod5-v1_23
original 18 69 120 81 51 1.000000 0.800000 10.788902
graycode6_47
original 0 5 29 13 24 1.000000 0.800000 0.017573
ising_model_16
original 0 786 1140 186 354 1.000000 0.800000 23.311318
ham7_104
original 11 320 563 363 243 1.000000 0.800000 0.807076
ex-1_166
original 7 19 28 18 9 1.000000 0.800000 26.187235
decod24-v3_45
original 8 150 243 148 93 1.000000 0.800000 114.754384
urf4_187
improve 0 512064 948233 545934 435921 1.000000 0.800000 84.956123
life_238
improve 0 22445 42365 26201 19911 1.000000 0.800000 5.416481
con1_216
original 0 954 1752 1050 798 1.000000 0.800000 0.077773
hwb6_56
original 0 6723 12351 7684 5628 1.000000 0.800000 0.438267
mod10_176
improve 5 178 298 187 120 1.000000 0.800000 15.260205
ex1_226
original 0 7 16 10 9 1.000000 0.800000 0.002453
sf_276
original 23 778 1354 852 576 1.000000 0.800000 2.032679
cm152a_212
original 0 1221 2298 1425 1077 1.000000 0.800000 0.517712
4gt12-v0_87
original 0 247 436 265 189 1.000000 0.800000 0.011988
decod24-enable_126
original 3 338 581 363 243 1.000000 0.800000 1.957724
radd_250
improve 0 3213 6036 3800 2823 1.000000 0.800000 1.023237
pm1_249
original 24 1776 3186 1917 1410 1.000000 0.800000 12.583025
sf_274
original 16 781 1318 828 537 1.000000 0.800000 1.987178
miller_11
original 10 50 77 50 27 1.000000 0.800000 34.228081
rd53_251
improve 0 1291 2347 1481 1056 1.000000 0.800000 0.088933
mlp4_245
improve 29 18852 35899 22205 17019 1.000000 0.800000 1428.475480
9symml_195
original 0 34881 66423 40671 31542 1.000000 0.800000 16.829182
rd84_142
original 49 343 601 218 258 1.000000 0.800000 56.348356
inc_237
original 1 10619 19661 12018 9042 1.000000 0.800000 179.685380
sqn_258
improve 0 10223 18938 11345 8700 1.000000 0.800000 8.482168
alu-v2_33
original 95 37 58 38 21 1.000000 0.800000 22.405852
sao2_257
improve 0 38577 74289 44217 35580 1.000000 0.800000 40.525273
co14_215
improve 0 17936 35707 19576 17640 1.000000 0.800000 46.459443
decod24-v1_41
original 0 85 142 93 57 1.000000 0.800000 4.027314
4mod5-v0_20
original 2 20 29 18 9 1.000000 0.800000 38.027110
alu-v4_37
original 89 37 64 40 27 1.000000 0.800000 13.678152
urf3_155
improve 0 423488 768226 473145 344655 1.000000 0.800000 34.213712
misex1_241
improve 0 4813 8938 5716 4125 1.000000 0.800000 0.446232
alu-v0_27
original 89 36 60 36 24 1.000000 0.800000 13.833571
4mod5-v1_24
original 14 36 60 39 24 1.000000 0.800000 33.877736
4mod7-v1_96
original 8 164 275 168 111 1.000000 0.800000 18.336976
cm82a_208
improve 10 650 1133 663 483 1.000000 0.800000 2.089473
ham15_107
improve 4 8763 16503 9968 7560 1.000000 0.800000 1252.267221
0example
original 37 9 18 12 9 1.000000 0.800000 18.836296
dc1_220
improve 0 1914 3501 2131 1587 1.000000 0.800000 0.141141
4gt4-v1_74
improve 0 273 486 313 213 1.000000 0.800000 0.019696
rd32-v1_68
original 9 36 54 34 18 1.000000 0.800000 12.533584
decod24-v0_38
original 9 51 81 51 30 1.000000 0.800000 12.762048
sym6_316
original 0 270 516 285 246 1.000000 0.800000 0.034842
alu-v0_26
original 19 84 138 88 54 1.000000 0.800000 1.307907
clip_206
improve 0 33827 64154 38670 30285 1.000000 0.800000 15.113356
4mod5-v0_18
original 34 69 114 73 45 1.000000 0.800000 9.625462
cm85a_209
original 0 11414 21707 13474 10293 1.000000 0.800000 14.391021
alu-v4_36
original 34 115 193 124 78 1.000000 0.800000 31.932682
one-two-three-v0_97
improve 5 290 494 318 204 1.000000 0.800000 2.339498
4gt13_90
original 26 107 179 118 72 1.000000 0.800000 1.264426
mod5d2_64
original 96 53 86 58 33 1.000000 0.800000 5.820244
ground_state_estimation_10
improve 0 390180 518406 267202 128223 1.000000 0.800000 12.354432
C17_204
improve 0 467 863 541 396 1.000000 0.800000 0.154441
4gt13_92
original 7 66 114 73 48 1.000000 0.800000 58.986013
rd53_130
improve 0 1043 1880 1159 837 1.000000 0.800000 0.070143
alu-v3_34
original 98 52 82 50 30 1.000000 0.800000 4.490737
decod24-bdd_294
original 0 73 118 73 45 1.000000 0.800000 0.005181
4gt5_76
original 19 91 154 96 63 1.000000 0.800000 1.822995
sym9_146
original 5 328 592 292 264 1.000000 0.800000 8.151247
4mod5-v1_22
original 2 21 30 19 9 1.000000 0.800000 4.950757
rd32_270
original 19 84 135 83 51 1.000000 0.800000 2.885389
hwb4_49
original 41 233 383 239 150 1.000000 0.800000 1.477484
urf5_280
improve 0 49829 94220 59524 44391 1.000000 0.800000 4.495357
4gt5_77
original 12 131 221 136 90 1.000000 0.800000 98.872514
rd84_253
original 0 13658 25748 15324 12090 1.000000 0.800000 4.656438
4_49_16
original 24 217 370 237 153 1.000000 0.800000 3.148468
qft_10
improve 0 200 304 96 87 1.000000 0.800000 4.713935
4mod5-bdd_287
original 37 70 118 73 48 1.000000 0.800000 0.216569
qft_16
improve 0 512 950 256 366 1.000000 0.800000 15.784769
urf1_149
improve 0 184864 335712 206961 150840 1.000000 0.800000 12.952675
urf5_158
improve 0 164416 292984 176515 128550 1.000000 0.800000 14.450937
urf3_279
improve 0 125362 242683 152479 117204 1.000000 0.800000 34.464117
4gt12-v0_86
original 0 251 440 273 189 1.000000 0.800000 0.050098
4gt4-v0_73
original 26 395 674 419 279 1.000000 0.800000 1.128089
alu-v1_29
original 89 37 61 36 24 1.000000 0.800000 13.974360
alu-bdd_288
original 5 84 141 91 57 1.000000 0.800000 0.641367
decod24-v2_43
original 16 52 85 53 33 1.000000 0.800000 10.014388
mod8-10_178
improve 1 342 591 396 249 1.000000 0.800000 0.746598
one-two-three-v0_98
original 1 146 245 154 99 1.000000 0.800000 47.699207
4gt4-v0_78
original 16 235 403 255 168 1.000000 0.800000 0.512828
4mod5-v0_19
original 75 35 56 37 21 1.000000 0.800000 6.948659
alu-v2_30
original 0 504 915 568 411 1.000000 0.800000 0.041590
alu-v3_35
original 3 37 61 37 24 1.000000 0.800000 53.181486
dist_223
improve 0 38046 72618 43627 34509 1.000000 0.800000 24.724037
4gt4-v0_79
original 16 231 396 245 165 1.000000 0.800000 0.515818
hwb8_113
improve 0 69380 127235 80169 57846 1.000000 0.800000 7.680881
ex3_229
original 35 403 688 414 285 1.000000 0.800000 0.842156
xor5_254
original 0 7 16 10 9 1.000000 0.800000 0.002359
f2_232
original 14 1206 2124 1310 918 1.000000 0.800000 3.585885
time:53985.930903