rd53_138
original 3 132 222 115 90 3.000000 0.250100 0.761034
4gt13-v1_93
original 96 68 107 63 39 3.000000 0.250100 2.282101
mod5mils_65
original 27 35 59 39 24 3.000000 0.250100 4.047144
mod5d1_63
original 73 22 34 22 12 3.000000 0.250100 17.483436
sym10_262
original 0 64283 117638 69079 53355 3.000000 0.250100 19.133755
aj-e11_165
original 1 151 250 161 99 3.000000 0.250100 1.452464
hwb9_119
improve 0 207775 373469 224737 165618 3.000000 0.250100 30.408986
4gt11_83
original 1 23 35 26 12 3.000000 0.250100 35.080691
cm42a_207
improve 34 1776 3084 1760 1308 3.000000 0.250100 17.238206
4gt4-v0_72
original 0 258 453 255 195 3.000000 0.250100 0.016187
max46_240
original 0 27126 48405 27583 21279 3.000000 0.250100 1.952474
dc2_222
improve 13 9462 16769 10295 7299 3.000000 0.250100 344.914804
sym9_193
improve 0 34881 64014 38450 29082 3.000000 0.250100 18.458270
rd53_135
improve 0 296 515 321 219 3.000000 0.250100 0.027281
mod10_171
original 0 244 409 262 165 3.000000 0.250100 12.352818
ising_model_13
original 0 633 765 143 132 3.000000 0.250100 0.792659
adr4_197
improve 13 3439 6148 3552 2697 3.000000 0.250100 79.538681
4gt11_84
original 11 18 30 18 12 3.000000 0.250100 4.188427
4gt11_82
original 3 27 45 36 18 3.000000 0.250100 5.031379
wim_266
original 19 986 1667 916 681 3.000000 0.250100 16.142157
rd53_131
original 0 469 817 500 348 3.000000 0.250100 0.046404
mod8-10_177
original 4 440 734 446 294 3.000000 0.250100 0.767405
4gt10-v1_81
original 37 148 244 149 96 3.000000 0.250100 1.638299
alu-v1_28
original 17 37 61 39 24 3.000000 0.250100 33.159013
cnt3-5_179
improve 13 175 316 133 141 3.000000 0.250100 4.716402
square_root_7
original 0 7630 14005 7760 6375 3.000000 0.250100 3.727408
one-two-three-v1_99
original 44 132 219 132 87 3.000000 0.250100 239.872275
mini_alu_305
original 9 173 293 130 120 3.000000 0.250100 0.556702
rd53_311
improve 0 275 494 255 219 3.000000 0.250100 0.040704
3_17_13
original 0 36 57 38 21 3.000000 0.250100 72.954954
rd73_252
original 0 5321 9605 5571 4284 3.000000 0.250100 2.569220
4gt4-v0_80
original 3 179 302 181 123 3.000000 0.250100 0.306706
hwb7_59
original 0 24379 42736 25335 18357 3.000000 0.250100 5.525652
ham3_102
original 22 20 35 21 15 3.000000 0.250100 73.614881
cnt3-5_180
improve 22 485 839 425 354 3.000000 0.250100 17.390537
rd53_133
improve 0 580 1051 718 471 3.000000 0.250100 0.070575
4mod7-v0_94
original 32 162 267 161 105 3.000000 0.250100 3.926113
plus63mod4096_163
improve 0 128744 236724 145594 107835 3.000000 0.250100 47.322872
mini-alu_167
original 10 288 480 288 192 3.000000 0.250100 10.285232
root_255
original 0 17159 31040 17308 13881 3.000000 0.250100 1.535389
z4_268
improve 0 3073 5383 3177 2310 3.000000 0.250100 28.966892
majority_239
original 12 612 1038 626 426 3.000000 0.250100 1.081438
ex2_227
original 0 631 1105 654 474 3.000000 0.250100 0.045870
urf2_277
original 0 20112 37629 23203 17517 3.000000 0.250100 4.458658
one-two-three-v3_101
original 14 70 118 73 48 3.000000 0.250100 37.653101
4gt13_91
original 6 103 172 110 69 3.000000 0.250100 0.757190
4gt12-v1_89
original 4 228 378 225 150 3.000000 0.250100 0.620297
sqrt8_260
improve 0 3009 5400 3258 2391 3.000000 0.250100 41.021330
rd32-v0_66
original 1 34 52 33 18 3.000000 0.250100 13.898470
sym9_148
original 0 21504 38280 22921 16776 3.000000 0.250100 2.041851
4gt5_75
original 8 83 134 78 51 3.000000 0.250100 3.477878
0410184_169
original 53 211 352 180 141 3.000000 0.250100 359.217355
urf2_152
improve 0 80480 139973 82974 59490 3.000000 0.250100 4.953134
urf1_278
improve 0 54766 101383 61696 46584 3.000000 0.250100 14.918175
sym6_145
original 0 3888 6702 4144 2814 3.000000 0.250100 0.255050
alu-v2_32
original 5 163 268 165 105 3.000000 0.250100 14.170441
4gt12-v0_88
improve 3 194 329 198 135 3.000000 0.250100 0.328380
squar5_261
improve 34 1993 3529 2001 1536 3.000000 0.250100 13.269035
alu-v2_31
original 8 451 745 452 294 3.000000 0.250100 11.251102
hwb5_53
original 0 1336 2317 1450 981 3.000000 0.250100 0.072798
one-two-three-v2_100
original 5 69 117 77 48 3.000000 0.250100 43.586449
cycle10_2_110
original 0 6050 10940 6624 4890 3.000000 0.250100 0.513025
urf6_160
improve 0 171840 314321 183136 142413 3.000000 0.250100 31.624007
ising_model_10
original 0 480 651 110 171 3.000000 0.250100 1.995920
sys6-v0_111
improve 31 215 374 164 153 3.000000 0.250100 3.651786
plus63mod8192_164
improve 0 187112 348544 219208 161097 3.000000 0.250100 138.615397
mod5adder_127
original 0 555 930 557 375 3.000000 0.250100 0.081481
rd73_140
original 37 230 395 185 165 3.000000 0.250100 1.529926
4mod5-v1_23
original 8 69 120 82 51 3.000000 0.250100 8.274468
graycode6_47
original 0 5 29 13 24 3.000000 0.250100 0.016840
ising_model_16
improve 0 786 1062 198 213 3.000000 0.250100 42.228189
ham7_104
original 6 320 542 323 222 3.000000 0.250100 0.711245
ex-1_166
original 0 19 31 21 12 3.000000 0.250100 29.691583
decod24-v3_45
original 1 150 246 150 96 3.000000 0.250100 19.970731
urf4_187
improve 0 512064 914406 527043 402294 3.000000 0.250100 40.867150
life_238
improve 0 22445 40646 24385 18195 3.000000 0.250100 3.542283
con1_216
improve 0 954 1695 1009 741 3.000000 0.250100 0.075674
hwb6_56
improve 0 6723 11655 7155 4932 3.000000 0.250100 0.359887
mod10_176
original 37 178 295 178 117 3.000000 0.250100 10.735799
ex1_226
original 0 7 16 10 9 3.000000 0.250100 0.002438
sf_276
original 47 778 1285 777 507 3.000000 0.250100 1.711403
cm152a_212
improve 0 1221 2145 1296 924 3.000000 0.250100 0.110906
4gt12-v0_87
original 0 247 418 246 171 3.000000 0.250100 0.010983
decod24-enable_126
original 1 338 575 355 237 3.000000 0.250100 0.613180
radd_250
original 0 3213 5829 3447 2616 3.000000 0.250100 1.307470
pm1_249
improve 34 1776 3084 1760 1308 3.000000 0.250100 17.422376
sf_274
original 8 781 1282 757 501 3.000000 0.250100 1.760736
miller_11
original 0 50 86 59 36 3.000000 0.250100 11.855898
rd53_251
original 0 1291 2212 1363 921 3.000000 0.250100 0.088922
mlp4_245
original 14 18852 34500 20435 15648 3.000000 0.250100 700.778744
9symml_195
improve 0 34881 64014 38450 29082 3.000000 0.250100 18.055749
rd84_142
improve 46 343 586 243 243 3.000000 0.250100 69.137340
inc_237
original 0 10619 18938 11381 8319 3.000000 0.250100 71.219649
sqn_258
improve 0 10223 18281 10695 8058 3.000000 0.250100 0.882018
alu-v2_33
original 1 37 61 40 24 3.000000 0.250100 32.613827
sao2_257
original 0 38577 71337 39821 32760 3.000000 0.250100 7.620939
co14_215
improve 0 17936 33689 17960 15699 3.000000 0.250100 27.769452
decod24-v1_41
original 0 85 142 92 57 3.000000 0.250100 1.787372
4mod5-v0_20
original 2 20 29 18 9 3.000000 0.250100 39.404284
alu-v4_37
original 1 37 64 44 27 3.000000 0.250100 4.363080
urf3_155
improve 0 423488 744624 447485 321105 3.000000 0.250100 33.777119
misex1_241
improve 0 4813 8641 5206 3828 3.000000 0.250100 0.571019
alu-v0_27
original 57 36 63 39 27 3.000000 0.250100 4.166844
4mod5-v1_24
original 14 36 60 39 24 3.000000 0.250100 39.160803
4mod7-v1_96
improve 8 164 275 171 111 3.000000 0.250100 23.789977
cm82a_208
improve 0 650 1103 641 453 3.000000 0.250100 1.360465
ham15_107
original 2 8763 15768 9380 7005 3.000000 0.250100 1093.180721
0example
original 3 9 18 13 9 3.000000 0.250100 15.573529
dc1_220
improve 0 1914 3426 2000 1512 3.000000 0.250100 0.144825
4gt4-v1_74
original 0 273 468 290 195 3.000000 0.250100 0.020723
rd32-v1_68
original 1 36 54 33 18 3.000000 0.250100 13.644301
decod24-v0_38
original 15 51 84 53 33 3.000000 0.250100 10.921054
sym6_316
improve 0 270 507 283 237 3.000000 0.250100 0.028474
alu-v0_26
original 1 84 138 84 54 3.000000 0.250100 4.957034
clip_206
improve 0 33827 61930 36238 28095 3.000000 0.250100 5.414498
4mod5-v0_18
original 7 69 114 75 45 3.000000 0.250100 6.261082
cm85a_209
improve 0 11414 20906 12944 9486 3.000000 0.250100 2.059943
alu-v4_36
improve 17 115 193 122 78 3.000000 0.250100 35.296101
one-two-three-v0_97
original 5 290 473 297 183 3.000000 0.250100 2.154823
4gt13_90
original 13 107 179 113 72 3.000000 0.250100 0.777220
mod5d2_64
original 28 53 89 58 36 3.000000 0.250100 6.560113
ground_state_estimation_10
original 0 390180 466206 214590 76026 3.000000 0.250100 12.556634
C17_204
improve 0 467 839 504 372 3.000000 0.250100 0.145920
4gt13_92
original 17 66 111 62 45 3.000000 0.250100 52.403398
rd53_130
original 0 1043 1808 1046 765 3.000000 0.250100 0.067632
alu-v3_34
original 3 52 85 53 33 3.000000 0.250100 2.947472
decod24-bdd_294
original 0 73 118 73 45 3.000000 0.250100 0.006424
4gt5_76
original 1 91 148 95 57 3.000000 0.250100 2.018279
sym9_146
improve 14 328 592 282 264 3.000000 0.250100 3.862454
4mod5-v1_22
original 2 21 33 22 12 3.000000 0.250100 5.308197
rd32_270
original 12 84 135 81 51 3.000000 0.250100 3.078651
hwb4_49
original 1 233 389 239 156 3.000000 0.250100 1.460725
urf5_280
improve 0 49829 90458 55646 40629 3.000000 0.250100 3.902634
4gt5_77
original 19 131 215 130 84 3.000000 0.250100 40.616114
rd84_253
original 0 13658 24875 14263 11217 3.000000 0.250100 3.071350
4_49_16
improve 12 217 370 235 153 3.000000 0.250100 3.189835
qft_10
original 0 200 278 83 78 3.000000 0.250100 2.358650
4mod5-bdd_287
original 1 70 118 78 48 3.000000 0.250100 0.205543
qft_16
original 0 512 791 200 279 3.000000 0.250100 2.371096
urf1_149
improve 0 184864 325301 194032 140427 3.000000 0.250100 12.124793
urf5_158
original 0 164416 285097 168921 120681 3.000000 0.250100 9.809823
urf3_279
improve 0 125362 236098 144550 110655 3.000000 0.250100 32.530010
4gt12-v0_86
improve 0 251 428 258 177 3.000000 0.250100 0.051786
4gt4-v0_73
original 9 395 659 389 264 3.000000 0.250100 0.758388
alu-v1_29
original 0 37 64 44 27 3.000000 0.250100 4.218873
alu-bdd_288
original 42 84 141 83 57 3.000000 0.250100 0.602983
decod24-v2_43
original 1 52 85 55 33 3.000000 0.250100 3.216021
mod8-10_178
original 21 342 576 349 234 3.000000 0.250100 0.646840
one-two-three-v0_98
original 1 146 248 156 102 3.000000 0.250100 57.135825
4gt4-v0_78
original 16 235 397 250 162 3.000000 0.250100 0.438286
4mod5-v0_19
original 27 35 59 36 24 3.000000 0.250100 5.651393
alu-v2_30
original 0 504 885 539 381 3.000000 0.250100 0.047050
alu-v3_35
original 5 37 61 37 24 3.000000 0.250100 2.090209
dist_223
improve 0 38046 69189 39772 31128 3.000000 0.250100 5.554606
4gt4-v0_79
original 16 231 387 239 156 3.000000 0.250100 0.438282
hwb8_113
improve 0 69380 121634 74054 52236 3.000000 0.250100 6.967477
ex3_229
original 5 403 667 407 264 3.000000 0.250100 0.754548
xor5_254
original 0 7 16 10 9 3.000000 0.250100 0.002853
f2_232
original 7 1206 2037 1268 831 3.000000 0.250100 2.201851
time:18735.240608