rd53_138
original 14 132 222 121 90 4.000000 0.461000 0.570521
4gt13-v1_93
original 17 68 110 68 42 4.000000 0.461000 13.514955
mod5mils_65
original 27 35 59 39 24 4.000000 0.461000 3.926913
mod5d1_63
original 2 22 37 26 15 4.000000 0.461000 17.121569
sym10_262
improve 0 64283 116944 69498 52620 4.000000 0.461000 12.712603
aj-e11_165
original 1 151 256 163 105 4.000000 0.461000 3.032004
hwb9_119
improve 0 207775 373298 225524 165426 4.000000 0.461000 32.853721
4gt11_83
original 1 23 35 26 12 4.000000 0.461000 3.639953
cm42a_207
improve 48 1776 3075 1762 1299 4.000000 0.461000 19.743235
4gt4-v0_72
original 0 258 453 262 195 4.000000 0.461000 0.018209
max46_240
original 0 27126 48549 27701 21423 4.000000 0.461000 3.108168
dc2_222
original 35 9462 17001 10026 7539 4.000000 0.461000 316.633220
sym9_193
improve 0 34881 63530 38092 28584 4.000000 0.461000 15.871495
rd53_135
original 0 296 533 301 237 4.000000 0.461000 0.032010
mod10_171
original 0 244 415 257 171 4.000000 0.461000 12.132401
ising_model_13
original 0 633 774 143 141 4.000000 0.461000 25.438745
adr4_197
improve 11 3439 6127 3583 2688 4.000000 0.461000 46.994365
4gt11_84
original 49 18 30 18 12 4.000000 0.461000 4.068082
4gt11_82
original 8 27 45 30 18 4.000000 0.461000 4.516646
wim_266
original 51 986 1673 941 687 4.000000 0.461000 31.627071
rd53_131
original 0 469 817 483 348 4.000000 0.461000 0.034384
mod8-10_177
improve 14 440 734 445 294 4.000000 0.461000 0.726353
4gt10-v1_81
original 11 148 244 155 96 4.000000 0.461000 1.515740
alu-v1_28
original 41 37 61 40 24 4.000000 0.461000 35.069994
cnt3-5_179
original 14 175 316 132 141 4.000000 0.461000 5.172029
square_root_7
original 0 7630 13711 7509 6081 4.000000 0.461000 9.656612
one-two-three-v1_99
original 34 132 219 137 87 4.000000 0.461000 231.674468
mini_alu_305
original 9 173 302 140 129 4.000000 0.461000 0.753212
rd53_311
original 0 275 524 269 249 4.000000 0.461000 0.032872
3_17_13
original 0 36 60 41 24 4.000000 0.461000 72.378948
rd73_252
original 0 5321 9500 5524 4179 4.000000 0.461000 3.662996
4gt4-v0_80
original 1 179 305 184 126 4.000000 0.461000 0.314551
hwb7_59
original 0 24379 42607 25525 18228 4.000000 0.461000 1.481590
ham3_102
original 7 20 35 21 15 4.000000 0.461000 73.175564
cnt3-5_180
original 22 485 827 406 342 4.000000 0.461000 22.877562
rd53_133
original 0 580 976 583 396 4.000000 0.461000 0.031907
4mod7-v0_94
original 22 162 270 169 108 4.000000 0.461000 3.805824
plus63mod4096_163
improve 0 128744 234517 144238 105696 4.000000 0.461000 26.863241
mini-alu_167
original 5 288 483 290 195 4.000000 0.461000 9.867350
root_255
improve 0 17159 31082 17907 13917 4.000000 0.461000 3.124628
z4_268
improve 0 3073 5425 3235 2352 4.000000 0.461000 19.258441
majority_239
original 1 612 1041 636 429 4.000000 0.461000 1.008236
ex2_227
original 0 631 1090 656 459 4.000000 0.461000 0.039411
urf2_277
improve 0 20112 37620 24530 17508 4.000000 0.461000 1.704958
one-two-three-v3_101
original 17 70 118 74 48 4.000000 0.461000 37.676634
4gt13_91
original 10 103 172 105 69 4.000000 0.461000 0.752092
4gt12-v1_89
original 36 228 384 231 156 4.000000 0.461000 0.609094
sqrt8_260
improve 18 3009 5349 3158 2340 4.000000 0.461000 27.277313
rd32-v0_66
original 0 34 52 33 18 4.000000 0.461000 13.079335
sym9_148
improve 0 21504 38019 23158 16515 4.000000 0.461000 1.289070
4gt5_75
original 32 83 137 84 54 4.000000 0.461000 3.530952
0410184_169
original 37 211 346 179 135 4.000000 0.461000 431.264092
urf2_152
improve 0 80480 140096 84322 59616 4.000000 0.461000 4.555969
urf1_278
improve 0 54766 101659 63966 46890 4.000000 0.461000 5.070527
sym6_145
original 0 3888 6735 4167 2847 4.000000 0.461000 0.206935
alu-v2_32
original 5 163 277 171 114 4.000000 0.461000 4.136075
4gt12-v0_88
original 21 194 326 203 132 4.000000 0.461000 0.313217
squar5_261
original 28 1993 3532 1993 1539 4.000000 0.461000 10.794486
alu-v2_31
original 8 451 742 448 291 4.000000 0.461000 8.445160
hwb5_53
original 0 1336 2311 1421 975 4.000000 0.461000 0.069069
one-two-three-v2_100
original 96 69 114 70 45 4.000000 0.461000 43.328552
cycle10_2_110
original 0 6050 10802 6579 4752 4.000000 0.461000 0.412827
urf6_160
improve 0 171840 314310 180517 142431 4.000000 0.461000 26.303755
ising_model_10
original 0 480 627 110 147 4.000000 0.461000 0.868967
sys6-v0_111
original 31 215 368 158 153 4.000000 0.461000 1.753909
plus63mod8192_164
improve 0 187112 346588 217134 159315 4.000000 0.461000 45.451695
mod5adder_127
improve 0 555 978 607 423 4.000000 0.461000 0.089733
rd73_140
improve 36 230 389 183 159 4.000000 0.461000 1.324149
4mod5-v1_23
original 24 69 126 80 57 4.000000 0.461000 6.753321
graycode6_47
original 0 5 29 13 24 4.000000 0.461000 0.018159
ising_model_16
original 0 786 1092 176 306 4.000000 0.461000 2.125864
ham7_104
original 6 320 551 334 231 4.000000 0.461000 0.670402
ex-1_166
original 0 19 31 21 12 4.000000 0.461000 29.591071
decod24-v3_45
original 1 150 246 142 96 4.000000 0.461000 38.561333
urf4_187
original 0 512064 911709 510920 399645 4.000000 0.461000 38.756102
life_238
original 0 22445 40319 24058 17874 4.000000 0.461000 3.275612
con1_216
improve 0 954 1683 1003 729 4.000000 0.461000 0.066752
hwb6_56
original 0 6723 11802 7065 5079 4.000000 0.461000 0.747481
mod10_176
original 5 178 292 183 114 4.000000 0.461000 9.681675
ex1_226
original 0 7 16 10 9 4.000000 0.461000 0.002385
sf_276
original 34 778 1297 786 519 4.000000 0.461000 1.779078
cm152a_212
improve 0 1221 2172 1298 951 4.000000 0.461000 0.100741
4gt12-v0_87
original 0 247 427 252 180 4.000000 0.461000 0.019816
decod24-enable_126
original 1 338 590 370 252 4.000000 0.461000 0.584435
radd_250
original 0 3213 5823 3462 2610 4.000000 0.461000 0.265983
pm1_249
improve 48 1776 3075 1762 1299 4.000000 0.461000 19.871351
sf_274
original 1 781 1297 801 516 4.000000 0.461000 1.771257
miller_11
original 109 50 86 55 36 4.000000 0.461000 12.021606
rd53_251
original 0 1291 2230 1336 939 4.000000 0.461000 0.073509
mlp4_245
improve 5 18852 34275 20497 15420 4.000000 0.461000 427.275780
9symml_195
improve 0 34881 63530 38092 28584 4.000000 0.461000 15.947438
rd84_142
original 32 343 598 221 255 4.000000 0.461000 12.889190
inc_237
original 6 10619 18617 10786 7998 4.000000 0.461000 44.579750
sqn_258
improve 0 10223 18107 10563 7884 4.000000 0.461000 0.736261
alu-v2_33
original 2 37 61 39 24 4.000000 0.461000 30.613542
sao2_257
improve 0 38577 70385 40789 31779 4.000000 0.461000 8.887686
co14_215
original 0 17936 33665 17475 15729 4.000000 0.461000 17.574304
decod24-v1_41
original 0 85 142 93 57 4.000000 0.461000 3.813378
4mod5-v0_20
original 2 20 29 18 9 4.000000 0.461000 38.740144
alu-v4_37
original 17 37 64 41 27 4.000000 0.461000 4.326722
urf3_155
improve 0 423488 752088 449344 328560 4.000000 0.461000 33.527782
misex1_241
improve 0 4813 8608 5134 3795 4.000000 0.461000 0.399055
alu-v0_27
original 17 36 63 41 27 4.000000 0.461000 3.760454
4mod5-v1_24
original 14 36 60 39 24 4.000000 0.461000 38.113379
4mod7-v1_96
original 12 164 275 170 111 4.000000 0.461000 23.569973
cm82a_208
original 25 650 1091 606 441 4.000000 0.461000 2.854950
ham15_107
improve 30 8763 15549 9127 6762 4.000000 0.461000 1134.153647
0example
original 3 9 18 13 9 4.000000 0.461000 15.361737
dc1_220
original 0 1914 3381 1998 1467 4.000000 0.461000 0.138926
4gt4-v1_74
original 0 273 477 293 204 4.000000 0.461000 0.020678
rd32-v1_68
original 0 36 54 33 18 4.000000 0.461000 12.923309
decod24-v0_38
original 1 51 84 55 33 4.000000 0.461000 10.658894
sym6_316
original 0 270 540 296 270 4.000000 0.461000 0.033970
alu-v0_26
original 9 84 138 82 54 4.000000 0.461000 1.254630
clip_206
improve 0 33827 61598 35948 27762 4.000000 0.461000 4.591321
4mod5-v0_18
original 24 69 111 67 42 4.000000 0.461000 7.284947
cm85a_209
original 0 11414 20633 12473 9219 4.000000 0.461000 0.801183
alu-v4_36
original 9 115 193 118 78 4.000000 0.461000 34.744263
one-two-three-v0_97
original 17 290 485 300 195 4.000000 0.461000 2.281772
4gt13_90
original 10 107 179 111 72 4.000000 0.461000 0.863603
mod5d2_64
original 31 53 89 58 36 4.000000 0.461000 5.743587
ground_state_estimation_10
original 0 390180 457245 206409 67065 4.000000 0.461000 11.670327
C17_204
original 0 467 809 487 342 4.000000 0.461000 0.140964
4gt13_92
original 31 66 111 65 45 4.000000 0.461000 50.999144
rd53_130
improve 0 1043 1832 1110 789 4.000000 0.461000 0.056819
alu-v3_34
original 41 52 85 54 33 4.000000 0.461000 3.030230
decod24-bdd_294
original 0 73 118 73 45 4.000000 0.461000 0.004257
4gt5_76
original 1 91 148 93 57 4.000000 0.461000 1.942622
sym9_146
improve 47 328 574 272 246 4.000000 0.461000 51.665589
4mod5-v1_22
original 2 21 33 22 12 4.000000 0.461000 5.334387
rd32_270
original 6 84 135 81 51 4.000000 0.461000 3.065582
hwb4_49
original 13 233 392 241 159 4.000000 0.461000 1.442900
urf5_280
improve 0 49829 90818 56354 40989 4.000000 0.461000 3.788517
4gt5_77
original 1 131 221 132 90 4.000000 0.461000 38.240320
rd84_253
improve 0 13658 24792 14350 11127 4.000000 0.461000 2.302454
4_49_16
original 2 217 370 236 153 4.000000 0.461000 2.637681
qft_10
improve 0 200 267 66 63 4.000000 0.461000 0.913886
4mod5-bdd_287
original 25 70 121 79 51 4.000000 0.461000 0.209808
qft_16
improve 0 512 873 226 249 4.000000 0.461000 27.444991
urf1_149
improve 0 184864 329557 196254 144675 4.000000 0.461000 12.801064
urf5_158
original 0 164416 287524 168106 123108 4.000000 0.461000 10.042662
urf3_279
improve 0 125362 235151 144416 109746 4.000000 0.461000 18.524211
4gt12-v0_86
original 0 251 437 259 186 4.000000 0.461000 0.052995
4gt4-v0_73
original 9 395 659 404 264 4.000000 0.461000 0.677944
alu-v1_29
original 17 37 64 41 27 4.000000 0.461000 4.156080
alu-bdd_288
original 51 84 147 93 63 4.000000 0.461000 0.635047
decod24-v2_43
original 1 52 85 55 33 4.000000 0.461000 3.544649
mod8-10_178
original 35 342 567 341 225 4.000000 0.461000 0.577418
one-two-three-v0_98
original 40 146 248 159 102 4.000000 0.461000 129.364807
4gt4-v0_78
original 9 235 394 240 159 4.000000 0.461000 0.562847
4mod5-v0_19
original 27 35 59 39 24 4.000000 0.461000 5.539258
alu-v2_30
improve 0 504 846 513 342 4.000000 0.461000 0.029403
alu-v3_35
original 3 37 61 37 24 4.000000 0.461000 2.080410
dist_223
improve 0 38046 68760 39595 30696 4.000000 0.461000 7.199621
4gt4-v0_79
original 16 231 387 233 156 4.000000 0.461000 0.604235
hwb8_113
original 0 69380 121565 72802 52185 4.000000 0.461000 4.060008
ex3_229
original 35 403 670 398 267 4.000000 0.461000 0.782493
xor5_254
original 0 7 16 10 9 4.000000 0.461000 0.002473
f2_232
original 31 1206 2025 1225 819 4.000000 0.461000 2.998986
time:4332.575603