rd53_138
improve 19 132 219 124 87 6.000000 0.560000 0.522639
4gt13-v1_93
original 13 68 113 69 45 6.000000 0.560000 2.188238
mod5mils_65
original 2 35 59 37 24 6.000000 0.560000 4.127101
mod5d1_63
original 168 22 34 22 12 6.000000 0.560000 18.018952
sym10_262
original 0 64283 116777 69425 52494 6.000000 0.560000 11.499429
aj-e11_165
original 23 151 256 162 105 6.000000 0.560000 2.972710
hwb9_119
improve 0 207775 370881 225481 163047 6.000000 0.560000 29.395988
4gt11_83
original 1 23 35 26 12 6.000000 0.560000 34.568750
cm42a_207
original 2 1776 3087 1803 1311 6.000000 0.560000 8.703025
4gt4-v0_72
improve 0 258 462 270 204 6.000000 0.560000 0.020623
max46_240
improve 0 27126 48441 28279 21312 6.000000 0.560000 2.406988
dc2_222
improve 37 9462 16965 10214 7494 6.000000 0.560000 181.216534
sym9_193
improve 0 34881 63746 38568 28821 6.000000 0.560000 10.032805
rd53_135
original 0 296 512 304 216 6.000000 0.560000 0.036872
mod10_171
original 14 244 418 258 174 6.000000 0.560000 12.306717
ising_model_13
improve 0 633 807 133 174 6.000000 0.560000 2.563270
adr4_197
improve 25 3439 6133 3559 2694 6.000000 0.560000 64.524755
4gt11_84
original 13 18 30 18 12 6.000000 0.560000 4.116642
4gt11_82
original 26 27 42 29 15 6.000000 0.560000 5.022960
wim_266
improve 40 986 1712 968 726 6.000000 0.560000 13.629868
rd53_131
improve 0 469 823 528 354 6.000000 0.560000 0.036107
mod8-10_177
original 8 440 743 471 303 6.000000 0.560000 0.726570
4gt10-v1_81
original 10 148 244 148 96 6.000000 0.560000 1.268533
alu-v1_28
original 17 37 61 39 24 6.000000 0.560000 26.716492
cnt3-5_179
original 14 175 313 137 138 6.000000 0.560000 4.429282
square_root_7
original 0 7630 13774 7370 6144 6.000000 0.560000 1.080636
one-two-three-v1_99
original 32 132 219 138 87 6.000000 0.560000 227.962731
mini_alu_305
original 0 173 293 135 120 6.000000 0.560000 2.033767
rd53_311
improve 0 275 527 296 252 6.000000 0.560000 0.040119
3_17_13
original 0 36 57 38 21 6.000000 0.560000 73.212026
rd73_252
improve 0 5321 9386 5656 4065 6.000000 0.560000 0.354450
4gt4-v0_80
original 3 179 296 186 117 6.000000 0.560000 0.341388
hwb7_59
improve 0 24379 42517 25475 18138 6.000000 0.560000 1.506295
ham3_102
original 2 20 35 21 15 6.000000 0.560000 72.070416
cnt3-5_180
original 15 485 842 413 357 6.000000 0.560000 7.970967
rd53_133
improve 0 580 1006 657 426 6.000000 0.560000 0.038045
4mod7-v0_94
original 61 162 270 169 108 6.000000 0.560000 3.867703
plus63mod4096_163
original 0 128744 235190 142772 106446 6.000000 0.560000 27.294574
mini-alu_167
original 5 288 486 300 198 6.000000 0.560000 4.710904
root_255
original 0 17159 31064 17629 13905 6.000000 0.560000 4.774109
z4_268
improve 8 3073 5419 3200 2346 6.000000 0.560000 17.002653
majority_239
original 7 612 1026 617 414 6.000000 0.560000 1.128181
ex2_227
improve 0 631 1090 689 459 6.000000 0.560000 0.056158
urf2_277
original 0 20112 37356 22963 17244 6.000000 0.560000 1.750140
one-two-three-v3_101
original 80 70 115 73 45 6.000000 0.560000 37.481461
4gt13_91
original 10 103 166 106 63 6.000000 0.560000 0.770953
4gt12-v1_89
original 13 228 390 229 162 6.000000 0.560000 0.639042
sqrt8_260
improve 2 3009 5358 3190 2349 6.000000 0.560000 21.844563
rd32-v0_66
original 0 34 52 34 18 6.000000 0.560000 13.289258
sym9_148
improve 0 21504 38831 24268 17304 6.000000 0.560000 6.254826
4gt5_75
original 8 83 134 82 51 6.000000 0.560000 3.519558
0410184_169
original 9 211 358 184 147 6.000000 0.560000 355.720897
urf2_152
improve 0 80480 139164 83633 58680 6.000000 0.560000 5.095070
urf1_278
improve 0 54766 100607 61834 45801 6.000000 0.560000 15.533932
sym6_145
improve 0 3888 6768 4386 2880 6.000000 0.560000 0.224556
alu-v2_32
original 13 163 271 169 108 6.000000 0.560000 4.337696
4gt12-v0_88
original 3 194 323 202 129 6.000000 0.560000 0.333539
squar5_261
original 30 1993 3475 1980 1482 6.000000 0.560000 10.817188
alu-v2_31
original 1 451 751 461 300 6.000000 0.560000 8.136868
hwb5_53
original 0 1336 2287 1433 951 6.000000 0.560000 0.072551
one-two-three-v2_100
original 96 69 108 66 39 6.000000 0.560000 42.272904
cycle10_2_110
original 0 6050 10805 6501 4755 6.000000 0.560000 0.439122
urf6_160
improve 0 171840 312717 183485 140796 6.000000 0.560000 37.381246
ising_model_10
improve 0 480 588 108 108 6.000000 0.560000 0.946066
sys6-v0_111
improve 1 215 362 163 147 6.000000 0.560000 1.555963
plus63mod8192_164
improve 0 187112 347025 219225 159759 6.000000 0.560000 51.778977
mod5adder_127
original 0 555 957 585 402 6.000000 0.560000 0.101907
rd73_140
original 14 230 392 194 162 6.000000 0.560000 1.556082
4mod5-v1_23
original 75 69 120 75 51 6.000000 0.560000 4.414751
graycode6_47
original 0 5 29 13 24 6.000000 0.560000 0.017522
ising_model_16
original 0 786 1017 176 231 6.000000 0.560000 126.076705
ham7_104
original 0 320 560 359 240 6.000000 0.560000 0.667554
ex-1_166
original 0 19 31 21 12 6.000000 0.560000 29.628003
decod24-v3_45
original 2 150 246 147 96 6.000000 0.560000 50.105568
urf4_187
original 0 512064 908493 509052 396429 6.000000 0.560000 46.128963
life_238
improve 0 22445 40112 24128 17655 6.000000 0.560000 4.042238
con1_216
improve 0 954 1683 1028 729 6.000000 0.560000 0.060262
hwb6_56
original 0 6723 11757 7177 5034 6.000000 0.560000 0.372306
mod10_176
original 67 178 292 179 114 6.000000 0.560000 10.796213
ex1_226
original 0 7 16 10 9 6.000000 0.560000 0.001987
sf_276
improve 0 778 1318 827 540 6.000000 0.560000 1.953408
cm152a_212
improve 0 1221 2164 1354 933 6.000000 0.560000 2.140391
4gt12-v0_87
improve 0 247 445 281 198 6.000000 0.560000 0.020995
decod24-enable_126
original 29 338 578 358 240 6.000000 0.560000 0.570511
radd_250
original 0 3213 5814 3480 2601 6.000000 0.560000 0.929001
pm1_249
original 2 1776 3087 1803 1311 6.000000 0.560000 9.073506
sf_274
improve 35 781 1315 796 534 6.000000 0.560000 2.018224
miller_11
original 10 50 83 53 33 6.000000 0.560000 12.012343
rd53_251
original 0 1291 2251 1399 960 6.000000 0.560000 0.104139
mlp4_245
original 42 18852 34332 20256 15480 6.000000 0.560000 546.901759
9symml_195
improve 0 34881 63746 38568 28821 6.000000 0.560000 9.958916
rd84_142
improve 42 343 598 225 255 6.000000 0.560000 40.384314
inc_237
original 11 10619 18881 11360 8262 6.000000 0.560000 53.244414
sqn_258
improve 0 10223 18041 10702 7815 6.000000 0.560000 2.307481
alu-v2_33
original 2 37 61 39 24 6.000000 0.560000 26.287139
sao2_257
improve 0 38577 70841 41346 32220 6.000000 0.560000 15.253332
co14_215
improve 0 17936 33456 17858 15513 6.000000 0.560000 5.276733
decod24-v1_41
original 47 85 139 90 54 6.000000 0.560000 3.942943
4mod5-v0_20
original 2 20 29 18 9 6.000000 0.560000 39.743612
alu-v4_37
original 3 37 61 40 24 6.000000 0.560000 4.280580
urf3_155
improve 0 423488 743999 451288 320487 6.000000 0.560000 32.913847
misex1_241
original 0 4813 8836 5465 4023 6.000000 0.560000 0.469691
alu-v0_27
original 5 36 60 40 24 6.000000 0.560000 4.171764
4mod5-v1_24
original 14 36 60 39 24 6.000000 0.560000 37.750239
4mod7-v1_96
original 2 164 272 168 108 6.000000 0.560000 23.827931
cm82a_208
improve 10 650 1106 644 456 6.000000 0.560000 1.385262
ham15_107
improve 24 8763 15747 9421 6984 6.000000 0.560000 1243.024808
0example
original 3 9 18 13 9 6.000000 0.560000 15.185717
dc1_220
improve 0 1914 3414 2021 1500 6.000000 0.560000 0.129064
4gt4-v1_74
original 0 273 471 288 198 6.000000 0.560000 0.018768
rd32-v1_68
original 0 36 54 34 18 6.000000 0.560000 12.988599
decod24-v0_38
original 1 51 84 55 33 6.000000 0.560000 9.424547
sym6_316
improve 0 270 507 279 237 6.000000 0.560000 0.027383
alu-v0_26
original 9 84 138 86 54 6.000000 0.560000 1.227587
clip_206
original 0 33827 61544 35739 27717 6.000000 0.560000 5.661453
4mod5-v0_18
original 8 69 111 72 42 6.000000 0.560000 4.367277
cm85a_209
improve 0 11414 20769 12816 9339 6.000000 0.560000 3.612716
alu-v4_36
original 8 115 190 113 75 6.000000 0.560000 34.179834
one-two-three-v0_97
original 11 290 473 295 183 6.000000 0.560000 2.245062
4gt13_90
original 10 107 173 113 66 6.000000 0.560000 0.807637
mod5d2_64
original 14 53 89 57 36 6.000000 0.560000 5.346063
ground_state_estimation_10
improve 0 390180 449064 204998 58884 6.000000 0.560000 11.742127
C17_204
original 0 467 851 515 384 6.000000 0.560000 0.140001
4gt13_92
original 96 66 111 69 45 6.000000 0.560000 56.280399
rd53_130
original 0 1043 1805 1076 762 6.000000 0.560000 0.064343
alu-v3_34
original 98 52 82 49 30 6.000000 0.560000 2.892328
decod24-bdd_294
original 0 73 115 71 42 6.000000 0.560000 0.007403
4gt5_76
original 1 91 148 96 57 6.000000 0.560000 2.043944
sym9_146
original 0 328 565 255 237 6.000000 0.560000 4.946120
4mod5-v1_22
original 2 21 33 22 12 6.000000 0.560000 5.368812
rd32_270
original 13 84 135 84 51 6.000000 0.560000 3.117492
hwb4_49
original 40 233 377 240 144 6.000000 0.560000 1.403317
urf5_280
improve 0 49829 90090 55939 40236 6.000000 0.560000 7.892042
4gt5_77
original 1 131 224 143 93 6.000000 0.560000 61.854843
rd84_253
original 0 13658 24725 14356 11067 6.000000 0.560000 2.784980
4_49_16
original 61 217 367 238 150 6.000000 0.560000 2.754262
qft_10
improve 0 200 275 74 63 6.000000 0.560000 5.963487
4mod5-bdd_287
original 2 70 118 78 48 6.000000 0.560000 0.196406
qft_16
improve 0 512 823 200 255 6.000000 0.560000 14.411162
urf1_149
improve 0 184864 324482 195911 139587 6.000000 0.560000 16.796623
urf5_158
original 0 164416 284551 168814 120135 6.000000 0.560000 10.143723
urf3_279
original 0 125362 234298 143239 108936 6.000000 0.560000 31.639061
4gt12-v0_86
improve 0 251 449 281 198 6.000000 0.560000 0.055820
4gt4-v0_73
original 16 395 653 409 258 6.000000 0.560000 0.661570
alu-v1_29
original 5 37 61 40 24 6.000000 0.560000 4.222005
alu-bdd_288
original 35 84 141 87 57 6.000000 0.560000 0.640146
decod24-v2_43
original 1 52 85 54 33 6.000000 0.560000 3.630166
mod8-10_178
original 10 342 579 350 237 6.000000 0.560000 0.628347
one-two-three-v0_98
original 37 146 245 153 99 6.000000 0.560000 57.287446
4gt4-v0_78
improve 10 235 400 250 165 6.000000 0.560000 0.458786
4mod5-v0_19
original 2 35 59 38 24 6.000000 0.560000 5.525423
alu-v2_30
original 0 504 885 547 381 6.000000 0.560000 0.032938
alu-v3_35
original 3 37 61 40 24 6.000000 0.560000 2.112142
dist_223
improve 0 38046 69021 39963 30969 6.000000 0.560000 6.181313
4gt4-v0_79
original 10 231 390 242 159 6.000000 0.560000 0.490487
hwb8_113
original 0 69380 121244 73048 51864 6.000000 0.560000 4.761211
ex3_229
original 35 403 679 422 276 6.000000 0.560000 0.823259
xor5_254
original 0 7 16 10 9 6.000000 0.560000 0.001884
f2_232
original 10 1206 2058 1271 852 6.000000 0.560000 2.225936
time:8736.432385