rd53_138
original 28 132 219 105 87 8.000000 0.751000 2.866505
4gt13-v1_93
original 12 68 113 65 45 8.000000 0.751000 13.504815
mod5mils_65
original 0 35 59 36 24 8.000000 0.751000 4.415613
mod5d1_63
original 2 22 37 26 15 8.000000 0.751000 21.320810
sym10_262
original 0 64283 115511 66418 51228 8.000000 0.751000 10.608842
aj-e11_165
original 1 151 244 150 93 8.000000 0.751000 2.187809
hwb9_119
improve 0 207775 364702 214504 156894 8.000000 0.751000 19.797294
4gt11_83
original 1 23 35 26 12 8.000000 0.751000 4.151563
cm42a_207
improve 6 1776 3009 1671 1233 8.000000 0.751000 11.133933
4gt4-v0_72
original 0 258 435 242 177 8.000000 0.751000 0.020025
max46_240
improve 0 27126 47418 26956 20289 8.000000 0.751000 2.390357
dc2_222
original 21 9462 16662 9665 7200 8.000000 0.751000 221.655312
sym9_193
original 0 34881 61950 35514 27069 8.000000 0.751000 11.191707
rd53_135
original 0 296 515 291 219 8.000000 0.751000 0.031437
mod10_171
original 0 244 409 254 165 8.000000 0.751000 13.053770
ising_model_13
original 0 633 705 143 72 8.000000 0.751000 0.837627
adr4_197
original 36 3439 6034 3376 2595 8.000000 0.751000 151.915596
4gt11_84
original 1 18 30 20 12 8.000000 0.751000 4.854065
4gt11_82
original 7 27 42 33 15 8.000000 0.751000 3.185759
wim_266
original 2 986 1694 934 708 8.000000 0.751000 7.785816
rd53_131
original 0 469 814 484 345 8.000000 0.751000 0.544025
mod8-10_177
original 14 440 725 452 285 8.000000 0.751000 0.768806
4gt10-v1_81
original 10 148 244 154 96 8.000000 0.751000 1.060416
alu-v1_28
original 41 37 61 39 24 8.000000 0.751000 25.368454
cnt3-5_179
original 13 175 316 125 141 8.000000 0.751000 4.792425
square_root_7
original 0 7630 13624 7272 5994 8.000000 0.751000 3.588769
one-two-three-v1_99
original 8 132 225 148 93 8.000000 0.751000 221.478484
mini_alu_305
improve 7 173 287 139 114 8.000000 0.751000 1.348267
rd53_311
original 0 275 512 266 237 8.000000 0.751000 0.038845
3_17_13
original 0 36 60 41 24 8.000000 0.751000 72.686976
rd73_252
original 0 5321 9287 5283 3966 8.000000 0.751000 0.385119
4gt4-v0_80
original 21 179 305 189 126 8.000000 0.751000 0.343702
hwb7_59
original 0 24379 41941 24348 17562 8.000000 0.751000 2.999842
ham3_102
original 7 20 35 21 15 8.000000 0.751000 73.741843
cnt3-5_180
original 0 485 836 388 351 8.000000 0.751000 14.920215
rd53_133
original 0 580 988 593 408 8.000000 0.751000 0.061519
4mod7-v0_94
original 8 162 267 163 105 8.000000 0.751000 3.806813
plus63mod4096_163
improve 0 128744 230165 138701 101349 8.000000 0.751000 26.804027
mini-alu_167
original 13 288 480 295 192 8.000000 0.751000 5.983156
root_255
improve 0 17159 30626 17083 13446 8.000000 0.751000 5.732316
z4_268
original 12 3073 5320 3021 2247 8.000000 0.751000 29.657753
majority_239
original 4 612 1002 603 390 8.000000 0.751000 1.072922
ex2_227
improve 0 631 1069 642 438 8.000000 0.751000 0.042992
urf2_277
improve 0 20112 37521 23639 17409 8.000000 0.751000 1.884804
one-two-three-v3_101
original 17 70 118 77 48 8.000000 0.751000 28.425132
4gt13_91
original 6 103 172 111 69 8.000000 0.751000 0.761258
4gt12-v1_89
original 46 228 381 233 153 8.000000 0.751000 0.655868
sqrt8_260
improve 13 3009 5268 3122 2259 8.000000 0.751000 55.196524
rd32-v0_66
original 0 34 52 33 18 8.000000 0.751000 16.630969
sym9_148
improve 0 21504 38556 23423 17031 8.000000 0.751000 5.509888
4gt5_75
original 1 83 140 84 57 8.000000 0.751000 3.518916
0410184_169
original 37 211 346 184 135 8.000000 0.751000 286.146547
urf2_152
original 0 80480 138941 81973 58461 8.000000 0.751000 4.988237
urf1_278
improve 0 54766 101338 63190 46545 8.000000 0.751000 12.168907
sym6_145
original 0 3888 6645 4061 2757 8.000000 0.751000 0.236209
alu-v2_32
original 1 163 277 168 114 8.000000 0.751000 10.316719
4gt12-v0_88
original 11 194 320 192 126 8.000000 0.751000 0.341349
squar5_261
original 2 1993 3454 1973 1461 8.000000 0.751000 10.302890
alu-v2_31
original 12 451 730 437 279 8.000000 0.751000 8.471915
hwb5_53
original 0 1336 2296 1416 960 8.000000 0.751000 0.076789
one-two-three-v2_100
original 13 69 117 77 48 8.000000 0.751000 42.552203
cycle10_2_110
original 0 6050 10628 6218 4578 8.000000 0.751000 0.417890
urf6_160
improve 0 171840 310533 179488 138654 8.000000 0.751000 24.067004
ising_model_10
original 0 480 606 110 126 8.000000 0.751000 0.997680
sys6-v0_111
original 14 215 368 141 153 8.000000 0.751000 1.659379
plus63mod8192_164
improve 0 187112 340781 209503 153387 8.000000 0.751000 80.594795
mod5adder_127
original 0 555 966 586 411 8.000000 0.751000 0.094889
rd73_140
original 28 230 389 177 159 8.000000 0.751000 4.903064
4mod5-v1_23
original 1 69 126 84 57 8.000000 0.751000 6.008281
graycode6_47
original 0 5 29 13 24 8.000000 0.751000 0.021365
ising_model_16
improve 0 786 1074 171 288 8.000000 0.751000 2.541419
ham7_104
original 26 320 557 348 237 8.000000 0.751000 0.648869
ex-1_166
original 0 19 31 21 12 8.000000 0.751000 30.332479
decod24-v3_45
original 8 150 243 143 93 8.000000 0.751000 38.071336
urf4_187
improve 0 512064 897696 498721 385599 8.000000 0.751000 40.607135
life_238
improve 0 22445 39650 23175 17205 8.000000 0.751000 1.766571
con1_216
original 0 954 1647 939 693 8.000000 0.751000 0.062630
hwb6_56
original 0 6723 11625 6882 4902 8.000000 0.751000 0.395717
mod10_176
original 14 178 280 171 102 8.000000 0.751000 17.048466
ex1_226
original 0 7 13 9 6 8.000000 0.751000 0.001768
sf_276
original 23 778 1309 786 531 8.000000 0.751000 2.017751
cm152a_212
original 0 1221 2136 1247 915 8.000000 0.751000 1.423580
4gt12-v0_87
original 0 247 424 257 177 8.000000 0.751000 0.020934
decod24-enable_126
original 6 338 581 358 243 8.000000 0.751000 0.566515
radd_250
improve 0 3213 5703 3335 2490 8.000000 0.751000 0.266256
pm1_249
improve 6 1776 3009 1671 1233 8.000000 0.751000 10.985638
sf_274
original 48 781 1324 788 543 8.000000 0.751000 2.130490
miller_11
original 109 50 83 53 33 8.000000 0.751000 12.389828
rd53_251
original 0 1291 2248 1325 957 8.000000 0.751000 0.080870
mlp4_245
improve 50 18852 33266 19053 14391 8.000000 0.751000 609.718092
9symml_195
original 0 34881 61950 35514 27069 8.000000 0.751000 11.655692
rd84_142
original 47 343 589 222 246 8.000000 0.751000 26.917924
inc_237
original 4 10619 18449 10497 7830 8.000000 0.751000 48.301030
sqn_258
improve 0 10223 17831 10220 7599 8.000000 0.751000 2.589130
alu-v2_33
original 95 37 58 37 21 8.000000 0.751000 27.571588
sao2_257
improve 0 38577 69901 39836 31227 8.000000 0.751000 23.562579
co14_215
improve 0 17936 33183 17293 15210 8.000000 0.751000 11.502829
decod24-v1_41
original 17 85 142 90 57 8.000000 0.751000 3.705851
4mod5-v0_20
original 2 20 29 18 9 8.000000 0.751000 41.165800
alu-v4_37
original 5 37 61 40 24 8.000000 0.751000 4.222208
urf3_155
improve 0 423488 743308 442668 319794 8.000000 0.751000 22.057717
misex1_241
original 0 4813 8407 4930 3594 8.000000 0.751000 4.066877
alu-v0_27
original 14 36 60 40 24 8.000000 0.751000 3.631554
4mod5-v1_24
original 2 36 63 40 27 8.000000 0.751000 42.248280
4mod7-v1_96
original 32 164 272 165 108 8.000000 0.751000 13.576527
cm82a_208
original 2 650 1088 600 438 8.000000 0.751000 1.503237
ham15_107
improve 11 8763 15327 8892 6564 8.000000 0.751000 327.671217
0example
original 3 9 18 13 9 8.000000 0.751000 15.107437
dc1_220
original 0 1914 3375 1862 1461 8.000000 0.751000 0.126309
4gt4-v1_74
original 0 273 480 300 207 8.000000 0.751000 0.021967
rd32-v1_68
original 0 36 54 33 18 8.000000 0.751000 16.477212
decod24-v0_38
original 99 51 84 56 33 8.000000 0.751000 7.697086
sym6_316
original 0 270 507 277 237 8.000000 0.751000 0.029776
alu-v0_26
original 33 84 135 80 51 8.000000 0.751000 1.349490
clip_206
original 0 33827 60251 33743 26424 8.000000 0.751000 13.098017
4mod5-v0_18
original 34 69 114 73 45 8.000000 0.751000 6.145515
cm85a_209
original 0 11414 20219 11907 8805 8.000000 0.751000 2.818614
alu-v4_36
original 9 115 190 120 75 8.000000 0.751000 30.816956
one-two-three-v0_97
original 1 290 488 307 198 8.000000 0.751000 2.204687
4gt13_90
original 6 107 179 117 72 8.000000 0.751000 0.777825
mod5d2_64
original 95 53 89 61 36 8.000000 0.751000 6.082176
ground_state_estimation_10
improve 0 390180 445815 205149 55635 8.000000 0.751000 12.603176
C17_204
improve 0 467 818 499 351 8.000000 0.751000 0.149423
4gt13_92
original 7 66 108 70 42 8.000000 0.751000 23.522659
rd53_130
improve 0 1043 1784 1076 741 8.000000 0.751000 0.065727
alu-v3_34
original 32 52 85 52 33 8.000000 0.751000 3.058953
decod24-bdd_294
original 0 73 118 73 45 8.000000 0.751000 0.007094
4gt5_76
original 1 91 148 90 57 8.000000 0.751000 2.136326
sym9_146
original 3 328 568 258 240 8.000000 0.751000 29.438306
4mod5-v1_22
original 2 21 33 22 12 8.000000 0.751000 5.561268
rd32_270
original 2 84 138 84 54 8.000000 0.751000 3.547802
hwb4_49
original 40 233 374 227 141 8.000000 0.751000 1.474246
urf5_280
original 0 49829 90503 54507 40674 8.000000 0.751000 4.082694
4gt5_77
original 1 131 221 144 90 8.000000 0.751000 46.922815
rd84_253
improve 0 13658 24449 13836 10785 8.000000 0.751000 3.000931
4_49_16
original 32 217 367 225 150 8.000000 0.751000 2.849872
qft_10
original 0 200 287 88 87 8.000000 0.751000 0.099901
4mod5-bdd_287
original 2 70 118 77 48 8.000000 0.751000 0.224050
qft_16
improve 0 512 896 253 306 8.000000 0.751000 21.088073
urf1_149
original 0 184864 326191 189889 141327 8.000000 0.751000 12.427795
urf5_158
original 0 164416 283807 165121 119391 8.000000 0.751000 10.515299
urf3_279
original 0 125362 233893 140557 108531 8.000000 0.751000 32.962151
4gt12-v0_86
original 0 251 431 265 180 8.000000 0.751000 0.055181
4gt4-v0_73
original 0 395 671 419 276 8.000000 0.751000 0.691296
alu-v1_29
original 14 37 61 40 24 8.000000 0.751000 3.805526
alu-bdd_288
original 2 84 147 94 63 8.000000 0.751000 0.697114
decod24-v2_43
original 1 52 85 55 33 8.000000 0.751000 3.911398
mod8-10_178
original 31 342 561 342 219 8.000000 0.751000 0.641796
one-two-three-v0_98
original 40 146 242 145 96 8.000000 0.751000 50.716542
4gt4-v0_78
original 9 235 397 246 162 8.000000 0.751000 0.418589
4mod5-v0_19
original 2 35 59 38 24 8.000000 0.751000 5.667449
alu-v2_30
original 0 504 870 527 366 8.000000 0.751000 0.031264
alu-v3_35
original 1 37 64 40 27 8.000000 0.751000 2.035012
dist_223
improve 0 38046 67902 37927 29823 8.000000 0.751000 11.615991
4gt4-v0_79
original 9 231 390 240 159 8.000000 0.751000 0.418768
hwb8_113
improve 0 69380 119549 71643 50169 8.000000 0.751000 4.208659
ex3_229
improve 2 403 673 407 270 8.000000 0.751000 0.824872
xor5_254
original 0 7 13 9 6 8.000000 0.751000 0.001840
f2_232
original 12 1206 2016 1190 810 8.000000 0.751000 4.499754
time:10319.986626