rd53_138
original 48 132 210 100 78 1.000000 0.351200 0.541493
4gt13-v1_93
original 14 68 110 62 42 1.000000 0.351200 12.968591
mod5mils_65
original 0 35 59 35 24 1.000000 0.351200 3.501585
mod5d1_63
original 2 22 37 26 15 1.000000 0.351200 18.148859
sym10_262
improve 0 64283 122257 74571 57903 1.000000 0.351200 29.487481
aj-e11_165
original 14 151 262 168 111 1.000000 0.351200 4.689291
hwb9_119
improve 0 207775 390102 243489 182142 1.000000 0.351200 65.460182
4gt11_83
original 1 23 35 26 12 1.000000 0.351200 3.776145
cm42a_207
original 24 1776 3186 1917 1410 1.000000 0.351200 12.312445
4gt4-v0_72
original 0 258 444 267 186 1.000000 0.351200 0.020699
max46_240
original 0 27126 50706 29849 23580 1.000000 0.351200 11.422873
dc2_222
original 16 9462 17739 10778 8277 1.000000 0.351200 850.155583
sym9_193
original 0 34881 66423 40671 31542 1.000000 0.351200 16.730608
rd53_135
improve 0 296 530 345 234 1.000000 0.351200 0.030137
mod10_171
original 55 244 418 271 174 1.000000 0.351200 11.563710
ising_model_13
original 0 633 879 173 246 1.000000 0.351200 1.101936
adr4_197
improve 9 3439 6394 3810 2955 1.000000 0.351200 115.788954
4gt11_84
original 1 18 30 20 12 1.000000 0.351200 3.928160
4gt11_82
original 5 27 42 33 15 1.000000 0.351200 3.621962
wim_266
improve 46 986 1739 1006 753 1.000000 0.351200 11.387556
rd53_131
original 0 469 877 546 408 1.000000 0.351200 0.037438
mod8-10_177
improve 14 440 755 476 315 1.000000 0.351200 0.739513
4gt10-v1_81
original 26 148 253 168 105 1.000000 0.351200 1.800841
alu-v1_28
original 19 37 61 41 24 1.000000 0.351200 26.648844
cnt3-5_179
improve 14 175 328 148 153 1.000000 0.351200 5.739374
square_root_7
improve 0 7630 14120 8172 6453 1.000000 0.351200 9.974167
one-two-three-v1_99
original 34 132 222 141 90 1.000000 0.351200 199.223484
mini_alu_305
improve 19 173 293 141 120 1.000000 0.351200 4.963087
rd53_311
improve 0 275 533 302 258 1.000000 0.351200 0.042330
3_17_13
original 1 36 57 37 21 1.000000 0.351200 69.169867
rd73_252
original 0 5321 10067 6095 4746 1.000000 0.351200 1.438434
4gt4-v0_80
original 21 179 299 185 120 1.000000 0.351200 0.298455
hwb7_59
improve 0 24379 44455 27297 20070 1.000000 0.351200 2.892661
ham3_102
original 0 20 32 23 12 1.000000 0.351200 67.956948
cnt3-5_180
improve 22 485 860 436 375 1.000000 0.351200 29.218140
rd53_133
improve 0 580 994 655 414 1.000000 0.351200 0.033656
4mod7-v0_94
original 34 162 273 171 111 1.000000 0.351200 4.831485
plus63mod4096_163
improve 0 128744 245330 154359 116334 1.000000 0.351200 100.911315
mini-alu_167
original 23 288 474 287 186 1.000000 0.351200 9.859745
root_255
original 0 17159 32525 18699 15366 1.000000 0.351200 12.262283
z4_268
original 2 3073 5638 3446 2565 1.000000 0.351200 83.347068
majority_239
original 0 612 1074 685 462 1.000000 0.351200 1.961498
ex2_227
improve 0 631 1132 714 501 1.000000 0.351200 0.118249
urf2_277
original 0 20112 38913 24591 18801 1.000000 0.351200 1.861630
one-two-three-v3_101
original 45 70 115 72 45 1.000000 0.351200 33.610293
4gt13_91
original 0 103 172 112 69 1.000000 0.351200 1.213594
4gt12-v1_89
original 22 228 384 234 156 1.000000 0.351200 0.573647
sqrt8_260
improve 8 3009 5641 3513 2628 1.000000 0.351200 42.778378
rd32-v0_66
original 11 34 52 34 18 1.000000 0.351200 15.072203
sym9_148
improve 0 21504 40209 25890 18678 1.000000 0.351200 7.316503
4gt5_75
original 75 83 134 80 51 1.000000 0.351200 720.771290
0410184_169
improve 78 211 379 212 168 1.000000 0.351200 471.598712
urf2_152
improve 0 80480 142817 87021 62337 1.000000 0.351200 4.873954
urf1_278
improve 0 54766 104542 65632 49776 1.000000 0.351200 5.176028
sym6_145
original 0 3888 7062 4411 3174 1.000000 0.351200 0.262076
alu-v2_32
original 7 163 280 169 117 1.000000 0.351200 13.606484
4gt12-v0_88
original 21 194 329 202 135 1.000000 0.351200 0.325235
squar5_261
improve 3 1993 3637 2143 1644 1.000000 0.351200 26.678504
alu-v2_31
original 19 451 754 462 303 1.000000 0.351200 12.567131
hwb5_53
original 0 1336 2398 1506 1062 1.000000 0.351200 0.073456
one-two-three-v2_100
original 96 69 114 73 45 1.000000 0.351200 42.183400
cycle10_2_110
improve 0 6050 11339 7147 5274 1.000000 0.351200 4.453816
urf6_160
improve 0 171840 324082 190886 152076 1.000000 0.351200 60.822117
ising_model_10
original 0 480 648 121 168 1.000000 0.351200 1.345694
sys6-v0_111
original 48 215 344 135 129 1.000000 0.351200 4.101456
plus63mod8192_164
improve 0 187112 362240 233703 174864 1.000000 0.351200 75.822632
mod5adder_127
improve 0 555 957 620 402 1.000000 0.351200 0.084248
rd73_140
improve 35 230 392 187 162 1.000000 0.351200 3.709858
4mod5-v1_23
original 18 69 120 81 51 1.000000 0.351200 10.644337
graycode6_47
original 0 5 29 13 24 1.000000 0.351200 0.017633
ising_model_16
original 0 786 1146 184 360 1.000000 0.351200 26.128011
ham7_104
original 11 320 563 363 243 1.000000 0.351200 0.734218
ex-1_166
original 4 19 28 18 9 1.000000 0.351200 25.366944
decod24-v3_45
original 61 150 246 149 96 1.000000 0.351200 123.391989
urf4_187
improve 0 512064 948787 553402 436473 1.000000 0.351200 84.141392
life_238
improve 0 22445 42365 26201 19911 1.000000 0.351200 5.052359
con1_216
original 0 954 1752 1050 798 1.000000 0.351200 0.076152
hwb6_56
original 0 6723 12351 7684 5628 1.000000 0.351200 0.444201
mod10_176
improve 10 178 298 185 120 1.000000 0.351200 15.495281
ex1_226
original 0 7 16 10 9 1.000000 0.351200 0.002420
sf_276
original 13 778 1345 851 567 1.000000 0.351200 2.064767
cm152a_212
original 0 1221 2298 1425 1077 1.000000 0.351200 0.496038
4gt12-v0_87
original 0 247 439 272 192 1.000000 0.351200 0.018080
decod24-enable_126
original 3 338 581 363 243 1.000000 0.351200 0.616889
radd_250
original 0 3213 6099 3791 2886 1.000000 0.351200 0.408458
pm1_249
original 24 1776 3186 1917 1410 1.000000 0.351200 12.783481
sf_274
original 16 781 1318 828 537 1.000000 0.351200 1.984502
miller_11
original 36 50 77 50 27 1.000000 0.351200 33.594833
rd53_251
original 0 1291 2341 1451 1050 1.000000 0.351200 0.092903
mlp4_245
original 18 18852 35754 21745 16902 1.000000 0.351200 1225.236128
9symml_195
original 0 34881 66423 40671 31542 1.000000 0.351200 17.104467
rd84_142
original 50 343 598 224 255 1.000000 0.351200 34.101742
inc_237
improve 12 10619 19703 12006 9075 1.000000 0.351200 178.884351
sqn_258
improve 0 10223 18938 11345 8700 1.000000 0.351200 8.266953
alu-v2_33
original 95 37 58 38 21 1.000000 0.351200 21.858160
sao2_257
improve 0 38577 74718 44964 35958 1.000000 0.351200 40.696930
co14_215
improve 0 17936 35707 19576 17640 1.000000 0.351200 47.881993
decod24-v1_41
original 0 85 142 93 57 1.000000 0.351200 3.910175
4mod5-v0_20
original 2 20 29 18 9 1.000000 0.351200 37.539454
alu-v4_37
original 89 37 64 40 27 1.000000 0.351200 13.468739
urf3_155
improve 0 423488 766474 472032 342903 1.000000 0.351200 47.962612
misex1_241
improve 0 4813 9019 5694 4206 1.000000 0.351200 0.449804
alu-v0_27
original 89 36 60 36 24 1.000000 0.351200 13.522773
4mod5-v1_24
original 14 36 60 39 24 1.000000 0.351200 33.544055
4mod7-v1_96
original 8 164 269 171 105 1.000000 0.351200 18.298186
cm82a_208
improve 10 650 1133 663 483 1.000000 0.351200 2.451260
ham15_107
original 23 8763 16398 10043 7635 1.000000 0.351200 1257.763338
0example
original 37 9 18 12 9 1.000000 0.351200 18.596399
dc1_220
improve 0 1914 3501 2131 1587 1.000000 0.351200 0.140070
4gt4-v1_74
improve 0 273 486 313 213 1.000000 0.351200 0.020471
rd32-v1_68
original 11 36 54 34 18 1.000000 0.351200 12.251423
decod24-v0_38
original 11 51 81 51 30 1.000000 0.351200 12.504443
sym6_316
original 0 270 498 278 228 1.000000 0.351200 0.028027
alu-v0_26
original 19 84 138 88 54 1.000000 0.351200 1.278563
clip_206
original 0 33827 64703 38410 30876 1.000000 0.351200 8.315742
4mod5-v0_18
original 8 69 114 76 45 1.000000 0.351200 9.406649
cm85a_209
original 0 11414 21707 13474 10293 1.000000 0.351200 14.513105
alu-v4_36
original 34 115 193 124 78 1.000000 0.351200 31.863785
one-two-three-v0_97
improve 10 290 494 314 204 1.000000 0.351200 2.389470
4gt13_90
original 26 107 179 118 72 1.000000 0.351200 1.327912
mod5d2_64
original 7 53 86 58 33 1.000000 0.351200 5.876140
ground_state_estimation_10
improve 0 390180 518406 267202 128223 1.000000 0.351200 12.278754
C17_204
improve 0 467 863 541 396 1.000000 0.351200 0.147026
4gt13_92
original 1 66 114 75 48 1.000000 0.351200 58.367277
rd53_130
improve 0 1043 1880 1159 837 1.000000 0.351200 0.069007
alu-v3_34
original 98 52 82 50 30 1.000000 0.351200 4.500741
decod24-bdd_294
original 0 73 118 73 45 1.000000 0.351200 0.006395
4gt5_76
original 19 91 154 96 63 1.000000 0.351200 1.796824
sym9_146
original 22 328 595 278 267 1.000000 0.351200 17.371075
4mod5-v1_22
original 2 21 30 19 9 1.000000 0.351200 5.008616
rd32_270
original 2 84 135 85 51 1.000000 0.351200 2.885987
hwb4_49
original 41 233 383 239 150 1.000000 0.351200 1.446862
urf5_280
improve 0 49829 94220 59524 44391 1.000000 0.351200 4.525350
4gt5_77
original 12 131 221 136 90 1.000000 0.351200 107.805864
rd84_253
original 0 13658 25748 15324 12090 1.000000 0.351200 4.720366
4_49_16
original 24 217 370 237 153 1.000000 0.351200 3.255513
qft_10
improve 0 200 304 96 87 1.000000 0.351200 4.971899
4mod5-bdd_287
original 1 70 115 76 45 1.000000 0.351200 0.222720
qft_16
improve 0 512 950 256 366 1.000000 0.351200 15.661085
urf1_149
improve 0 184864 335712 206961 150840 1.000000 0.351200 13.038944
urf5_158
improve 0 164416 292984 176515 128550 1.000000 0.351200 14.524685
urf3_279
improve 0 125362 242683 152479 117204 1.000000 0.351200 35.019968
4gt12-v0_86
original 0 251 443 280 192 1.000000 0.351200 0.050770
4gt4-v0_73
original 26 395 674 419 279 1.000000 0.351200 1.145994
alu-v1_29
original 89 37 61 36 24 1.000000 0.351200 13.734535
alu-bdd_288
original 5 84 141 91 57 1.000000 0.351200 0.636178
decod24-v2_43
original 16 52 85 53 33 1.000000 0.351200 9.888885
mod8-10_178
original 35 342 591 373 249 1.000000 0.351200 0.637426
one-two-three-v0_98
original 66 146 245 154 99 1.000000 0.351200 47.150028
4gt4-v0_78
original 16 235 403 255 168 1.000000 0.351200 0.497718
4mod5-v0_19
original 75 35 56 37 21 1.000000 0.351200 6.864672
alu-v2_30
original 0 504 915 568 411 1.000000 0.351200 0.040890
alu-v3_35
original 3 37 61 40 24 1.000000 0.351200 52.005602
dist_223
improve 0 38046 72447 42839 34311 1.000000 0.351200 29.257904
4gt4-v0_79
original 16 231 396 245 165 1.000000 0.351200 0.585567
hwb8_113
improve 0 69380 127235 80169 57846 1.000000 0.351200 7.606712
ex3_229
original 35 403 688 414 285 1.000000 0.351200 0.845310
xor5_254
original 0 7 16 10 9 1.000000 0.351200 0.002475
f2_232
original 12 1206 2124 1310 918 1.000000 0.351200 3.515353
time:7368.098028