rd53_138
original 14 132 222 121 90 4.000000 0.561000 0.591230
4gt13-v1_93
original 17 68 110 68 42 4.000000 0.561000 13.834427
mod5mils_65
original 27 35 59 39 24 4.000000 0.561000 4.043977
mod5d1_63
original 2 22 37 26 15 4.000000 0.561000 17.664370
sym10_262
improve 0 64283 116944 69498 52620 4.000000 0.561000 13.116992
aj-e11_165
original 1 151 256 163 105 4.000000 0.561000 3.087028
hwb9_119
improve 0 207775 373298 225524 165426 4.000000 0.561000 33.346309
4gt11_83
original 1 23 35 26 12 4.000000 0.561000 3.906748
cm42a_207
improve 48 1776 3075 1762 1299 4.000000 0.561000 20.146656
4gt4-v0_72
original 0 258 453 262 195 4.000000 0.561000 0.017714
max46_240
original 0 27126 48549 27701 21423 4.000000 0.561000 3.117957
dc2_222
original 35 9462 17001 10026 7539 4.000000 0.561000 322.354516
sym9_193
improve 0 34881 63530 38092 28584 4.000000 0.561000 15.815191
rd53_135
original 0 296 533 301 237 4.000000 0.561000 0.029986
mod10_171
original 0 244 415 257 171 4.000000 0.561000 12.324029
ising_model_13
original 0 633 774 143 141 4.000000 0.561000 25.775315
adr4_197
improve 11 3439 6127 3583 2688 4.000000 0.561000 48.153743
4gt11_84
original 49 18 30 18 12 4.000000 0.561000 4.041761
4gt11_82
original 8 27 45 30 18 4.000000 0.561000 4.600479
wim_266
original 51 986 1673 941 687 4.000000 0.561000 32.086493
rd53_131
original 0 469 817 483 348 4.000000 0.561000 0.038757
mod8-10_177
improve 14 440 734 445 294 4.000000 0.561000 0.742881
4gt10-v1_81
original 11 148 244 155 96 4.000000 0.561000 1.550792
alu-v1_28
original 41 37 61 40 24 4.000000 0.561000 35.805300
cnt3-5_179
original 14 175 316 132 141 4.000000 0.561000 5.323366
square_root_7
original 0 7630 13711 7509 6081 4.000000 0.561000 9.647521
one-two-three-v1_99
original 34 132 219 137 87 4.000000 0.561000 234.853054
mini_alu_305
original 9 173 302 140 129 4.000000 0.561000 0.756812
rd53_311
original 0 275 524 269 249 4.000000 0.561000 0.035656
3_17_13
original 0 36 60 41 24 4.000000 0.561000 74.267761
rd73_252
original 0 5321 9500 5524 4179 4.000000 0.561000 3.831020
4gt4-v0_80
original 1 179 305 184 126 4.000000 0.561000 0.319355
hwb7_59
original 0 24379 42607 25525 18228 4.000000 0.561000 1.442650
ham3_102
original 7 20 35 21 15 4.000000 0.561000 75.201398
cnt3-5_180
original 22 485 827 406 342 4.000000 0.561000 22.982775
rd53_133
original 0 580 976 583 396 4.000000 0.561000 0.033821
4mod7-v0_94
original 22 162 270 169 108 4.000000 0.561000 3.866744
plus63mod4096_163
improve 0 128744 234517 144238 105696 4.000000 0.561000 27.477965
mini-alu_167
original 5 288 483 290 195 4.000000 0.561000 10.142721
root_255
improve 0 17159 31082 17907 13917 4.000000 0.561000 3.098176
z4_268
improve 0 3073 5425 3235 2352 4.000000 0.561000 19.132813
majority_239
original 1 612 1041 636 429 4.000000 0.561000 1.022472
ex2_227
original 0 631 1090 656 459 4.000000 0.561000 0.042045
urf2_277
improve 0 20112 37620 24530 17508 4.000000 0.561000 1.739903
one-two-three-v3_101
original 17 70 118 74 48 4.000000 0.561000 38.164088
4gt13_91
original 10 103 172 105 69 4.000000 0.561000 0.845353
4gt12-v1_89
original 36 228 384 231 156 4.000000 0.561000 0.619334
sqrt8_260
improve 18 3009 5349 3158 2340 4.000000 0.561000 27.975021
rd32-v0_66
original 0 34 52 33 18 4.000000 0.561000 13.234303
sym9_148
improve 0 21504 38019 23158 16515 4.000000 0.561000 1.316244
4gt5_75
original 32 83 137 84 54 4.000000 0.561000 3.558018
0410184_169
original 37 211 346 179 135 4.000000 0.561000 432.142751
urf2_152
improve 0 80480 140096 84322 59616 4.000000 0.561000 4.573142
urf1_278
improve 0 54766 101659 63966 46890 4.000000 0.561000 5.171071
sym6_145
original 0 3888 6735 4167 2847 4.000000 0.561000 0.208106
alu-v2_32
original 5 163 277 171 114 4.000000 0.561000 4.157966
4gt12-v0_88
original 21 194 326 203 132 4.000000 0.561000 0.321071
squar5_261
original 28 1993 3532 1993 1539 4.000000 0.561000 10.977927
alu-v2_31
original 8 451 742 448 291 4.000000 0.561000 8.605764
hwb5_53
original 0 1336 2311 1421 975 4.000000 0.561000 0.071056
one-two-three-v2_100
original 96 69 114 70 45 4.000000 0.561000 44.241266
cycle10_2_110
original 0 6050 10802 6579 4752 4.000000 0.561000 0.425605
urf6_160
improve 0 171840 314310 180517 142431 4.000000 0.561000 27.217274
ising_model_10
original 0 480 627 110 147 4.000000 0.561000 0.885205
sys6-v0_111
original 31 215 368 158 153 4.000000 0.561000 1.758614
plus63mod8192_164
improve 0 187112 346588 217134 159315 4.000000 0.561000 46.363062
mod5adder_127
improve 0 555 978 607 423 4.000000 0.561000 0.091307
rd73_140
improve 36 230 389 183 159 4.000000 0.561000 1.415293
4mod5-v1_23
original 24 69 126 80 57 4.000000 0.561000 6.836716
graycode6_47
original 0 5 29 13 24 4.000000 0.561000 0.018714
ising_model_16
original 0 786 1092 176 306 4.000000 0.561000 2.172708
ham7_104
original 6 320 551 334 231 4.000000 0.561000 0.688149
ex-1_166
original 0 19 31 21 12 4.000000 0.561000 30.124401
decod24-v3_45
original 1 150 246 142 96 4.000000 0.561000 39.292955
urf4_187
original 0 512064 911709 510920 399645 4.000000 0.561000 39.748172
life_238
original 0 22445 40319 24058 17874 4.000000 0.561000 3.278367
con1_216
improve 0 954 1683 1003 729 4.000000 0.561000 0.068346
hwb6_56
original 0 6723 11802 7065 5079 4.000000 0.561000 0.741472
mod10_176
original 5 178 292 183 114 4.000000 0.561000 9.899051
ex1_226
original 0 7 16 10 9 4.000000 0.561000 0.002469
sf_276
original 34 778 1297 786 519 4.000000 0.561000 1.797931
cm152a_212
improve 0 1221 2172 1298 951 4.000000 0.561000 0.103094
4gt12-v0_87
original 0 247 427 252 180 4.000000 0.561000 0.021974
decod24-enable_126
original 1 338 590 370 252 4.000000 0.561000 0.596186
radd_250
original 0 3213 5823 3462 2610 4.000000 0.561000 0.266686
pm1_249
improve 48 1776 3075 1762 1299 4.000000 0.561000 20.038895
sf_274
original 1 781 1297 801 516 4.000000 0.561000 1.804205
miller_11
original 109 50 86 55 36 4.000000 0.561000 12.214042
rd53_251
original 0 1291 2230 1336 939 4.000000 0.561000 0.074714
mlp4_245
improve 5 18852 34275 20497 15420 4.000000 0.561000 431.936381
9symml_195
improve 0 34881 63530 38092 28584 4.000000 0.561000 15.890239
rd84_142
original 32 343 598 221 255 4.000000 0.561000 13.094293
inc_237
original 6 10619 18617 10786 7998 4.000000 0.561000 44.866775
sqn_258
improve 0 10223 18107 10563 7884 4.000000 0.561000 0.826688
alu-v2_33
original 2 37 61 39 24 4.000000 0.561000 31.112211
sao2_257
improve 0 38577 70385 40789 31779 4.000000 0.561000 9.094184
co14_215
original 0 17936 33665 17475 15729 4.000000 0.561000 17.978397
decod24-v1_41
original 0 85 142 93 57 4.000000 0.561000 3.952323
4mod5-v0_20
original 2 20 29 18 9 4.000000 0.561000 39.259240
alu-v4_37
original 17 37 64 41 27 4.000000 0.561000 4.413823
urf3_155
improve 0 423488 752088 449344 328560 4.000000 0.561000 34.301872
misex1_241
improve 0 4813 8608 5134 3795 4.000000 0.561000 0.396404
alu-v0_27
original 17 36 63 41 27 4.000000 0.561000 4.093318
4mod5-v1_24
original 14 36 60 39 24 4.000000 0.561000 38.655905
4mod7-v1_96
original 12 164 275 170 111 4.000000 0.561000 23.563616
cm82a_208
original 25 650 1091 606 441 4.000000 0.561000 2.877357
ham15_107
improve 30 8763 15549 9127 6762 4.000000 0.561000 1130.643750
0example
original 3 9 18 13 9 4.000000 0.561000 15.467375
dc1_220
original 0 1914 3381 1998 1467 4.000000 0.561000 0.139446
4gt4-v1_74
original 0 273 477 293 204 4.000000 0.561000 0.022260
rd32-v1_68
original 0 36 54 33 18 4.000000 0.561000 13.128218
decod24-v0_38
original 1 51 84 55 33 4.000000 0.561000 10.732552
sym6_316
original 0 270 540 296 270 4.000000 0.561000 0.032510
alu-v0_26
original 9 84 138 82 54 4.000000 0.561000 1.299290
clip_206
improve 0 33827 61598 35948 27762 4.000000 0.561000 4.618360
4mod5-v0_18
original 24 69 111 67 42 4.000000 0.561000 7.319572
cm85a_209
original 0 11414 20633 12473 9219 4.000000 0.561000 0.883817
alu-v4_36
original 9 115 193 118 78 4.000000 0.561000 34.713715
one-two-three-v0_97
original 17 290 485 300 195 4.000000 0.561000 2.388660
4gt13_90
original 10 107 179 111 72 4.000000 0.561000 0.792637
mod5d2_64
original 31 53 89 58 36 4.000000 0.561000 5.814451
ground_state_estimation_10
original 0 390180 457245 206409 67065 4.000000 0.561000 11.765928
C17_204
original 0 467 809 487 342 4.000000 0.561000 0.144548
4gt13_92
original 31 66 111 65 45 4.000000 0.561000 51.785151
rd53_130
improve 0 1043 1832 1110 789 4.000000 0.561000 0.058442
alu-v3_34
original 41 52 85 54 33 4.000000 0.561000 2.958244
decod24-bdd_294
original 0 73 118 73 45 4.000000 0.561000 0.007908
4gt5_76
original 1 91 148 93 57 4.000000 0.561000 2.027044
sym9_146
improve 47 328 574 272 246 4.000000 0.561000 51.270185
4mod5-v1_22
original 2 21 33 22 12 4.000000 0.561000 5.355191
rd32_270
original 6 84 135 81 51 4.000000 0.561000 3.045755
hwb4_49
original 13 233 392 241 159 4.000000 0.561000 1.536874
urf5_280
improve 0 49829 90818 56354 40989 4.000000 0.561000 3.735477
4gt5_77
original 1 131 221 132 90 4.000000 0.561000 38.617418
rd84_253
improve 0 13658 24792 14350 11127 4.000000 0.561000 2.256999
4_49_16
original 2 217 370 236 153 4.000000 0.561000 2.668384
qft_10
improve 0 200 267 66 63 4.000000 0.561000 0.919590
4mod5-bdd_287
original 25 70 121 79 51 4.000000 0.561000 0.213893
qft_16
improve 0 512 873 226 249 4.000000 0.561000 26.841250
urf1_149
improve 0 184864 329557 196254 144675 4.000000 0.561000 12.674946
urf5_158
original 0 164416 287524 168106 123108 4.000000 0.561000 10.082758
urf3_279
improve 0 125362 235151 144416 109746 4.000000 0.561000 18.329393
4gt12-v0_86
original 0 251 437 259 186 4.000000 0.561000 0.053771
4gt4-v0_73
original 9 395 659 404 264 4.000000 0.561000 0.678517
alu-v1_29
original 17 37 64 41 27 4.000000 0.561000 4.034025
alu-bdd_288
original 51 84 147 93 63 4.000000 0.561000 0.698436
decod24-v2_43
original 1 52 85 55 33 4.000000 0.561000 3.500338
mod8-10_178
original 35 342 567 341 225 4.000000 0.561000 0.588354
one-two-three-v0_98
original 40 146 248 159 102 4.000000 0.561000 130.053709
4gt4-v0_78
original 9 235 394 240 159 4.000000 0.561000 0.559831
4mod5-v0_19
original 27 35 59 39 24 4.000000 0.561000 5.600889
alu-v2_30
improve 0 504 846 513 342 4.000000 0.561000 0.028165
alu-v3_35
original 3 37 61 37 24 4.000000 0.561000 2.096027
dist_223
improve 0 38046 68760 39595 30696 4.000000 0.561000 7.455029
4gt4-v0_79
original 16 231 387 233 156 4.000000 0.561000 0.521923
hwb8_113
original 0 69380 121565 72802 52185 4.000000 0.561000 4.062078
ex3_229
original 35 403 670 398 267 4.000000 0.561000 0.785940
xor5_254
original 0 7 16 10 9 4.000000 0.561000 0.002005
f2_232
original 31 1206 2025 1225 819 4.000000 0.561000 3.032489
time:13034.175859