rd53_138
original 19 132 216 109 84 5.000000 0.761000 0.544277
4gt13-v1_93
original 3 68 110 62 42 5.000000 0.761000 13.521918
mod5mils_65
original 2 35 56 37 21 5.000000 0.761000 4.155043
mod5d1_63
original 168 22 34 22 12 5.000000 0.761000 18.617813
sym10_262
original 0 64283 115427 68874 51144 5.000000 0.761000 25.524434
aj-e11_165
original 67 151 253 162 102 5.000000 0.761000 2.331361
hwb9_119
original 0 207775 368464 222388 160689 5.000000 0.761000 50.142881
4gt11_83
original 1 23 35 26 12 5.000000 0.761000 3.570765
cm42a_207
original 48 1776 3063 1750 1287 5.000000 0.761000 26.524809
4gt4-v0_72
original 0 258 459 270 201 5.000000 0.761000 0.022481
max46_240
original 0 27126 48054 27579 20928 5.000000 0.761000 2.165539
dc2_222
original 53 9462 16830 10291 7368 5.000000 0.761000 392.155177
sym9_193
improve 0 34881 62607 37728 27705 5.000000 0.761000 5.187051
rd53_135
original 0 296 506 292 210 5.000000 0.761000 0.028587
mod10_171
original 5 244 415 259 171 5.000000 0.761000 12.781301
ising_model_13
improve 0 633 747 95 114 5.000000 0.761000 4.030336
adr4_197
original 0 3439 6112 3546 2673 5.000000 0.761000 105.025211
4gt11_84
original 1 18 30 20 12 5.000000 0.761000 4.380006
4gt11_82
original 26 27 42 29 15 5.000000 0.761000 5.033824
wim_266
improve 30 986 1694 974 708 5.000000 0.761000 27.352776
rd53_131
original 0 469 790 466 321 5.000000 0.761000 0.033133
mod8-10_177
original 0 440 734 442 294 5.000000 0.761000 0.770442
4gt10-v1_81
original 40 148 244 153 96 5.000000 0.761000 1.730071
alu-v1_28
original 3 37 61 41 24 5.000000 0.761000 26.185580
cnt3-5_179
original 29 175 307 119 132 5.000000 0.761000 5.569862
square_root_7
improve 0 7630 13474 7365 5844 5.000000 0.761000 1.038660
one-two-three-v1_99
original 34 132 219 140 87 5.000000 0.761000 372.304671
mini_alu_305
original 0 173 290 131 117 5.000000 0.761000 2.979566
rd53_311
original 0 275 509 244 234 5.000000 0.761000 0.045030
3_17_13
original 0 36 57 38 21 5.000000 0.761000 72.800916
rd73_252
improve 0 5321 9488 5609 4167 5.000000 0.761000 0.515549
4gt4-v0_80
original 2 179 311 179 132 5.000000 0.761000 0.331446
hwb7_59
improve 0 24379 42199 25352 17820 5.000000 0.761000 1.558526
ham3_102
original 1 20 35 21 15 5.000000 0.761000 72.517501
cnt3-5_180
improve 22 485 824 422 339 5.000000 0.761000 4.357983
rd53_133
original 0 580 1015 628 435 5.000000 0.761000 0.054949
4mod7-v0_94
original 32 162 264 160 102 5.000000 0.761000 3.828936
plus63mod4096_163
original 0 128744 234425 142641 105681 5.000000 0.761000 37.408793
mini-alu_167
original 1 288 498 310 210 5.000000 0.761000 10.507111
root_255
improve 0 17159 30965 18101 13806 5.000000 0.761000 1.575840
z4_268
improve 2 3073 5356 3180 2283 5.000000 0.761000 18.117024
majority_239
original 4 612 1029 638 417 5.000000 0.761000 1.120708
ex2_227
original 0 631 1084 663 453 5.000000 0.761000 0.053711
urf2_277
improve 0 20112 37125 23429 17013 5.000000 0.761000 1.919014
one-two-three-v3_101
original 45 70 115 69 45 5.000000 0.761000 37.892263
4gt13_91
original 2 103 172 111 69 5.000000 0.761000 0.788586
4gt12-v1_89
original 2 228 372 228 144 5.000000 0.761000 0.638808
sqrt8_260
original 13 3009 5316 3160 2307 5.000000 0.761000 25.259717
rd32-v0_66
original 0 34 52 33 18 5.000000 0.761000 14.132567
sym9_148
improve 0 21504 37877 23596 16365 5.000000 0.761000 2.403442
4gt5_75
original 32 83 137 80 54 5.000000 0.761000 3.492659
0410184_169
original 24 211 352 178 141 5.000000 0.761000 230.959457
urf2_152
original 0 80480 139841 83570 59361 5.000000 0.761000 4.921665
urf1_278
improve 0 54766 100048 61626 45270 5.000000 0.761000 8.990357
sym6_145
original 0 3888 6720 4199 2832 5.000000 0.761000 0.226056
alu-v2_32
original 13 163 277 173 114 5.000000 0.761000 4.449487
4gt12-v0_88
original 0 194 323 204 129 5.000000 0.761000 0.354015
squar5_261
improve 47 1993 3469 1977 1476 5.000000 0.761000 22.447832
alu-v2_31
original 10 451 745 462 294 5.000000 0.761000 7.170067
hwb5_53
original 0 1336 2263 1387 927 5.000000 0.761000 0.069620
one-two-three-v2_100
original 96 69 108 66 39 5.000000 0.761000 42.470636
cycle10_2_110
improve 0 6050 10787 6743 4737 5.000000 0.761000 0.413295
urf6_160
improve 0 171840 315493 184772 143637 5.000000 0.761000 21.718752
ising_model_10
improve 0 480 657 127 177 5.000000 0.761000 6.550824
sys6-v0_111
improve 48 215 356 142 141 5.000000 0.761000 27.363981
plus63mod8192_164
improve 0 187112 345787 219368 158430 5.000000 0.761000 77.340592
mod5adder_127
original 0 555 942 565 387 5.000000 0.761000 0.087610
rd73_140
original 34 230 380 177 150 5.000000 0.761000 4.610131
4mod5-v1_23
original 34 69 117 77 48 5.000000 0.761000 5.133823
graycode6_47
original 0 5 29 13 24 5.000000 0.761000 0.017661
ising_model_16
original 0 786 969 176 183 5.000000 0.761000 1.176453
ham7_104
original 1 320 554 357 234 5.000000 0.761000 0.713862
ex-1_166
original 0 19 31 21 12 5.000000 0.761000 29.252287
decod24-v3_45
original 9 150 240 144 90 5.000000 0.761000 41.281201
urf4_187
original 0 512064 898521 507643 386457 5.000000 0.761000 125.604956
life_238
original 0 22445 39860 23973 17415 5.000000 0.761000 2.818393
con1_216
improve 0 954 1671 994 717 5.000000 0.761000 0.060772
hwb6_56
original 0 6723 11742 7160 5019 5.000000 0.761000 0.382634
mod10_176
original 5 178 295 180 117 5.000000 0.761000 18.750604
ex1_226
original 0 7 16 11 9 5.000000 0.761000 0.002478
sf_276
original 14 778 1312 808 534 5.000000 0.761000 1.913807
cm152a_212
original 0 1221 2118 1279 897 5.000000 0.761000 0.154577
4gt12-v0_87
original 0 247 427 255 180 5.000000 0.761000 0.020233
decod24-enable_126
original 0 338 581 353 243 5.000000 0.761000 0.577960
radd_250
improve 0 3213 5754 3555 2541 5.000000 0.761000 0.255010
pm1_249
original 48 1776 3063 1750 1287 5.000000 0.761000 26.423837
sf_274
original 42 781 1312 777 531 5.000000 0.761000 2.094498
miller_11
original 36 50 77 50 27 5.000000 0.761000 11.906349
rd53_251
original 0 1291 2263 1395 972 5.000000 0.761000 0.083179
mlp4_245
improve 11 18852 34059 20856 15207 5.000000 0.761000 624.088788
9symml_195
improve 0 34881 62607 37728 27705 5.000000 0.761000 5.205558
rd84_142
original 44 343 574 213 231 5.000000 0.761000 21.473734
inc_237
original 16 10619 18740 11250 8121 5.000000 0.761000 63.795162
sqn_258
improve 0 10223 18104 10698 7881 5.000000 0.761000 1.603289
alu-v2_33
original 1 37 61 40 24 5.000000 0.761000 25.847222
sao2_257
original 0 38577 70254 39374 31677 5.000000 0.761000 13.107141
co14_215
original 0 17936 33287 17407 15351 5.000000 0.761000 15.221075
decod24-v1_41
original 18 85 139 89 54 5.000000 0.761000 4.089977
4mod5-v0_20
original 2 20 29 18 9 5.000000 0.761000 41.469601
alu-v4_37
original 45 37 64 39 27 5.000000 0.761000 4.212019
urf3_155
improve 0 423488 746796 453020 323253 5.000000 0.761000 46.636112
misex1_241
improve 0 4813 8557 5311 3744 5.000000 0.761000 0.427588
alu-v0_27
original 17 36 60 39 24 5.000000 0.761000 4.060146
4mod5-v1_24
original 32 36 57 36 21 5.000000 0.761000 40.675204
4mod7-v1_96
original 2 164 272 160 108 5.000000 0.761000 24.037733
cm82a_208
improve 2 650 1097 655 447 5.000000 0.761000 1.589501
ham15_107
improve 3 8763 15579 9295 6816 5.000000 0.761000 1254.692734
0example
original 3 9 18 13 9 5.000000 0.761000 15.171502
dc1_220
original 0 1914 3327 1986 1413 5.000000 0.761000 0.123286
4gt4-v1_74
original 0 273 471 297 198 5.000000 0.761000 0.020613
rd32-v1_68
original 0 36 54 33 18 5.000000 0.761000 13.447479
decod24-v0_38
original 0 51 84 54 33 5.000000 0.761000 8.236991
sym6_316
improve 0 270 510 294 240 5.000000 0.761000 0.029046
alu-v0_26
original 10 84 141 89 57 5.000000 0.761000 1.323997
clip_206
original 0 33827 60875 35179 27048 5.000000 0.761000 8.682830
4mod5-v0_18
original 2 69 111 67 42 5.000000 0.761000 5.597881
cm85a_209
original 0 11414 20690 12618 9276 5.000000 0.761000 0.795517
alu-v4_36
improve 3 115 193 125 78 5.000000 0.761000 33.688345
one-two-three-v0_97
original 5 290 491 310 201 5.000000 0.761000 2.468515
4gt13_90
original 2 107 179 118 72 5.000000 0.761000 0.880880
mod5d2_64
original 80 53 86 57 33 5.000000 0.761000 16.509265
ground_state_estimation_10
original 0 390180 451626 206409 61446 5.000000 0.761000 11.929322
C17_204
improve 0 467 827 511 360 5.000000 0.761000 0.146159
4gt13_92
original 98 66 108 68 42 5.000000 0.761000 58.380121
rd53_130
improve 0 1043 1787 1076 744 5.000000 0.761000 0.060926
alu-v3_34
original 98 52 82 49 30 5.000000 0.761000 2.927585
decod24-bdd_294
original 0 73 121 70 48 5.000000 0.761000 0.010389
4gt5_76
original 32 91 154 102 63 5.000000 0.761000 2.120279
sym9_146
original 1 328 568 262 240 5.000000 0.761000 25.959006
4mod5-v1_22
original 2 21 33 22 12 5.000000 0.761000 5.595144
rd32_270
original 11 84 132 81 48 5.000000 0.761000 3.223634
hwb4_49
original 40 233 377 243 144 5.000000 0.761000 1.387920
urf5_280
improve 0 49829 89441 55574 39606 5.000000 0.761000 5.414317
4gt5_77
original 1 131 221 135 90 5.000000 0.761000 51.272043
rd84_253
original 0 13658 24440 14118 10782 5.000000 0.761000 2.825214
4_49_16
original 11 217 364 225 147 5.000000 0.761000 3.032948
qft_10
original 0 200 275 82 75 5.000000 0.761000 0.822843
4mod5-bdd_287
original 22 70 115 73 45 5.000000 0.761000 0.223469
qft_16
improve 0 512 844 214 267 5.000000 0.761000 13.152415
urf1_149
improve 0 184864 325928 196319 141054 5.000000 0.761000 13.235176
urf5_158
improve 0 164416 284557 168679 120141 5.000000 0.761000 10.723240
urf3_279
improve 0 125362 233053 143563 107556 5.000000 0.761000 45.001244
4gt12-v0_86
original 0 251 428 257 177 5.000000 0.761000 0.052047
4gt4-v0_73
original 0 395 650 414 255 5.000000 0.761000 0.690134
alu-v1_29
original 17 37 61 39 24 5.000000 0.761000 4.156262
alu-bdd_288
original 2 84 144 90 60 5.000000 0.761000 0.762116
decod24-v2_43
original 30 52 82 52 30 5.000000 0.761000 3.388654
mod8-10_178
original 35 342 579 351 237 5.000000 0.761000 0.609504
one-two-three-v0_98
original 40 146 248 152 102 5.000000 0.761000 61.781001
4gt4-v0_78
original 0 235 400 254 165 5.000000 0.761000 0.450171
4mod5-v0_19
original 2 35 56 37 21 5.000000 0.761000 5.850281
alu-v2_30
original 0 504 849 527 345 5.000000 0.761000 0.031073
alu-v3_35
original 1 37 61 36 24 5.000000 0.761000 2.025471
dist_223
original 0 38046 68334 39017 30288 5.000000 0.761000 24.274196
4gt4-v0_79
original 0 231 396 249 165 5.000000 0.761000 0.454155
hwb8_113
improve 0 69380 120527 74430 51144 5.000000 0.761000 4.975701
ex3_229
original 35 403 673 405 270 5.000000 0.761000 0.848537
xor5_254
original 0 7 16 11 9 5.000000 0.761000 0.002536
f2_232
improve 7 1206 2049 1325 843 5.000000 0.761000 2.260474
time:9693.386924