rd53_138
original 21 132 216 102 84 5.000000 0.600100 1.164619
4gt13-v1_93
original 50 68 110 63 42 5.000000 0.600100 12.440804
mod5mils_65
original 2 35 56 37 21 5.000000 0.600100 3.779126
mod5d1_63
original 2 22 37 26 15 5.000000 0.600100 18.902302
sym10_262
original 0 64283 115607 68992 51324 5.000000 0.600100 12.103629
aj-e11_165
original 12 151 253 158 102 5.000000 0.600100 2.330002
hwb9_119
original 0 207775 370702 225569 162927 5.000000 0.600100 57.976853
4gt11_83
original 1 23 35 26 12 5.000000 0.600100 3.618669
cm42a_207
improve 22 1776 3036 1724 1260 5.000000 0.600100 21.279627
4gt4-v0_72
original 0 258 465 283 207 5.000000 0.600100 0.018685
max46_240
improve 0 27126 48750 28907 21612 5.000000 0.600100 8.554866
dc2_222
improve 48 9462 16966 10240 7476 5.000000 0.600100 172.503938
sym9_193
improve 0 34881 64509 39967 29517 5.000000 0.600100 13.325544
rd53_135
improve 0 296 530 340 234 5.000000 0.600100 0.024526
mod10_171
original 6 244 412 256 168 5.000000 0.600100 11.071122
ising_model_13
improve 0 633 801 138 168 5.000000 0.600100 2.297484
adr4_197
original 36 3439 6052 3515 2613 5.000000 0.600100 35.710384
4gt11_84
original 11 18 30 20 12 5.000000 0.600100 4.014399
4gt11_82
original 26 27 42 29 15 5.000000 0.600100 4.515346
wim_266
improve 51 986 1686 945 693 5.000000 0.600100 6.109869
rd53_131
improve 0 469 827 525 354 5.000000 0.600100 0.205487
mod8-10_177
original 29 440 734 469 294 5.000000 0.600100 0.613918
4gt10-v1_81
original 66 148 244 153 96 5.000000 0.600100 0.948156
alu-v1_28
original 5 37 61 41 24 5.000000 0.600100 23.698946
cnt3-5_179
original 29 175 307 117 132 5.000000 0.600100 4.273696
square_root_7
original 0 7630 13411 7219 5781 5.000000 0.600100 1.570523
one-two-three-v1_99
original 32 132 216 135 84 5.000000 0.600100 206.215032
mini_alu_305
improve 0 173 290 145 117 5.000000 0.600100 1.606511
rd53_311
improve 0 275 515 251 240 5.000000 0.600100 0.036176
3_17_13
original 0 36 57 38 21 5.000000 0.600100 64.729642
rd73_252
improve 0 5321 9488 5736 4167 5.000000 0.600100 0.381208
4gt4-v0_80
original 11 179 308 194 129 5.000000 0.600100 0.275960
hwb7_59
improve 0 24379 42388 26418 18000 5.000000 0.600100 2.972488
ham3_102
original 2 20 35 21 15 5.000000 0.600100 65.735213
cnt3-5_180
original 22 485 821 415 336 5.000000 0.600100 5.289998
rd53_133
improve 0 580 1033 725 453 5.000000 0.600100 0.050886
4mod7-v0_94
original 8 162 273 174 111 5.000000 0.600100 3.470575
plus63mod4096_163
improve 0 128744 235002 148898 106146 5.000000 0.600100 26.766436
mini-alu_167
original 5 288 486 300 198 5.000000 0.600100 6.143958
root_255
improve 0 17159 31352 18464 14193 5.000000 0.600100 1.349036
z4_268
original 30 3073 5437 3165 2364 5.000000 0.600100 29.476765
majority_239
original 7 612 1020 641 408 5.000000 0.600100 1.010113
ex2_227
original 0 631 1084 671 453 5.000000 0.600100 0.032239
urf2_277
improve 0 20112 36994 23253 16878 5.000000 0.600100 1.931615
one-two-three-v3_101
original 45 70 115 69 45 5.000000 0.600100 33.381087
4gt13_91
original 6 103 172 108 69 5.000000 0.600100 0.632444
4gt12-v1_89
original 46 228 384 242 156 5.000000 0.600100 0.544285
sqrt8_260
original 23 3009 5367 3192 2358 5.000000 0.600100 13.392750
rd32-v0_66
original 0 34 52 34 18 5.000000 0.600100 13.543181
sym9_148
improve 0 21504 38010 23623 16506 5.000000 0.600100 1.213357
4gt5_75
original 32 83 137 81 54 5.000000 0.600100 3.214416
0410184_169
original 24 211 352 187 141 5.000000 0.600100 184.497630
urf2_152
improve 0 80480 141377 88229 60897 5.000000 0.600100 4.251447
urf1_278
improve 0 54766 100021 63273 45252 5.000000 0.600100 4.352998
sym6_145
improve 0 3888 6705 4376 2817 5.000000 0.600100 0.183810
alu-v2_32
original 10 163 271 167 108 5.000000 0.600100 4.592191
4gt12-v0_88
original 9 194 326 206 132 5.000000 0.600100 0.277174
squar5_261
improve 42 1993 3502 2021 1509 5.000000 0.600100 24.200087
alu-v2_31
original 15 451 748 457 297 5.000000 0.600100 6.025094
hwb5_53
original 0 1336 2278 1409 942 5.000000 0.600100 0.061912
one-two-three-v2_100
original 8 69 111 67 42 5.000000 0.600100 37.946935
cycle10_2_110
improve 0 6050 10976 6796 4923 5.000000 0.600100 0.761395
urf6_160
improve 0 171840 316791 189032 144882 5.000000 0.600100 29.478763
ising_model_10
original 0 480 618 110 138 5.000000 0.600100 2.208333
sys6-v0_111
original 30 215 353 148 138 5.000000 0.600100 1.791694
plus63mod8192_164
improve 0 187112 348576 221371 161295 5.000000 0.600100 49.064768
mod5adder_127
original 0 555 963 574 408 5.000000 0.600100 0.085174
rd73_140
original 34 230 386 182 156 5.000000 0.600100 1.288059
4mod5-v1_23
original 35 69 117 77 48 5.000000 0.600100 3.880080
graycode6_47
original 0 5 29 13 24 5.000000 0.600100 0.015172
ising_model_16
improve 0 786 1038 163 252 5.000000 0.600100 1.017863
ham7_104
improve 11 320 548 348 228 5.000000 0.600100 0.587496
ex-1_166
original 0 19 31 21 12 5.000000 0.600100 26.299865
decod24-v3_45
original 60 150 240 144 90 5.000000 0.600100 78.814827
urf4_187
improve 0 512064 912744 525147 400575 5.000000 0.600100 46.000470
life_238
original 0 22445 40460 24368 18015 5.000000 0.600100 2.379884
con1_216
original 0 954 1680 973 726 5.000000 0.600100 0.050236
hwb6_56
improve 0 6723 11733 7360 5010 5.000000 0.600100 0.302666
mod10_176
original 56 178 295 180 117 5.000000 0.600100 15.414541
ex1_226
original 0 7 16 11 9 5.000000 0.600100 0.002412
sf_276
original 26 778 1297 757 519 5.000000 0.600100 1.555898
cm152a_212
original 0 1221 2199 1389 978 5.000000 0.600100 0.091032
4gt12-v0_87
original 0 247 415 245 168 5.000000 0.600100 0.016031
decod24-enable_126
original 15 338 578 341 240 5.000000 0.600100 0.461456
radd_250
improve 0 3213 5784 3621 2571 5.000000 0.600100 0.237602
pm1_249
improve 22 1776 3036 1724 1260 5.000000 0.600100 21.444468
sf_274
original 2 781 1294 777 513 5.000000 0.600100 1.717906
miller_11
original 39 50 77 50 27 5.000000 0.600100 10.543072
rd53_251
improve 0 1291 2257 1469 966 5.000000 0.600100 0.077854
mlp4_245
improve 8 18852 34303 20862 15447 5.000000 0.600100 384.756784
9symml_195
improve 0 34881 64509 39967 29517 5.000000 0.600100 13.318186
rd84_142
improve 42 343 577 214 234 5.000000 0.600100 17.278157
inc_237
original 15 10619 18749 11305 8130 5.000000 0.600100 88.958016
sqn_258
improve 0 10223 18071 10730 7848 5.000000 0.600100 0.764631
alu-v2_33
original 1 37 64 39 27 5.000000 0.600100 23.581612
sao2_257
original 0 38577 70590 39658 32013 5.000000 0.600100 8.446275
co14_215
improve 0 17936 33864 18632 15906 5.000000 0.600100 6.266507
decod24-v1_41
original 47 85 139 89 54 5.000000 0.600100 3.433252
4mod5-v0_20
original 2 20 29 18 9 5.000000 0.600100 36.335618
alu-v4_37
original 89 37 61 36 24 5.000000 0.600100 3.744781
urf3_155
improve 0 423488 755525 466397 331968 5.000000 0.600100 35.161602
misex1_241
original 0 4813 8797 5387 3984 5.000000 0.600100 0.896611
alu-v0_27
original 14 36 63 40 27 5.000000 0.600100 3.579836
4mod5-v1_24
original 32 36 57 36 21 5.000000 0.600100 35.606125
4mod7-v1_96
original 2 164 272 164 108 5.000000 0.600100 15.255657
cm82a_208
original 17 650 1109 649 459 5.000000 0.600100 1.200129
ham15_107
original 21 8763 15552 9222 6789 5.000000 0.600100 358.277581
0example
original 3 9 18 13 9 5.000000 0.600100 13.774398
dc1_220
improve 0 1914 3435 2080 1521 5.000000 0.600100 0.114375
4gt4-v1_74
original 0 273 462 295 189 5.000000 0.600100 0.017862
rd32-v1_68
original 0 36 54 34 18 5.000000 0.600100 12.603059
decod24-v0_38
original 1 51 84 55 33 5.000000 0.600100 7.223964
sym6_316
original 0 270 525 285 255 5.000000 0.600100 0.036707
alu-v0_26
original 61 84 129 79 45 5.000000 0.600100 1.027169
clip_206
original 0 33827 61508 35791 27681 5.000000 0.600100 13.872971
4mod5-v0_18
original 2 69 111 67 42 5.000000 0.600100 4.235937
cm85a_209
original 0 11414 20948 12925 9534 5.000000 0.600100 1.166738
alu-v4_36
improve 7 115 193 130 78 5.000000 0.600100 30.852047
one-two-three-v0_97
improve 13 290 482 300 192 5.000000 0.600100 1.913920
4gt13_90
original 6 107 179 115 72 5.000000 0.600100 0.741962
mod5d2_64
original 7 53 89 59 36 5.000000 0.600100 11.861355
ground_state_estimation_10
improve 0 390180 455718 213773 65538 5.000000 0.600100 10.208623
C17_204
original 0 467 830 503 363 5.000000 0.600100 0.153831
4gt13_92
original 9 66 108 65 42 5.000000 0.600100 26.689957
rd53_130
improve 0 1043 1799 1104 756 5.000000 0.600100 0.055066
alu-v3_34
original 3 52 85 53 33 5.000000 0.600100 2.556447
decod24-bdd_294
original 0 73 115 71 42 5.000000 0.600100 0.005723
4gt5_76
original 1 91 151 98 60 5.000000 0.600100 1.891360
sym9_146
original 3 328 562 246 234 5.000000 0.600100 20.386489
4mod5-v1_22
original 2 21 33 22 12 5.000000 0.600100 4.875238
rd32_270
original 1 84 132 82 48 5.000000 0.600100 2.870126
hwb4_49
original 23 233 380 241 147 5.000000 0.600100 1.389112
urf5_280
original 0 49829 90032 54989 40203 5.000000 0.600100 3.351943
4gt5_77
original 3 131 221 134 90 5.000000 0.600100 88.507747
rd84_253
improve 0 13658 24899 14803 11229 5.000000 0.600100 4.668374
4_49_16
original 54 217 361 225 144 5.000000 0.600100 2.220460
qft_10
original 0 200 275 80 75 5.000000 0.600100 0.817476
4mod5-bdd_287
original 48 70 112 73 42 5.000000 0.600100 0.178640
qft_16
improve 0 512 803 197 267 5.000000 0.600100 3.944705
urf1_149
improve 0 184864 331018 204850 146139 5.000000 0.600100 10.449805
urf5_158
improve 0 164416 287611 176852 123195 5.000000 0.600100 8.856085
urf3_279
improve 0 125362 233069 144853 107637 5.000000 0.600100 20.146103
4gt12-v0_86
original 0 251 425 255 174 5.000000 0.600100 0.048977
4gt4-v0_73
original 26 395 650 409 255 5.000000 0.600100 0.556370
alu-v1_29
original 14 37 64 40 27 5.000000 0.600100 3.613751
alu-bdd_288
improve 22 84 141 84 57 5.000000 0.600100 0.534619
decod24-v2_43
original 1 52 85 54 33 5.000000 0.600100 5.034590
mod8-10_178
original 23 342 576 352 234 5.000000 0.600100 0.499300
one-two-three-v0_98
original 14 146 245 154 99 5.000000 0.600100 51.721622
4gt4-v0_78
original 21 235 397 252 162 5.000000 0.600100 0.430723
4mod5-v0_19
original 5 35 56 36 21 5.000000 0.600100 4.708423
alu-v2_30
original 0 504 873 551 369 5.000000 0.600100 0.027597
alu-v3_35
original 3 37 61 40 24 5.000000 0.600100 1.836169
dist_223
improve 0 38046 69283 40625 31188 5.000000 0.600100 8.664331
4gt4-v0_79
original 21 231 393 248 162 5.000000 0.600100 0.430552
hwb8_113
original 0 69380 121460 73717 52080 5.000000 0.600100 3.568154
ex3_229
original 21 403 673 414 270 5.000000 0.600100 0.664746
xor5_254
original 0 7 16 11 9 5.000000 0.600100 0.002190
f2_232
original 7 1206 2043 1241 837 5.000000 0.600100 2.198164
time:32393.761433