rd53_138
improve 1 132 222 116 90 4.000000 0.450100 0.934074
4gt13-v1_93
original 17 68 110 68 42 4.000000 0.450100 12.789736
mod5mils_65
original 0 35 59 35 24 4.000000 0.450100 3.980880
mod5d1_63
original 2 22 37 26 15 4.000000 0.450100 19.978084
sym10_262
improve 0 64283 116744 69221 52458 4.000000 0.450100 5.521443
aj-e11_165
original 1 151 253 162 102 4.000000 0.450100 2.225188
hwb9_119
improve 0 207775 369387 222292 161511 4.000000 0.450100 29.597917
4gt11_83
original 1 23 35 26 12 4.000000 0.450100 3.663491
cm42a_207
improve 18 1776 3060 1745 1284 4.000000 0.450100 7.301285
4gt4-v0_72
improve 0 258 453 263 195 4.000000 0.450100 0.019616
max46_240
improve 0 27126 48702 28552 21576 4.000000 0.450100 1.906209
dc2_222
original 43 9462 16857 9987 7395 4.000000 0.450100 125.278904
sym9_193
original 0 34881 63129 37320 28248 4.000000 0.450100 5.090459
rd53_135
original 0 296 524 303 228 4.000000 0.450100 0.028235
mod10_171
original 5 244 415 258 171 4.000000 0.450100 12.168333
ising_model_13
original 0 633 741 143 108 4.000000 0.450100 5.377156
adr4_197
original 27 3439 6142 3470 2703 4.000000 0.450100 44.217675
4gt11_84
original 179 18 30 18 12 4.000000 0.450100 4.135466
4gt11_82
original 8 27 42 33 15 4.000000 0.450100 4.654567
wim_266
improve 41 986 1704 961 711 4.000000 0.450100 36.052651
rd53_131
original 0 469 778 443 309 4.000000 0.450100 0.042600
mod8-10_177
improve 4 440 734 467 294 4.000000 0.450100 0.746194
4gt10-v1_81
original 63 148 247 158 99 4.000000 0.450100 1.143659
alu-v1_28
original 1 37 64 42 27 4.000000 0.450100 31.860343
cnt3-5_179
improve 13 175 319 140 144 4.000000 0.450100 5.399291
square_root_7
improve 0 7630 14207 8154 6537 4.000000 0.450100 16.747877
one-two-three-v1_99
original 34 132 219 137 87 4.000000 0.450100 358.096816
mini_alu_305
original 9 173 302 152 129 4.000000 0.450100 0.839796
rd53_311
original 0 275 518 240 243 4.000000 0.450100 0.046396
3_17_13
original 117 36 57 37 21 4.000000 0.450100 67.353775
rd73_252
original 0 5321 9575 5542 4254 4.000000 0.450100 0.358237
4gt4-v0_80
original 1 179 305 186 126 4.000000 0.450100 0.317879
hwb7_59
improve 0 24379 42583 26420 18204 4.000000 0.450100 1.391751
ham3_102
original 1 20 35 21 15 4.000000 0.450100 67.435573
cnt3-5_180
original 19 485 839 407 354 4.000000 0.450100 10.106607
rd53_133
original 0 580 1003 598 423 4.000000 0.450100 0.037125
4mod7-v0_94
original 1 162 270 169 108 4.000000 0.450100 3.878974
plus63mod4096_163
original 0 128744 235316 141174 106572 4.000000 0.450100 26.376998
mini-alu_167
original 1 288 486 298 198 4.000000 0.450100 10.000214
root_255
improve 0 17159 31135 17674 13965 4.000000 0.450100 4.320659
z4_268
original 1 3073 5440 3103 2367 4.000000 0.450100 23.454239
majority_239
improve 33 612 1029 623 417 4.000000 0.450100 1.119042
ex2_227
improve 0 631 1105 683 474 4.000000 0.450100 0.043028
urf2_277
improve 0 20112 37668 23599 17550 4.000000 0.450100 3.159751
one-two-three-v3_101
original 17 70 118 75 48 4.000000 0.450100 36.200237
4gt13_91
original 10 103 169 105 66 4.000000 0.450100 0.752245
4gt12-v1_89
original 2 228 375 220 147 4.000000 0.450100 0.593907
sqrt8_260
original 3 3009 5355 3155 2346 4.000000 0.450100 35.146781
rd32-v0_66
original 0 34 52 33 18 4.000000 0.450100 13.006999
sym9_148
improve 0 21504 38339 23521 16803 4.000000 0.450100 8.228151
4gt5_75
original 32 83 137 84 54 4.000000 0.450100 3.468954
0410184_169
original 37 211 349 179 138 4.000000 0.450100 584.569880
urf2_152
original 0 80480 140012 82484 59532 4.000000 0.450100 7.677216
urf1_278
original 0 54766 101632 62025 46866 4.000000 0.450100 9.430482
sym6_145
original 0 3888 6750 4087 2862 4.000000 0.450100 0.218396
alu-v2_32
original 63 163 277 166 114 4.000000 0.450100 4.373343
4gt12-v0_88
original 3 194 326 203 132 4.000000 0.450100 0.330320
squar5_261
original 50 1993 3490 1953 1497 4.000000 0.450100 7.994891
alu-v2_31
original 78 451 733 437 282 4.000000 0.450100 7.928735
hwb5_53
original 0 1336 2293 1393 957 4.000000 0.450100 0.100006
one-two-three-v2_100
original 94 69 117 76 48 4.000000 0.450100 40.475244
cycle10_2_110
improve 0 6050 10799 6582 4749 4.000000 0.450100 0.418121
urf6_160
original 0 171840 315036 178411 143196 4.000000 0.450100 29.156624
ising_model_10
improve 0 480 639 111 159 4.000000 0.450100 1.027975
sys6-v0_111
improve 41 215 371 163 156 4.000000 0.450100 2.555115
plus63mod8192_164
improve 0 187112 344547 215749 157344 4.000000 0.450100 35.831997
mod5adder_127
improve 0 555 963 586 408 4.000000 0.450100 0.082987
rd73_140
original 14 230 389 181 159 4.000000 0.450100 1.523690
4mod5-v1_23
original 2 69 126 80 57 4.000000 0.450100 5.925712
graycode6_47
original 0 5 29 13 24 4.000000 0.450100 0.017465
ising_model_16
improve 0 786 1137 248 291 4.000000 0.450100 53.047651
ham7_104
improve 6 320 554 342 234 4.000000 0.450100 0.691301
ex-1_166
original 0 19 31 21 12 4.000000 0.450100 27.235376
decod24-v3_45
original 61 150 246 144 96 4.000000 0.450100 43.702733
urf4_187
improve 0 512064 899850 509454 387741 4.000000 0.450100 44.186543
life_238
original 0 22445 40400 24100 17955 4.000000 0.450100 3.993964
con1_216
improve 0 954 1677 989 723 4.000000 0.450100 0.057195
hwb6_56
improve 0 6723 11787 7411 5064 4.000000 0.450100 0.367300
mod10_176
original 73 178 298 189 120 4.000000 0.450100 14.397344
ex1_226
original 0 7 16 11 9 4.000000 0.450100 0.002247
sf_276
original 22 778 1297 786 519 4.000000 0.450100 1.810614
cm152a_212
original 0 1221 2181 1318 960 4.000000 0.450100 0.112581
4gt12-v0_87
original 0 247 418 248 171 4.000000 0.450100 0.018253
decod24-enable_126
original 1 338 596 367 258 4.000000 0.450100 0.591983
radd_250
improve 0 3213 5748 3459 2535 4.000000 0.450100 0.231612
pm1_249
improve 18 1776 3060 1745 1284 4.000000 0.450100 7.306716
sf_274
original 51 781 1294 846 513 4.000000 0.450100 1.803715
miller_11
original 10 50 86 55 36 4.000000 0.450100 11.410659
rd53_251
improve 0 1291 2275 1406 984 4.000000 0.450100 0.070625
mlp4_245
improve 10 18852 34263 20678 15375 4.000000 0.450100 594.337059
9symml_195
original 0 34881 63129 37320 28248 4.000000 0.450100 5.143721
rd84_142
original 32 343 601 246 258 4.000000 0.450100 38.788789
inc_237
original 16 10619 18773 11161 8154 4.000000 0.450100 59.354262
sqn_258
improve 0 10223 18155 10767 7932 4.000000 0.450100 0.733195
alu-v2_33
original 1 37 61 40 24 4.000000 0.450100 28.316721
sao2_257
original 0 38577 70218 38915 31641 4.000000 0.450100 17.971332
co14_215
original 0 17936 33929 17601 15993 4.000000 0.450100 13.657579
decod24-v1_41
original 0 85 142 92 57 4.000000 0.450100 3.900941
4mod5-v0_20
original 2 20 29 18 9 4.000000 0.450100 39.776472
alu-v4_37
original 45 37 64 39 27 4.000000 0.450100 4.095999
urf3_155
improve 0 423488 751946 448470 328446 4.000000 0.450100 29.606334
