rd53_138
original 21 132 216 102 84 7.000000 0.250100 0.802022
4gt13-v1_93
original 17 68 104 62 36 7.000000 0.250100 2.389545
mod5mils_65
original 2 35 59 37 24 7.000000 0.250100 4.217042
mod5d1_63
original 168 22 34 22 12 7.000000 0.250100 18.384575
sym10_262
improve 0 64283 114314 67515 49974 7.000000 0.250100 20.369535
aj-e11_165
original 67 151 244 151 93 7.000000 0.250100 1.873425
hwb9_119
original 0 207775 362716 216442 154941 7.000000 0.250100 27.034444
4gt11_83
original 1 23 35 26 12 7.000000 0.250100 35.156785
cm42a_207
original 48 1776 3030 1727 1254 7.000000 0.250100 8.792380
4gt4-v0_72
improve 0 258 450 263 192 7.000000 0.250100 0.018420
max46_240
original 0 27126 47670 26957 20544 7.000000 0.250100 3.573766
dc2_222
improve 42 9462 16629 9711 7167 7.000000 0.250100 187.009785
sym9_193
improve 0 34881 62625 37363 27687 7.000000 0.250100 8.525881
rd53_135
original 0 296 521 317 225 7.000000 0.250100 0.030001
mod10_171
original 11 244 400 252 156 7.000000 0.250100 12.750913
ising_model_13
improve 0 633 816 109 183 7.000000 0.250100 2.634979
adr4_197
original 0 3439 6013 3428 2574 7.000000 0.250100 106.148137
4gt11_84
original 13 18 30 18 12 7.000000 0.250100 4.265406
4gt11_82
original 26 27 42 29 15 7.000000 0.250100 4.037915
wim_266
original 46 986 1682 962 696 7.000000 0.250100 17.934611
rd53_131
improve 0 469 802 495 333 7.000000 0.250100 0.033237
mod8-10_177
original 4 440 743 453 303 7.000000 0.250100 0.745107
4gt10-v1_81
original 40 148 244 151 96 7.000000 0.250100 1.374034
alu-v1_28
original 41 37 61 37 24 7.000000 0.250100 27.362422
cnt3-5_179
original 14 175 304 123 129 7.000000 0.250100 4.535333
square_root_7
original 0 7630 13492 7105 5862 7.000000 0.250100 3.461519
one-two-three-v1_99
original 32 132 222 142 90 7.000000 0.250100 235.350309
mini_alu_305
improve 9 173 290 138 117 7.000000 0.250100 0.638146
rd53_311
original 0 275 527 263 252 7.000000 0.250100 0.048672
3_17_13
original 0 36 57 38 21 7.000000 0.250100 74.718001
rd73_252
improve 0 5321 9260 5451 3939 7.000000 0.250100 0.351418
4gt4-v0_80
original 21 179 296 180 117 7.000000 0.250100 0.359846
hwb7_59
improve 0 24379 41440 24563 17061 7.000000 0.250100 1.439542
ham3_102
original 2 20 35 21 15 7.000000 0.250100 75.122455
cnt3-5_180
original 29 485 815 385 330 7.000000 0.250100 5.313591
rd53_133
improve 0 580 1015 663 435 7.000000 0.250100 0.071809
4mod7-v0_94
original 32 162 267 165 105 7.000000 0.250100 4.304529
plus63mod4096_163
improve 0 128744 229615 139685 100773 7.000000 0.250100 39.228612
mini-alu_167
original 5 288 477 289 189 7.000000 0.250100 5.003435
root_255
improve 0 17159 30588 17553 13425 7.000000 0.250100 3.112493
z4_268
original 1 3073 5332 3052 2259 7.000000 0.250100 46.497178
majority_239
original 7 612 1026 622 414 7.000000 0.250100 1.105370
ex2_227
original 0 631 1075 659 444 7.000000 0.250100 0.044976
urf2_277
improve 0 20112 37175 23412 17052 7.000000 0.250100 3.588911
one-two-three-v3_101
original 14 70 115 70 45 7.000000 0.250100 38.674973
4gt13_91
original 10 103 166 105 63 7.000000 0.250100 0.859963
4gt12-v1_89
original 46 228 378 234 150 7.000000 0.250100 0.634793
sqrt8_260
improve 33 3009 5232 3065 2223 7.000000 0.250100 24.809640
rd32-v0_66
original 0 34 52 33 18 7.000000 0.250100 13.716707
sym9_148
improve 0 21504 37767 23118 16254 7.000000 0.250100 3.187771
4gt5_75
original 8 83 134 79 51 7.000000 0.250100 3.684141
0410184_169
improve 24 211 346 175 135 7.000000 0.250100 371.322909
urf2_152
improve 0 80480 137570 81839 57090 7.000000 0.250100 4.765761
urf1_278
improve 0 54766 99652 61751 44868 7.000000 0.250100 9.112035
sym6_145
improve 0 3888 6564 4128 2676 7.000000 0.250100 0.226871
alu-v2_32
original 37 163 265 162 102 7.000000 0.250100 4.319717
4gt12-v0_88
original 3 194 317 190 123 7.000000 0.250100 0.345737
squar5_261
original 38 1993 3442 1939 1449 7.000000 0.250100 16.797942
alu-v2_31
original 12 451 748 451 297 7.000000 0.250100 8.832987
hwb5_53
improve 0 1336 2278 1403 942 7.000000 0.250100 0.075902
one-two-three-v2_100
original 96 69 108 66 39 7.000000 0.250100 44.370131
cycle10_2_110
improve 0 6050 10655 6498 4605 7.000000 0.250100 0.387678
urf6_160
improve 0 171840 308448 177220 136584 7.000000 0.250100 21.252329
ising_model_10
original 0 480 597 110 117 7.000000 0.250100 0.450195
sys6-v0_111
original 48 215 365 151 150 7.000000 0.250100 1.717284
plus63mod8192_164
improve 0 187112 338650 210278 151341 7.000000 0.250100 63.614759
mod5adder_127
original 0 555 963 590 408 7.000000 0.250100 0.086763
rd73_140
original 35 230 389 186 159 7.000000 0.250100 2.521286
4mod5-v1_23
original 75 69 120 76 51 7.000000 0.250100 4.479261
graycode6_47
original 0 5 29 13 24 7.000000 0.250100 0.021720
ising_model_16
original 0 786 1005 176 219 7.000000 0.250100 156.344778
ham7_104
original 30 320 545 350 225 7.000000 0.250100 0.680048
ex-1_166
original 0 19 31 21 12 7.000000 0.250100 30.234121
decod24-v3_45
original 8 150 234 137 84 7.000000 0.250100 56.135942
urf4_187
original 0 512064 892182 497956 380118 7.000000 0.250100 45.962638
life_238
improve 0 22445 39476 23521 17022 7.000000 0.250100 3.527848
con1_216
original 0 954 1662 948 708 7.000000 0.250100 0.077813
hwb6_56
original 0 6723 11601 6925 4878 7.000000 0.250100 1.167120
mod10_176
original 37 178 286 176 108 7.000000 0.250100 9.159258
ex1_226
original 0 7 16 10 9 7.000000 0.250100 0.002535
sf_276
original 13 778 1270 761 492 7.000000 0.250100 1.928763
cm152a_212
improve 0 1221 2124 1292 903 7.000000 0.250100 0.104360
4gt12-v0_87
original 0 247 415 241 168 7.000000 0.250100 0.019004
decod24-enable_126
original 1 338 581 371 243 7.000000 0.250100 0.575108
radd_250
improve 0 3213 5667 3460 2454 7.000000 0.250100 0.214711
pm1_249
original 48 1776 3030 1727 1254 7.000000 0.250100 8.642308
sf_274
original 47 781 1294 791 513 7.000000 0.250100 2.019824
miller_11
original 0 50 86 59 36 7.000000 0.250100 12.365445
rd53_251
original 0 1291 2221 1379 930 7.000000 0.250100 0.076350
mlp4_245
improve 10 18852 33222 19909 14370 7.000000 0.250100 453.342367
9symml_195
improve 0 34881 62625 37363 27687 7.000000 0.250100 8.268084
rd84_142
original 44 343 598 225 255 7.000000 0.250100 10.151227
inc_237
improve 2 10619 18323 10853 7704 7.000000 0.250100 87.285655
sqn_258
original 0 10223 17747 10201 7524 7.000000 0.250100 0.742501
alu-v2_33
original 2 37 61 39 24 7.000000 0.250100 26.471279
sao2_257
original 0 38577 69150 38231 30573 7.000000 0.250100 5.869541
co14_215
improve 0 17936 32985 17472 15045 7.000000 0.250100 3.616201
decod24-v1_41
original 17 85 136 83 51 7.000000 0.250100 1.745501
4mod5-v0_20
original 2 20 29 18 9 7.000000 0.250100 40.541583
alu-v4_37
original 3 37 61 40 24 7.000000 0.250100 4.444112
urf3_155
improve 0 423488 734210 438156 310695 7.000000 0.250100 32.271841
misex1_241
improve 0 4813 8686 5405 3873 7.000000 0.250100 0.460772
alu-v0_27
original 89 36 60 36 24 7.000000 0.250100 4.210863
4mod5-v1_24
original 14 36 60 39 24 7.000000 0.250100 39.554202
4mod7-v1_96
original 32 164 266 159 102 7.000000 0.250100 19.535496
cm82a_208
original 10 650 1094 660 444 7.000000 0.250100 1.463311
ham15_107
original 23 8763 15405 9039 6642 7.000000 0.250100 934.219972
0example
original 3 9 18 13 9 7.000000 0.250100 15.554412
dc1_220
improve 0 1914 3318 1918 1404 7.000000 0.250100 0.121218
4gt4-v1_74
original 0 273 462 282 189 7.000000 0.250100 0.021009
rd32-v1_68
original 0 36 54 33 18 7.000000 0.250100 13.435935
decod24-v0_38
original 1 51 84 55 33 7.000000 0.250100 9.901508
sym6_316
improve 0 270 513 282 243 7.000000 0.250100 0.038520
alu-v0_26
original 9 84 135 84 51 7.000000 0.250100 1.215052
clip_206
original 0 33827 60332 34110 26505 7.000000 0.250100 6.379866
4mod5-v0_18
original 2 69 111 69 42 7.000000 0.250100 4.725520
cm85a_209
improve 0 11414 20135 12260 8721 7.000000 0.250100 0.898046
alu-v4_36
original 9 115 187 115 72 7.000000 0.250100 35.119981
one-two-three-v0_97
original 40 290 476 288 186 7.000000 0.250100 2.330939
4gt13_90
original 10 107 176 115 69 7.000000 0.250100 0.885679
mod5d2_64
original 18 53 89 60 36 7.000000 0.250100 5.618982
ground_state_estimation_10
improve 0 390180 446346 200511 56166 7.000000 0.250100 12.429771
C17_204
improve 0 467 809 497 342 7.000000 0.250100 0.147358
4gt13_92
original 28 66 111 65 45 7.000000 0.250100 58.369100
rd53_130
original 0 1043 1757 1026 714 7.000000 0.250100 0.056995
alu-v3_34
original 98 52 82 49 30 7.000000 0.250100 3.033674
decod24-bdd_294
original 0 73 115 71 42 7.000000 0.250100 0.006167
4gt5_76
original 64 91 145 93 54 7.000000 0.250100 2.015000
sym9_146
improve 3 328 571 276 243 7.000000 0.250100 6.194651
4mod5-v1_22
original 2 21 33 22 12 7.000000 0.250100 5.535802
rd32_270
original 9 84 135 85 51 7.000000 0.250100 3.123577
hwb4_49
original 1 233 380 240 147 7.000000 0.250100 1.516918
urf5_280
improve 0 49829 88880 54806 39048 7.000000 0.250100 4.560327
4gt5_77
original 19 131 215 130 84 7.000000 0.250100 66.624660
rd84_253
original 0 13658 24191 13695 10533 7.000000 0.250100 4.364547
4_49_16
original 24 217 358 225 141 7.000000 0.250100 2.697065
qft_10
original 0 200 266 69 66 7.000000 0.250100 0.455445
4mod5-bdd_287
original 1 70 118 77 48 7.000000 0.250100 0.218144
qft_16
improve 0 512 854 199 282 7.000000 0.250100 12.027992
urf1_149
improve 0 184864 320719 191009 135837 7.000000 0.250100 15.266700
urf5_158
improve 0 164416 280906 168420 116490 7.000000 0.250100 10.240833
urf3_279
improve 0 125362 231930 141383 106497 7.000000 0.250100 29.190098
4gt12-v0_86
original 0 251 422 251 171 7.000000 0.250100 0.053067
4gt4-v0_73
original 9 395 656 395 261 7.000000 0.250100 0.713694
alu-v1_29
original 5 37 61 40 24 7.000000 0.250100 4.362340
alu-bdd_288
original 17 84 144 82 60 7.000000 0.250100 0.640411
decod24-v2_43
original 1 52 85 54 33 7.000000 0.250100 6.126359
mod8-10_178
original 21 342 570 343 228 7.000000 0.250100 0.614262
one-two-three-v0_98
original 40 146 233 142 87 7.000000 0.250100 58.331727
4gt4-v0_78
original 16 235 391 235 156 7.000000 0.250100 0.414031
4mod5-v0_19
original 2 35 59 38 24 7.000000 0.250100 5.747756
alu-v2_30
original 0 504 876 528 372 7.000000 0.250100 0.035639
alu-v3_35
original 3 37 61 40 24 7.000000 0.250100 2.138986
dist_223
original 0 38046 67332 37458 29286 7.000000 0.250100 7.892063
4gt4-v0_79
original 20 231 381 227 150 7.000000 0.250100 0.405951
hwb8_113
improve 0 69380 118958 71973 49578 7.000000 0.250100 4.039387
ex3_229
original 1 403 673 421 270 7.000000 0.250100 0.819926
xor5_254
original 0 7 16 10 9 7.000000 0.250100 0.002414
f2_232
original 10 1206 1992 1166 786 7.000000 0.250100 2.698960
time:16420.740633