rd53_138
improve 0 132 222 124 90 3.000000 0.660000 1.046565
4gt13-v1_93
original 17 68 107 63 39 3.000000 0.660000 1.668103
mod5mils_65
original 0 35 59 35 24 3.000000 0.660000 3.850895
mod5d1_63
original 73 22 34 22 12 3.000000 0.660000 17.523837
sym10_262
improve 0 64283 117737 69760 53406 3.000000 0.660000 18.962861
aj-e11_165
original 1 151 253 157 102 3.000000 0.660000 1.977633
hwb9_119
improve 0 207775 373856 224777 166026 3.000000 0.660000 19.825303
4gt11_83
original 1 23 35 26 12 3.000000 0.660000 36.047439
cm42a_207
improve 43 1776 3078 1772 1302 3.000000 0.660000 12.073803
4gt4-v0_72
original 0 258 459 281 201 3.000000 0.660000 0.020918
max46_240
original 0 27126 48798 27735 21672 3.000000 0.660000 2.547438
dc2_222
original 12 9462 17040 10136 7578 3.000000 0.660000 199.555788
sym9_193
improve 0 34881 63355 37511 28446 3.000000 0.660000 8.387431
rd53_135
improve 0 296 527 332 231 3.000000 0.660000 0.031307
mod10_171
original 5 244 421 258 177 3.000000 0.660000 11.541977
ising_model_13
improve 0 633 738 101 105 3.000000 0.660000 0.616540
adr4_197
original 35 3439 6097 3491 2658 3.000000 0.660000 295.055426
4gt11_84
original 179 18 30 18 12 3.000000 0.660000 3.976674
4gt11_82
original 8 27 42 33 15 3.000000 0.660000 4.573121
wim_266
original 15 986 1667 916 681 3.000000 0.660000 35.840982
rd53_131
original 0 469 844 508 375 3.000000 0.660000 0.038182
mod8-10_177
original 4 440 743 453 303 3.000000 0.660000 0.708747
4gt10-v1_81
original 11 148 244 149 96 3.000000 0.660000 0.960102
alu-v1_28
original 41 37 61 37 24 3.000000 0.660000 29.822379
cnt3-5_179
improve 7 175 319 138 144 3.000000 0.660000 4.458926
square_root_7
original 0 7630 14128 7679 6498 3.000000 0.660000 8.075972
one-two-three-v1_99
original 32 132 219 132 87 3.000000 0.660000 207.519510
mini_alu_305
improve 29 173 293 139 120 3.000000 0.660000 0.508238
rd53_311
original 0 275 503 241 228 3.000000 0.660000 0.044864
3_17_13
original 0 36 57 38 21 3.000000 0.660000 64.341376
rd73_252
original 0 5321 9545 5570 4224 3.000000 0.660000 0.436937
4gt4-v0_80
original 3 179 305 183 126 3.000000 0.660000 0.286685
hwb7_59
original 0 24379 43021 25139 18642 3.000000 0.660000 3.482928
ham3_102
original 1 20 35 21 15 3.000000 0.660000 64.649760
cnt3-5_180
improve 29 485 836 392 351 3.000000 0.660000 5.333322
rd53_133
original 0 580 964 575 384 3.000000 0.660000 0.037740
4mod7-v0_94
original 1 162 270 169 108 3.000000 0.660000 3.674886
plus63mod4096_163
original 0 128744 237368 142945 108624 3.000000 0.660000 72.668616
mini-alu_167
original 55 288 486 296 198 3.000000 0.660000 9.701904
root_255
original 0 17159 31556 17503 14397 3.000000 0.660000 14.562179
z4_268
original 23 3073 5449 3151 2376 3.000000 0.660000 23.325135
majority_239
improve 4 612 1035 661 423 3.000000 0.660000 1.002200
ex2_227
original 0 631 1117 666 486 3.000000 0.660000 0.043434
urf2_277
original 0 20112 37656 23118 17544 3.000000 0.660000 2.394387
one-two-three-v3_101
original 1 70 118 76 48 3.000000 0.660000 33.930614
4gt13_91
original 6 103 172 108 69 3.000000 0.660000 0.745571
4gt12-v1_89
original 1 228 375 226 147 3.000000 0.660000 0.602754
sqrt8_260
original 9 3009 5427 3175 2418 3.000000 0.660000 62.758223
rd32-v0_66
original 0 34 52 33 18 3.000000 0.660000 12.674410
sym9_148
improve 0 21504 37995 23157 16491 3.000000 0.660000 1.302443
4gt5_75
improve 8 83 137 85 54 3.000000 0.660000 3.183310
0410184_169
original 56 211 358 185 147 3.000000 0.660000 453.953335
urf2_152
improve 0 80480 140531 84894 60051 3.000000 0.660000 4.576619
urf1_278
improve 0 54766 101512 62887 46710 3.000000 0.660000 13.273094
sym6_145
improve 0 3888 6747 4247 2859 3.000000 0.660000 0.216026
alu-v2_32
original 1 163 277 172 114 3.000000 0.660000 13.387012
4gt12-v0_88
improve 12 194 329 205 135 3.000000 0.660000 0.314431
squar5_261
original 34 1993 3502 2076 1509 3.000000 0.660000 25.291529
alu-v2_31
original 1 451 757 458 306 3.000000 0.660000 10.234560
hwb5_53
improve 0 1336 2287 1408 951 3.000000 0.660000 0.070853
one-two-three-v2_100
original 77 69 117 75 48 3.000000 0.660000 38.507356
cycle10_2_110
original 0 6050 11120 6662 5070 3.000000 0.660000 1.385523
urf6_160
improve 0 171840 314481 183649 142581 3.000000 0.660000 34.971887
ising_model_10
improve 0 480 651 101 171 3.000000 0.660000 1.009576
sys6-v0_111
improve 31 215 368 167 153 3.000000 0.660000 4.740036
plus63mod8192_164
improve 0 187112 349369 218971 162132 3.000000 0.660000 36.096308
mod5adder_127
improve 0 555 978 599 423 3.000000 0.660000 0.083531
rd73_140
original 0 230 398 181 168 3.000000 0.660000 2.126880
4mod5-v1_23
original 60 69 123 81 54 3.000000 0.660000 5.101770
graycode6_47
original 0 5 29 13 24 3.000000 0.660000 0.019553
ising_model_16
original 0 786 1146 223 360 3.000000 0.660000 19.737956
ham7_104
original 0 320 551 337 231 3.000000 0.660000 0.641388
ex-1_166
original 0 19 31 21 12 3.000000 0.660000 26.116038
decod24-v3_45
original 8 150 243 143 93 3.000000 0.660000 14.403426
urf4_187
improve 0 512064 898913 505590 386808 3.000000 0.660000 38.615144
life_238
improve 0 22445 40727 24611 18276 3.000000 0.660000 3.549210
con1_216
improve 0 954 1659 962 705 3.000000 0.660000 0.059052
hwb6_56
improve 0 6723 11808 7263 5085 3.000000 0.660000 0.356592
mod10_176
original 11 178 295 178 117 3.000000 0.660000 10.090631
ex1_226
original 0 7 16 11 9 3.000000 0.660000 0.002530
sf_276
original 2 778 1282 775 504 3.000000 0.660000 1.591105
cm152a_212
original 0 1221 2205 1351 984 3.000000 0.660000 0.105211
4gt12-v0_87
original 0 247 418 250 171 3.000000 0.660000 0.016469
decod24-enable_126
improve 1 338 584 363 246 3.000000 0.660000 0.573192
radd_250
original 0 3213 5760 3399 2547 3.000000 0.660000 0.240541
pm1_249
improve 43 1776 3078 1772 1302 3.000000 0.660000 12.470566
sf_274
original 1 781 1291 778 510 3.000000 0.660000 1.681058
miller_11
original 0 50 86 59 36 3.000000 0.660000 10.679843
rd53_251
original 0 1291 2245 1321 954 3.000000 0.660000 0.066834
mlp4_245
improve 10 18852 34444 20598 15582 3.000000 0.660000 530.191006
9symml_195
improve 0 34881 63355 37511 28446 3.000000 0.660000 8.339937
rd84_142
improve 46 343 589 248 246 3.000000 0.660000 26.416709
inc_237
original 19 10619 19049 11349 8430 3.000000 0.660000 74.822555
sqn_258
improve 0 10223 18233 10667 8010 3.000000 0.660000 0.865601
alu-v2_33
original 1 37 61 40 24 3.000000 0.660000 29.336838
sao2_257
improve 0 38577 71537 41415 32916 3.000000 0.660000 9.658832
co14_215
improve 0 17936 33863 17902 15900 3.000000 0.660000 10.592936
decod24-v1_41
original 0 85 142 92 57 3.000000 0.660000 1.448797
4mod5-v0_20
original 2 20 29 18 9 3.000000 0.660000 36.638530
alu-v4_37
original 1 37 64 44 27 3.000000 0.660000 3.802516
urf3_155
improve 0 423488 749683 447665 326157 3.000000 0.660000 32.509436
misex1_241
original 0 4813 8755 5256 3942 3.000000 0.660000 9.471598
alu-v0_27
original 89 36 60 36 24 3.000000 0.660000 3.706651
4mod5-v1_24
original 2 36 63 39 27 3.000000 0.660000 36.143066
4mod7-v1_96
improve 1 164 275 178 111 3.000000 0.660000 21.790625
cm82a_208
improve 20 650 1118 620 468 3.000000 0.660000 1.263330
ham15_107
original 21 8763 15780 9338 7017 3.000000 0.660000 998.931142
0example
original 3 9 18 13 9 3.000000 0.660000 13.648276
dc1_220
improve 0 1914 3369 1978 1455 3.000000 0.660000 0.114194
4gt4-v1_74
original 0 273 474 283 201 3.000000 0.660000 0.017816
rd32-v1_68
original 0 36 54 33 18 3.000000 0.660000 12.532655
decod24-v0_38
original 51 51 84 53 33 3.000000 0.660000 9.495973
sym6_316
improve 0 270 528 297 258 3.000000 0.660000 0.028726
alu-v0_26
original 1 84 141 87 57 3.000000 0.660000 3.799982
clip_206
original 0 33827 61874 35109 28047 3.000000 0.660000 13.291634
4mod5-v0_18
original 8 69 114 68 45 3.000000 0.660000 4.760759
cm85a_209
improve 0 11414 21173 12962 9756 3.000000 0.660000 1.603237
alu-v4_36
original 34 115 193 121 78 3.000000 0.660000 30.750339
one-two-three-v0_97
original 13 290 479 290 189 3.000000 0.660000 2.042126
4gt13_90
original 13 107 179 113 72 3.000000 0.660000 0.688232
mod5d2_64
original 7 53 89 58 36 3.000000 0.660000 5.597672
ground_state_estimation_10
improve 0 390180 462600 223530 72420 3.000000 0.660000 11.175682
C17_204
original 0 467 800 474 333 3.000000 0.660000 0.131200
4gt13_92
original 7 66 111 65 45 3.000000 0.660000 48.426728
rd53_130
improve 0 1043 1796 1077 753 3.000000 0.660000 0.060680
alu-v3_34
original 98 52 82 49 30 3.000000 0.660000 2.583930
decod24-bdd_294
original 0 73 118 72 45 3.000000 0.660000 0.007020
4gt5_76
original 1 91 154 94 63 3.000000 0.660000 1.917171
sym9_146
original 21 328 580 267 252 3.000000 0.660000 3.046070
4mod5-v1_22
original 2 21 33 22 12 3.000000 0.660000 4.987013
rd32_270
original 1 84 135 81 51 3.000000 0.660000 2.811534
hwb4_49
original 0 233 392 250 159 3.000000 0.660000 1.391751
urf5_280
improve 0 49829 91220 56045 41358 3.000000 0.660000 9.685899
4gt5_77
original 1 131 215 130 84 3.000000 0.660000 37.130596
rd84_253
improve 0 13658 25085 14553 11418 3.000000 0.660000 4.882043
4_49_16
improve 5 217 367 235 150 3.000000 0.660000 3.050163
qft_10
improve 0 200 260 72 60 3.000000 0.660000 0.105768
4mod5-bdd_287
original 47 70 118 77 48 3.000000 0.660000 0.199584
qft_16
improve 0 512 937 248 261 3.000000 0.660000 25.807990
urf1_149
original 0 184864 327091 190764 142227 3.000000 0.660000 12.681042
urf5_158
improve 0 164416 286537 167628 122121 3.000000 0.660000 9.536617
urf3_279
improve 0 125362 237659 144921 112233 3.000000 0.660000 22.775440
4gt12-v0_86
improve 0 251 428 264 177 3.000000 0.660000 0.048180
4gt4-v0_73
original 9 395 662 399 267 3.000000 0.660000 1.097319
alu-v1_29
original 89 37 61 36 24 3.000000 0.660000 3.554399
alu-bdd_288
original 5 84 144 88 60 3.000000 0.660000 0.624975
decod24-v2_43
original 1 52 85 54 33 3.000000 0.660000 3.132389
mod8-10_178
original 11 342 576 349 234 3.000000 0.660000 0.592961
one-two-three-v0_98
original 66 146 242 146 96 3.000000 0.660000 51.583235
4gt4-v0_78
original 6 235 397 250 162 3.000000 0.660000 0.385684
4mod5-v0_19
original 2 35 59 38 24 3.000000 0.660000 5.130087
alu-v2_30
improve 0 504 864 515 360 3.000000 0.660000 0.031897
alu-v3_35
original 1 37 61 36 24 3.000000 0.660000 1.817817
dist_223
improve 0 38046 69687 39427 31611 3.000000 0.660000 6.759068
4gt4-v0_79
original 6 231 387 239 156 3.000000 0.660000 0.388353
hwb8_113
original 0 69380 122378 71813 52998 3.000000 0.660000 8.327381
ex3_229
original 1 403 670 407 267 3.000000 0.660000 0.704645
xor5_254
original 0 7 16 11 9 3.000000 0.660000 0.001542
f2_232
original 8 1206 2040 1216 834 3.000000 0.660000 2.131560
time:22254.470001