rd53_138
original 19 132 216 108 84 5.000000 0.300100 0.617606
4gt13-v1_93
original 96 68 110 63 42 5.000000 0.300100 13.381733
mod5mils_65
original 0 35 56 34 21 5.000000 0.300100 4.160587
mod5d1_63
original 2 22 37 26 15 5.000000 0.300100 20.809158
sym10_262
original 0 64283 115235 68765 50952 5.000000 0.300100 12.873025
aj-e11_165
original 1 151 259 171 108 5.000000 0.300100 2.186026
hwb9_119
improve 0 207775 368211 225593 160380 5.000000 0.300100 20.651351
4gt11_83
original 1 23 35 26 12 5.000000 0.300100 4.121007
cm42a_207
original 2 1776 3066 1784 1290 5.000000 0.300100 14.392152
4gt4-v0_72
original 0 258 459 273 201 5.000000 0.300100 0.020099
max46_240
original 0 27126 48135 27799 21009 5.000000 0.300100 2.306947
dc2_222
improve 48 9462 16914 10153 7452 5.000000 0.300100 201.761720
sym9_193
original 0 34881 63288 37684 28407 5.000000 0.300100 11.011711
rd53_135
original 0 296 509 304 213 5.000000 0.300100 0.039107
mod10_171
original 10 244 406 244 162 5.000000 0.300100 12.788835
ising_model_13
improve 0 633 783 124 150 5.000000 0.300100 2.513404
adr4_197
improve 29 3439 6082 3530 2643 5.000000 0.300100 88.934488
4gt11_84
original 1 18 30 20 12 5.000000 0.300100 4.677200
4gt11_82
original 7 27 45 33 18 5.000000 0.300100 3.634007
wim_266
improve 4 986 1688 981 702 5.000000 0.300100 6.220118
rd53_131
improve 0 469 841 531 372 5.000000 0.300100 0.033063
mod8-10_177
original 4 440 737 466 297 5.000000 0.300100 0.709986
4gt10-v1_81
original 10 148 244 150 96 5.000000 0.300100 0.883519
alu-v1_28
original 32 37 58 34 21 5.000000 0.300100 27.058417
cnt3-5_179
original 2 175 319 127 144 5.000000 0.300100 5.507517
square_root_7
original 0 7630 13234 6928 5604 5.000000 0.300100 5.142372
one-two-three-v1_99
original 9 132 222 145 90 5.000000 0.300100 299.613744
mini_alu_305
improve 0 173 284 143 111 5.000000 0.300100 2.028333
rd53_311
original 0 275 500 238 225 5.000000 0.300100 0.074485
3_17_13
original 0 36 57 38 21 5.000000 0.300100 72.498940
rd73_252
improve 0 5321 9419 5651 4098 5.000000 0.300100 0.416952
4gt4-v0_80
original 6 179 299 188 120 5.000000 0.300100 0.315932
hwb7_59
original 0 24379 42268 25261 17889 5.000000 0.300100 1.498210
ham3_102
original 4 20 35 26 15 5.000000 0.300100 70.965245
cnt3-5_180
improve 19 485 824 396 339 5.000000 0.300100 8.137545
rd53_133
improve 0 580 1042 701 462 5.000000 0.300100 0.085234
4mod7-v0_94
original 7 162 258 156 96 5.000000 0.300100 3.660166
plus63mod4096_163
improve 0 128744 233881 146266 105051 5.000000 0.300100 33.075476
mini-alu_167
original 40 288 483 304 195 5.000000 0.300100 5.542420
root_255
original 0 17159 31298 17838 14139 5.000000 0.300100 4.510477
z4_268
improve 12 3073 5335 3088 2262 5.000000 0.300100 21.859972
majority_239
original 8 612 1032 639 420 5.000000 0.300100 1.070556
ex2_227
original 0 631 1069 651 438 5.000000 0.300100 0.039693
urf2_277
improve 0 20112 37302 23619 17160 5.000000 0.300100 9.064177
one-two-three-v3_101
original 1 70 118 76 48 5.000000 0.300100 31.535857
4gt13_91
original 0 103 172 106 69 5.000000 0.300100 0.770374
4gt12-v1_89
original 46 228 372 225 144 5.000000 0.300100 0.622764
sqrt8_260
improve 0 3009 5328 3177 2319 5.000000 0.300100 17.513373
rd32-v0_66
original 0 34 52 33 18 5.000000 0.300100 16.313473
sym9_148
original 0 21504 38052 23256 16548 5.000000 0.300100 2.982270
4gt5_75
original 4 83 140 85 57 5.000000 0.300100 3.418104
0410184_169
improve 18 211 361 208 150 5.000000 0.300100 182.347839
urf2_152
improve 0 80480 138983 83596 58503 5.000000 0.300100 4.819907
urf1_278
improve 0 54766 99963 61641 45180 5.000000 0.300100 7.926035
sym6_145
original 0 3888 6678 4156 2790 5.000000 0.300100 0.213572
alu-v2_32
original 13 163 271 164 108 5.000000 0.300100 10.279705
4gt12-v0_88
original 3 194 317 200 123 5.000000 0.300100 0.341833
squar5_261
improve 51 1993 3514 1997 1521 5.000000 0.300100 27.735161
alu-v2_31
original 3 451 754 473 303 5.000000 0.300100 8.237486
hwb5_53
original 0 1336 2272 1423 936 5.000000 0.300100 0.072424
one-two-three-v2_100
original 10 69 114 68 45 5.000000 0.300100 38.652899
cycle10_2_110
original 0 6050 10790 6524 4740 5.000000 0.300100 4.983065
urf6_160
improve 0 171840 315081 185449 143124 5.000000 0.300100 53.844578
ising_model_10
improve 0 480 618 108 138 5.000000 0.300100 1.009719
sys6-v0_111
improve 36 215 365 155 150 5.000000 0.300100 4.910397
plus63mod8192_164
improve 0 187112 346627 220619 159354 5.000000 0.300100 63.064097
mod5adder_127
original 0 555 954 590 399 5.000000 0.300100 0.084066
rd73_140
original 36 230 389 176 159 5.000000 0.300100 1.707597
4mod5-v1_23
original 2 69 120 79 51 5.000000 0.300100 5.940962
graycode6_47
original 0 5 29 13 24 5.000000 0.300100 0.020040
ising_model_16
improve 0 786 996 140 210 5.000000 0.300100 1.457043
ham7_104
original 35 320 560 358 240 5.000000 0.300100 0.706697
ex-1_166
original 0 19 31 21 12 5.000000 0.300100 30.358281
decod24-v3_45
original 9 150 243 147 93 5.000000 0.300100 35.861835
urf4_187
improve 0 512064 917719 523635 405582 5.000000 0.300100 53.501600
life_238
improve 0 22445 39915 24030 17466 5.000000 0.300100 2.074015
con1_216
improve 0 954 1674 1022 720 5.000000 0.300100 0.070843
hwb6_56
improve 0 6723 11694 7499 4971 5.000000 0.300100 0.401518
mod10_176
original 5 178 295 181 117 5.000000 0.300100 18.721860
ex1_226
original 0 7 13 9 6 5.000000 0.300100 0.001876
sf_276
improve 15 778 1306 795 528 5.000000 0.300100 1.890828
cm152a_212
improve 0 1221 2107 1279 882 5.000000 0.300100 0.882881
4gt12-v0_87
original 0 247 409 244 162 5.000000 0.300100 0.015984
decod24-enable_126
original 14 338 593 379 255 5.000000 0.300100 0.550721
radd_250
improve 0 3213 5781 3494 2568 5.000000 0.300100 0.248739
pm1_249
original 2 1776 3066 1784 1290 5.000000 0.300100 14.232130
sf_274
original 9 781 1300 810 519 5.000000 0.300100 2.054209
miller_11
original 109 50 77 50 27 5.000000 0.300100 12.505023
rd53_251
original 0 1291 2209 1328 918 5.000000 0.300100 0.114452
mlp4_245
improve 51 18852 34004 20211 15111 5.000000 0.300100 634.048662
9symml_195
original 0 34881 63288 37684 28407 5.000000 0.300100 10.911774
rd84_142
improve 50 343 589 228 246 5.000000 0.300100 23.271332
inc_237
improve 1 10619 18821 11578 8196 5.000000 0.300100 80.638430
sqn_258
original 0 10223 17894 10417 7671 5.000000 0.300100 3.502605
alu-v2_33
original 95 37 58 37 21 5.000000 0.300100 27.346969
sao2_257
original 0 38577 70725 39890 32148 5.000000 0.300100 13.542608
co14_215
improve 0 17936 33999 18509 16017 5.000000 0.300100 16.272362
decod24-v1_41
original 18 85 142 90 57 5.000000 0.300100 3.594732
4mod5-v0_20
original 2 20 29 18 9 5.000000 0.300100 40.481666
alu-v4_37
original 3 37 61 40 24 5.000000 0.300100 3.920831
urf3_155
improve 0 423488 748147 453754 324594 5.000000 0.300100 42.912877
misex1_241
original 0 4813 8458 5160 3645 5.000000 0.300100 0.391786
alu-v0_27
original 14 36 60 40 24 5.000000 0.300100 4.169116
4mod5-v1_24
original 14 36 60 39 24 5.000000 0.300100 40.409183
4mod7-v1_96
original 9 164 269 171 105 5.000000 0.300100 13.186510
cm82a_208
original 10 650 1112 662 462 5.000000 0.300100 1.449330
ham15_107
original 10 8763 15549 9232 6786 5.000000 0.300100 466.127141
0example
original 3 9 18 13 9 5.000000 0.300100 15.433950
dc1_220
original 0 1914 3354 1966 1440 5.000000 0.300100 0.151897
4gt4-v1_74
original 0 273 471 292 198 5.000000 0.300100 0.014093
rd32-v1_68
original 0 36 54 33 18 5.000000 0.300100 15.962792
decod24-v0_38
original 0 51 84 56 33 5.000000 0.300100 7.475918
sym6_316
original 0 270 504 267 234 5.000000 0.300100 0.139428
alu-v0_26
original 10 84 138 85 54 5.000000 0.300100 1.337335
clip_206
improve 0 33827 61112 36385 27237 5.000000 0.300100 11.811236
4mod5-v0_18
original 34 69 108 69 39 5.000000 0.300100 5.936835
cm85a_209
original 0 11414 20558 12503 9144 5.000000 0.300100 1.019434
alu-v4_36
improve 1 115 193 126 78 5.000000 0.300100 31.875558
one-two-three-v0_97
original 1 290 479 297 189 5.000000 0.300100 2.033105
4gt13_90
original 0 107 179 113 72 5.000000 0.300100 0.838398
mod5d2_64
original 7 53 86 58 33 5.000000 0.300100 5.457977
ground_state_estimation_10
improve 0 390180 462770 220252 72582 5.000000 0.300100 13.269068
C17_204
improve 0 467 827 507 360 5.000000 0.300100 0.143990
4gt13_92
original 3 66 111 74 45 5.000000 0.300100 32.100639
rd53_130
original 0 1043 1793 1055 750 5.000000 0.300100 0.060694
alu-v3_34
original 7 52 85 56 33 5.000000 0.300100 2.897632
decod24-bdd_294
original 0 73 115 71 42 5.000000 0.300100 0.006532
4gt5_76
original 1 91 151 98 60 5.000000 0.300100 2.224985
sym9_146
original 47 328 568 250 240 5.000000 0.300100 50.766449
4mod5-v1_22
original 2 21 33 22 12 5.000000 0.300100 5.441510
rd32_270
original 13 84 135 85 51 5.000000 0.300100 3.507396
hwb4_49
original 13 233 377 238 144 5.000000 0.300100 1.456004
urf5_280
original 0 49829 89573 54243 39744 5.000000 0.300100 5.784643
4gt5_77
original 3 131 215 140 84 5.000000 0.300100 45.555075
rd84_253
original 0 13658 24467 14258 10809 5.000000 0.300100 3.279592
4_49_16
original 3 217 367 234 150 5.000000 0.300100 2.699059
qft_10
improve 0 200 271 70 63 5.000000 0.300100 2.038915
4mod5-bdd_287
original 3 70 115 76 45 5.000000 0.300100 0.222953
qft_16
improve 0 512 955 251 267 5.000000 0.300100 41.085879
urf1_149
improve 0 184864 327523 198435 142635 5.000000 0.300100 12.293333
urf5_158
original 0 164416 284740 168021 120324 5.000000 0.300100 14.882872
urf3_279
improve 0 125362 232849 143404 107421 5.000000 0.300100 21.962949
4gt12-v0_86
original 0 251 419 258 168 5.000000 0.300100 0.064307
4gt4-v0_73
original 9 395 653 402 258 5.000000 0.300100 0.706727
alu-v1_29
original 14 37 61 40 24 5.000000 0.300100 4.092366
alu-bdd_288
original 2 84 144 92 60 5.000000 0.300100 0.699221
decod24-v2_43
original 1 52 85 55 33 5.000000 0.300100 3.635427
mod8-10_178
original 35 342 570 356 228 5.000000 0.300100 0.604365
one-two-three-v0_98
original 5 146 242 153 96 5.000000 0.300100 58.574820
4gt4-v0_78
original 9 235 394 246 159 5.000000 0.300100 0.408854
4mod5-v0_19
original 27 35 56 36 21 5.000000 0.300100 5.930022
alu-v2_30
original 0 504 858 517 354 5.000000 0.300100 0.031212
alu-v3_35
original 3 37 61 39 24 5.000000 0.300100 2.090767
dist_223
improve 0 38046 68421 39725 30360 5.000000 0.300100 5.710487
4gt4-v0_79
original 9 231 387 239 156 5.000000 0.300100 0.403558
hwb8_113
improve 0 69380 120497 74285 51114 5.000000 0.300100 4.943915
ex3_229
original 35 403 664 406 261 5.000000 0.300100 0.802849
xor5_254
original 0 7 13 9 6 5.000000 0.300100 0.001819
f2_232
improve 13 1206 2043 1244 837 5.000000 0.300100 2.453502
time:17888.60932214735.548537