rd53_138
original 48 132 210 100 78 1.000000 0.401200 0.560479
4gt13-v1_93
original 14 68 110 62 42 1.000000 0.401200 13.306240
mod5mils_65
original 0 35 59 35 24 1.000000 0.401200 3.489625
mod5d1_63
original 2 22 37 26 15 1.000000 0.401200 18.697682
sym10_262
improve 0 64283 122257 74571 57903 1.000000 0.401200 29.353062
aj-e11_165
original 14 151 262 168 111 1.000000 0.401200 4.785354
hwb9_119
improve 0 207775 390102 243489 182142 1.000000 0.401200 65.465843
4gt11_83
original 1 23 35 26 12 1.000000 0.401200 3.613900
cm42a_207
original 24 1776 3186 1917 1410 1.000000 0.401200 12.763084
4gt4-v0_72
original 0 258 444 267 186 1.000000 0.401200 0.021562
max46_240
original 0 27126 50706 29849 23580 1.000000 0.401200 11.597012
dc2_222
original 16 9462 17739 10778 8277 1.000000 0.401200 869.749722
sym9_193
original 0 34881 66423 40671 31542 1.000000 0.401200 16.778096
rd53_135
improve 0 296 530 345 234 1.000000 0.401200 0.031105
mod10_171
original 55 244 418 271 174 1.000000 0.401200 11.735473
ising_model_13
original 0 633 879 173 246 1.000000 0.401200 1.120667
adr4_197
improve 9 3439 6394 3810 2955 1.000000 0.401200 118.777005
4gt11_84
original 1 18 30 20 12 1.000000 0.401200 3.914494
4gt11_82
original 5 27 42 33 15 1.000000 0.401200 3.727040
wim_266
improve 46 986 1739 1006 753 1.000000 0.401200 11.590110
rd53_131
original 0 469 877 546 408 1.000000 0.401200 0.037212
mod8-10_177
improve 14 440 755 476 315 1.000000 0.401200 0.756242
4gt10-v1_81
original 26 148 253 168 105 1.000000 0.401200 1.857450
alu-v1_28
original 19 37 61 41 24 1.000000 0.401200 27.203962
cnt3-5_179
improve 14 175 328 148 153 1.000000 0.401200 5.773877
square_root_7
improve 0 7630 14120 8172 6453 1.000000 0.401200 10.218909
one-two-three-v1_99
original 34 132 222 141 90 1.000000 0.401200 200.745315
mini_alu_305
improve 19 173 293 141 120 1.000000 0.401200 5.062889
rd53_311
improve 0 275 533 302 258 1.000000 0.401200 0.041676
3_17_13
original 1 36 57 37 21 1.000000 0.401200 69.534782
rd73_252
original 0 5321 10067 6095 4746 1.000000 0.401200 1.449491
4gt4-v0_80
original 21 179 299 185 120 1.000000 0.401200 0.298411
hwb7_59
improve 0 24379 44455 27297 20070 1.000000 0.401200 2.855764
ham3_102
original 0 20 32 23 12 1.000000 0.401200 68.656985
cnt3-5_180
improve 22 485 860 436 375 1.000000 0.401200 30.310557
rd53_133
improve 0 580 994 655 414 1.000000 0.401200 0.041128
4mod7-v0_94
original 34 162 273 171 111 1.000000 0.401200 4.924412
plus63mod4096_163
improve 0 128744 245330 154359 116334 1.000000 0.401200 102.122324
mini-alu_167
original 23 288 474 287 186 1.000000 0.401200 10.095395
root_255
original 0 17159 32525 18699 15366 1.000000 0.401200 12.344980
z4_268
original 2 3073 5638 3446 2565 1.000000 0.401200 82.929471
majority_239
original 0 612 1074 685 462 1.000000 0.401200 1.981135
ex2_227
improve 0 631 1132 714 501 1.000000 0.401200 0.117204
urf2_277
original 0 20112 38913 24591 18801 1.000000 0.401200 1.909135
one-two-three-v3_101
original 45 70 115 72 45 1.000000 0.401200 34.785246
4gt13_91
original 0 103 172 112 69 1.000000 0.401200 1.231836
4gt12-v1_89
original 22 228 384 234 156 1.000000 0.401200 0.577577
sqrt8_260
improve 8 3009 5641 3513 2628 1.000000 0.401200 43.485026
rd32-v0_66
original 11 34 52 34 18 1.000000 0.401200 15.230205
sym9_148
improve 0 21504 40209 25890 18678 1.000000 0.401200 7.504547
4gt5_75
original 75 83 134 80 51 1.000000 0.401200 729.130789
0410184_169
improve 78 211 379 212 168 1.000000 0.401200 478.561507
urf2_152
improve 0 80480 142817 87021 62337 1.000000 0.401200 4.930613
urf1_278
improve 0 54766 104542 65632 49776 1.000000 0.401200 5.267528
sym6_145
original 0 3888 7062 4411 3174 1.000000 0.401200 0.264891
alu-v2_32
original 7 163 280 169 117 1.000000 0.401200 13.716372
4gt12-v0_88
original 21 194 329 202 135 1.000000 0.401200 0.333764
squar5_261
improve 3 1993 3637 2143 1644 1.000000 0.401200 27.135160
alu-v2_31
original 19 451 754 462 303 1.000000 0.401200 12.695157
hwb5_53
original 0 1336 2398 1506 1062 1.000000 0.401200 0.074426
one-two-three-v2_100
original 96 69 114 73 45 1.000000 0.401200 42.475949
cycle10_2_110
improve 0 6050 11339 7147 5274 1.000000 0.401200 4.681055
urf6_160
improve 0 171840 324082 190886 152076 1.000000 0.401200 62.159050
ising_model_10
original 0 480 648 121 168 1.000000 0.401200 1.360601
sys6-v0_111
original 48 215 344 135 129 1.000000 0.401200 4.148904
plus63mod8192_164
improve 0 187112 362240 233703 174864 1.000000 0.401200 75.260811
mod5adder_127
improve 0 555 957 620 402 1.000000 0.401200 0.087176
rd73_140
improve 35 230 392 187 162 1.000000 0.401200 3.728433
4mod5-v1_23
original 18 69 120 81 51 1.000000 0.401200 10.642390
graycode6_47
original 0 5 29 13 24 1.000000 0.401200 0.018927
ising_model_16
original 0 786 1146 184 360 1.000000 0.401200 26.000294
ham7_104
original 11 320 563 363 243 1.000000 0.401200 0.729096
ex-1_166
original 4 19 28 18 9 1.000000 0.401200 25.446058
decod24-v3_45
original 61 150 246 149 96 1.000000 0.401200 122.337908
urf4_187
improve 0 512064 948787 553402 436473 1.000000 0.401200 83.696585
life_238
improve 0 22445 42365 26201 19911 1.000000 0.401200 5.084966
con1_216
original 0 954 1752 1050 798 1.000000 0.401200 0.075573
hwb6_56
original 0 6723 12351 7684 5628 1.000000 0.401200 0.440794
mod10_176
improve 10 178 298 185 120 1.000000 0.401200 15.493638
ex1_226
original 0 7 16 10 9 1.000000 0.401200 0.002532
sf_276
original 13 778 1345 851 567 1.000000 0.401200 2.107924
cm152a_212
original 0 1221 2298 1425 1077 1.000000 0.401200 0.479894
4gt12-v0_87
original 0 247 439 272 192 1.000000 0.401200 0.019297
decod24-enable_126
original 3 338 581 363 243 1.000000 0.401200 0.621211
radd_250
original 0 3213 6099 3791 2886 1.000000 0.401200 0.410533
pm1_249
original 24 1776 3186 1917 1410 1.000000 0.401200 12.565228
sf_274
original 16 781 1318 828 537 1.000000 0.401200 2.000955
miller_11
original 36 50 77 50 27 1.000000 0.401200 33.962829
rd53_251
original 0 1291 2341 1451 1050 1.000000 0.401200 0.093627
mlp4_245
original 18 18852 35754 21745 16902 1.000000 0.401200 1232.528056
9symml_195
original 0 34881 66423 40671 31542 1.000000 0.401200 17.180905
rd84_142
original 50 343 598 224 255 1.000000 0.401200 34.090313
inc_237
improve 12 10619 19703 12006 9075 1.000000 0.401200 181.819844
sqn_258
improve 0 10223 18938 11345 8700 1.000000 0.401200 8.415166
alu-v2_33
original 95 37 58 38 21 1.000000 0.401200 21.869979
sao2_257
improve 0 38577 74718 44964 35958 1.000000 0.401200 41.032355
co14_215
improve 0 17936 35707 19576 17640 1.000000 0.401200 47.059105
decod24-v1_41
original 0 85 142 93 57 1.000000 0.401200 3.875798
4mod5-v0_20
original 2 20 29 18 9 1.000000 0.401200 37.995760
alu-v4_37
original 89 37 64 40 27 1.000000 0.401200 13.434677
urf3_155
improve 0 423488 766474 472032 342903 1.000000 0.401200 47.462460
misex1_241
improve 0 4813 9019 5694 4206 1.000000 0.401200 0.450083
alu-v0_27
original 89 36 60 36 24 1.000000 0.401200 13.535673
4mod5-v1_24
original 14 36 60 39 24 1.000000 0.401200 33.683260
4mod7-v1_96
original 8 164 269 171 105 1.000000 0.401200 18.439568
cm82a_208
improve 10 650 1133 663 483 1.000000 0.401200 2.450134
ham15_107
original 23 8763 16398 10043 7635 1.000000 0.401200 1253.094641
0example
original 37 9 18 12 9 1.000000 0.401200 18.525926
dc1_220
improve 0 1914 3501 2131 1587 1.000000 0.401200 0.142718
4gt4-v1_74
improve 0 273 486 313 213 1.000000 0.401200 0.020559
rd32-v1_68
original 11 36 54 34 18 1.000000 0.401200 12.252002
decod24-v0_38
original 11 51 81 51 30 1.000000 0.401200 12.533924
sym6_316
original 0 270 498 278 228 1.000000 0.401200 0.026360
alu-v0_26
original 19 84 138 88 54 1.000000 0.401200 1.294524
clip_206
original 0 33827 64703 38410 30876 1.000000 0.401200 8.524056
4mod5-v0_18
original 8 69 114 76 45 1.000000 0.401200 9.334453
cm85a_209
original 0 11414 21707 13474 10293 1.000000 0.401200 14.602965
alu-v4_36
original 34 115 193 124 78 1.000000 0.401200 31.772997
one-two-three-v0_97
improve 10 290 494 314 204 1.000000 0.401200 2.362417
4gt13_90
original 26 107 179 118 72 1.000000 0.401200 1.348039
mod5d2_64
original 7 53 86 58 33 1.000000 0.401200 5.881968
ground_state_estimation_10
improve 0 390180 518406 267202 128223 1.000000 0.401200 12.249887
C17_204
improve 0 467 863 541 396 1.000000 0.401200 0.150969
4gt13_92
original 1 66 114 75 48 1.000000 0.401200 58.789517
rd53_130
improve 0 1043 1880 1159 837 1.000000 0.401200 0.066738
alu-v3_34
original 98 52 82 50 30 1.000000 0.401200 4.535584
decod24-bdd_294
original 0 73 118 73 45 1.000000 0.401200 0.005822
4gt5_76
original 19 91 154 96 63 1.000000 0.401200 1.807880
sym9_146
original 22 328 595 278 267 1.000000 0.401200 17.464583
4mod5-v1_22
original 2 21 30 19 9 1.000000 0.401200 5.007318
rd32_270
original 2 84 135 85 51 1.000000 0.401200 2.911593
hwb4_49
original 41 233 383 239 150 1.000000 0.401200 1.442041
urf5_280
improve 0 49829 94220 59524 44391 1.000000 0.401200 4.513160
4gt5_77
original 12 131 221 136 90 1.000000 0.401200 108.279727
rd84_253
original 0 13658 25748 15324 12090 1.000000 0.401200 4.658726
4_49_16
original 24 217 370 237 153 1.000000 0.401200 3.263566
qft_10
improve 0 200 304 96 87 1.000000 0.401200 4.980977
4mod5-bdd_287
original 1 70 115 76 45 1.000000 0.401200 0.216089
qft_16
improve 0 512 950 256 366 1.000000 0.401200 16.370409
urf1_149
improve 0 184864 335712 206961 150840 1.000000 0.401200 13.032318
urf5_158
improve 0 164416 292984 176515 128550 1.000000 0.401200 14.475446
urf3_279
improve 0 125362 242683 152479 117204 1.000000 0.401200 34.920104
4gt12-v0_86
original 0 251 443 280 192 1.000000 0.401200 0.053526
4gt4-v0_73
original 26 395 674 419 279 1.000000 0.401200 1.142658
alu-v1_29
original 89 37 61 36 24 1.000000 0.401200 13.734882
alu-bdd_288
original 5 84 141 91 57 1.000000 0.401200 0.630760
decod24-v2_43
original 16 52 85 53 33 1.000000 0.401200 9.969680
mod8-10_178
original 35 342 591 373 249 1.000000 0.401200 0.651315
one-two-three-v0_98
original 66 146 245 154 99 1.000000 0.401200 47.284300
4gt4-v0_78
original 16 235 403 255 168 1.000000 0.401200 0.501039
4mod5-v0_19
original 75 35 56 37 21 1.000000 0.401200 6.918236
alu-v2_30
original 0 504 915 568 411 1.000000 0.401200 0.040732
alu-v3_35
original 3 37 61 40 24 1.000000 0.401200 52.004254
dist_223
improve 0 38046 72447 42839 34311 1.000000 0.401200 28.284153
4gt4-v0_79
original 16 231 396 245 165 1.000000 0.401200 0.591304
hwb8_113
improve 0 69380 127235 80169 57846 1.000000 0.401200 7.711334
ex3_229
original 35 403 688 414 285 1.000000 0.401200 0.854645
xor5_254
original 0 7 16 10 9 1.000000 0.401200 0.002372
f2_232
original 12 1206 2124 1310 918 1.000000 0.401200 3.550890
time:14770.333648