rd53_138
improve 19 132 219 112 87 8.000000 0.350100 2.713631
4gt13-v1_93
original 17 68 113 67 45 8.000000 0.350100 13.532645
mod5mils_65
original 0 35 59 36 24 8.000000 0.350100 4.452401
mod5d1_63
original 2 22 37 26 15 8.000000 0.350100 20.712733
sym10_262
improve 0 64283 114750 66251 50457 8.000000 0.350100 7.272018
aj-e11_165
original 1 151 247 154 96 8.000000 0.350100 2.243051
hwb9_119
improve 0 207775 364293 214158 156480 8.000000 0.350100 22.979476
4gt11_83
original 1 23 35 26 12 8.000000 0.350100 4.120953
cm42a_207
original 13 1776 3036 1699 1260 8.000000 0.350100 11.220688
4gt4-v0_72
improve 0 258 435 244 177 8.000000 0.350100 0.019360
max46_240
improve 0 27126 47424 26959 20295 8.000000 0.350100 2.403431
dc2_222
original 16 9462 16647 9669 7185 8.000000 0.350100 217.006817
sym9_193
original 0 34881 62466 36068 27585 8.000000 0.350100 6.476009
rd53_135
improve 0 296 521 316 225 8.000000 0.350100 0.034930
mod10_171
original 0 244 412 261 168 8.000000 0.350100 12.548685
ising_model_13
original 0 633 699 143 66 8.000000 0.350100 0.985119
adr4_197
original 36 3439 6034 3376 2595 8.000000 0.350100 157.497791
4gt11_84
original 13 18 30 20 12 8.000000 0.350100 4.687168
4gt11_82
original 7 27 42 33 15 8.000000 0.350100 3.201611
wim_266
improve 2 986 1691 933 705 8.000000 0.350100 23.997869
rd53_131
original 0 469 796 484 327 8.000000 0.350100 0.035927
mod8-10_177
original 4 440 725 452 285 8.000000 0.350100 0.764605
4gt10-v1_81
original 10 148 238 147 90 8.000000 0.350100 1.252463
alu-v1_28
original 41 37 61 39 24 8.000000 0.350100 25.483712
cnt3-5_179
original 14 175 310 119 135 8.000000 0.350100 4.661457
square_root_7
improve 0 7630 13796 7620 6159 8.000000 0.350100 3.669804
one-two-three-v1_99
original 34 132 228 142 96 8.000000 0.350100 299.609159
mini_alu_305
improve 7 173 290 139 117 8.000000 0.350100 1.764370
rd53_311
original 0 275 521 266 246 8.000000 0.350100 0.039781
3_17_13
original 0 36 60 41 24 8.000000 0.350100 73.085655
rd73_252
improve 0 5321 9170 5319 3849 8.000000 0.350100 0.364344
4gt4-v0_80
original 3 179 305 189 126 8.000000 0.350100 0.344130
hwb7_59
improve 0 24379 41767 24990 17388 8.000000 0.350100 1.411849
ham3_102
original 7 20 35 21 15 8.000000 0.350100 74.303958
cnt3-5_180
original 0 485 833 387 348 8.000000 0.350100 14.511421
rd53_133
improve 0 580 1027 655 447 8.000000 0.350100 0.074301
4mod7-v0_94
original 9 162 270 171 108 8.000000 0.350100 3.756948
plus63mod4096_163
improve 0 128744 230436 138422 101646 8.000000 0.350100 18.072452
mini-alu_167
original 5 288 480 301 192 8.000000 0.350100 5.540198
root_255
improve 0 17159 30557 17097 13398 8.000000 0.350100 1.518304
z4_268
original 2 3073 5320 3021 2247 8.000000 0.350100 30.091867
majority_239
original 18 612 1029 624 417 8.000000 0.350100 1.124032
ex2_227
original 0 631 1078 640 447 8.000000 0.350100 0.050212
urf2_277
improve 0 20112 38337 25107 18225 8.000000 0.350100 1.669140
one-two-three-v3_101
original 1 70 118 73 48 8.000000 0.350100 28.483442
4gt13_91
original 0 103 172 100 69 8.000000 0.350100 0.833752
4gt12-v1_89
original 46 228 381 233 153 8.000000 0.350100 0.643268
sqrt8_260
improve 33 3009 5283 3049 2274 8.000000 0.350100 60.246382
rd32-v0_66
original 0 34 52 33 18 8.000000 0.350100 16.827853
sym9_148
original 0 21504 38262 22532 16758 8.000000 0.350100 3.888519
4gt5_75
original 1 83 140 84 57 8.000000 0.350100 3.562514
0410184_169
original 37 211 346 184 135 8.000000 0.350100 291.762741
urf2_152
improve 0 80480 139202 84065 58722 8.000000 0.350100 4.957199
urf1_278
original 0 54766 100954 61123 46188 8.000000 0.350100 12.371950
sym6_145
improve 0 3888 6648 4187 2760 8.000000 0.350100 0.238267
alu-v2_32
original 1 163 277 165 114 8.000000 0.350100 10.166138
4gt12-v0_88
original 3 194 320 193 126 8.000000 0.350100 0.335332
squar5_261
original 50 1993 3457 1942 1464 8.000000 0.350100 9.112056
alu-v2_31
original 1 451 730 437 279 8.000000 0.350100 8.518665
hwb5_53
original 0 1336 2287 1429 951 8.000000 0.350100 0.075232
one-two-three-v2_100
original 3 69 117 76 48 8.000000 0.350100 43.379168
cycle10_2_110
original 0 6050 10532 6159 4482 8.000000 0.350100 4.303408
urf6_160
improve 0 171840 311454 178495 139578 8.000000 0.350100 20.726976
ising_model_10
original 0 480 582 110 102 8.000000 0.350100 0.463130
sys6-v0_111
original 14 215 368 145 153 8.000000 0.350100 1.190562
plus63mod8192_164
improve 0 187112 341342 209121 154008 8.000000 0.350100 62.499907
mod5adder_127
original 0 555 972 561 417 8.000000 0.350100 0.093678
rd73_140
original 28 230 389 177 159 8.000000 0.350100 5.025537
4mod5-v1_23
original 8 69 123 82 54 8.000000 0.350100 6.267412
graycode6_47
original 0 5 29 13 24 8.000000 0.350100 0.017605
ising_model_16
improve 0 786 1074 164 288 8.000000 0.350100 2.521257
ham7_104
original 26 320 557 348 237 8.000000 0.350100 0.663615
ex-1_166
original 0 19 31 21 12 8.000000 0.350100 30.579226
decod24-v3_45
original 8 150 243 146 93 8.000000 0.350100 36.568986
urf4_187
original 0 512064 902397 499080 390333 8.000000 0.350100 39.880291
life_238
improve 0 22445 39425 23036 16980 8.000000 0.350100 1.827752
con1_216
improve 0 954 1641 944 687 8.000000 0.350100 0.132194
hwb6_56
original 0 6723 11574 6886 4851 8.000000 0.350100 0.403803
mod10_176
original 5 178 280 171 102 8.000000 0.350100 18.870734
ex1_226
original 0 7 13 9 6 8.000000 0.350100 0.001816
sf_276
original 23 778 1309 786 531 8.000000 0.350100 2.004080
cm152a_212
improve 0 1221 2140 1278 915 8.000000 0.350100 0.872032
4gt12-v0_87
original 0 247 421 254 174 8.000000 0.350100 0.018708
decod24-enable_126
original 10 338 581 353 243 8.000000 0.350100 0.563217
radd_250
improve 0 3213 5703 3335 2490 8.000000 0.350100 0.271938
pm1_249
original 13 1776 3036 1699 1260 8.000000 0.350100 11.185298
sf_274
original 1 781 1315 799 534 8.000000 0.350100 2.072844
miller_11
original 10 50 83 53 33 8.000000 0.350100 12.627978
rd53_251
improve 0 1291 2227 1353 936 8.000000 0.350100 0.078284
mlp4_245
improve 50 18852 33266 19053 14391 8.000000 0.350100 519.947582
9symml_195
original 0 34881 62466 36068 27585 8.000000 0.350100 6.343405
rd84_142
original 32 343 589 221 246 8.000000 0.350100 22.989966
inc_237
original 4 10619 18449 10497 7830 8.000000 0.350100 49.605857
sqn_258
improve 0 10223 17765 10138 7536 8.000000 0.350100 2.396569
alu-v2_33
original 95 37 58 37 21 8.000000 0.350100 27.543549
sao2_257
improve 0 38577 69432 39393 30819 8.000000 0.350100 7.891050
co14_215
improve 0 17936 33491 17383 15510 8.000000 0.350100 13.427554
decod24-v1_41
original 17 85 145 92 60 8.000000 0.350100 3.668299
4mod5-v0_20
original 2 20 29 18 9 8.000000 0.350100 40.319335
alu-v4_37
original 3 37 61 40 24 8.000000 0.350100 4.286196
urf3_155
improve 0 423488 744190 444161 320658 8.000000 0.350100 35.533031
misex1_241
improve 0 4813 8431 4904 3618 8.000000 0.350100 0.458983
alu-v0_27
original 14 36 60 40 24 8.000000 0.350100 3.845759
4mod5-v1_24
original 2 36 63 40 27 8.000000 0.350100 41.817997
4mod7-v1_96
original 32 164 272 165 108 8.000000 0.350100 13.857492
cm82a_208
original 20 650 1094 641 444 8.000000 0.350100 1.535420
ham15_107
improve 6 8763 15327 9020 6564 8.000000 0.350100 350.637937
0example
original 3 9 18 13 9 8.000000 0.350100 15.046126
dc1_220
improve 0 1914 3315 2001 1401 8.000000 0.350100 0.123380
4gt4-v1_74
original 0 273 462 286 189 8.000000 0.350100 0.020250
rd32-v1_68
original 0 36 54 33 18 8.000000 0.350100 16.428083
decod24-v0_38
original 99 51 84 56 33 8.000000 0.350100 7.715303
sym6_316
improve 0 270 516 299 246 8.000000 0.350100 0.028782
alu-v0_26
original 9 84 135 80 51 8.000000 0.350100 1.373416
clip_206
original 0 33827 60410 33712 26583 8.000000 0.350100 9.061916
4mod5-v0_18
original 34 69 114 73 45 8.000000 0.350100 6.193779
cm85a_209
original 0 11414 20357 11906 8943 8.000000 0.350100 15.286954
alu-v4_36
original 1 115 190 120 75 8.000000 0.350100 31.322907
one-two-three-v0_97
original 13 290 488 309 198 8.000000 0.350100 2.076996
4gt13_90
original 0 107 179 107 72 8.000000 0.350100 0.767301
mod5d2_64
original 95 53 89 61 36 8.000000 0.350100 5.591465
ground_state_estimation_10
improve 0 390180 449334 206065 59154 8.000000 0.350100 12.687703
C17_204
original 0 467 815 474 348 8.000000 0.350100 0.149326
4gt13_92
original 17 66 108 66 42 8.000000 0.350100 23.251383
rd53_130
improve 0 1043 1799 1087 756 8.000000 0.350100 0.070461
alu-v3_34
original 32 52 85 52 33 8.000000 0.350100 3.028220
decod24-bdd_294
original 0 73 115 70 42 8.000000 0.350100 0.007692
4gt5_76
original 1 91 148 90 57 8.000000 0.350100 2.161423
sym9_146
original 3 328 583 263 255 8.000000 0.350100 29.767320
4mod5-v1_22
original 2 21 33 22 12 8.000000 0.350100 5.517716
rd32_270
original 2 84 138 85 54 8.000000 0.350100 3.469848
hwb4_49
original 40 233 374 227 141 8.000000 0.350100 1.562523
urf5_280
improve 0 49829 89801 55049 39963 8.000000 0.350100 6.099204
4gt5_77
original 8 131 215 127 84 8.000000 0.350100 46.228941
rd84_253
improve 0 13658 24358 13893 10677 8.000000 0.350100 6.514356
4_49_16
original 32 217 367 225 150 8.000000 0.350100 2.817333
qft_10
improve 0 200 281 83 81 8.000000 0.350100 0.181158
4mod5-bdd_287
original 2 70 118 78 48 8.000000 0.350100 0.225534
qft_16
improve 0 512 906 246 249 8.000000 0.350100 32.051723
urf1_149
improve 0 184864 326587 194461 141723 8.000000 0.350100 11.944084
urf5_158
original 0 164416 284254 165382 119838 8.000000 0.350100 10.380995
urf3_279
improve 0 125362 233870 142051 108378 8.000000 0.350100 60.309307
4gt12-v0_86
original 0 251 428 261 177 8.000000 0.350100 0.053820
4gt4-v0_73
original 7 395 671 373 276 8.000000 0.350100 0.714455
alu-v1_29
original 14 37 61 40 24 8.000000 0.350100 3.928658
alu-bdd_288
original 2 84 147 93 63 8.000000 0.350100 0.648434
decod24-v2_43
original 1 52 85 54 33 8.000000 0.350100 3.706983
mod8-10_178
original 31 342 561 342 219 8.000000 0.350100 0.637945
one-two-three-v0_98
original 40 146 242 145 96 8.000000 0.350100 52.753529
4gt4-v0_78
original 0 235 400 253 165 8.000000 0.350100 0.424597
4mod5-v0_19
original 2 35 59 38 24 8.000000 0.350100 5.783265
alu-v2_30
original 0 504 873 526 369 8.000000 0.350100 0.036972
alu-v3_35
original 1 37 64 40 27 8.000000 0.350100 2.037084
dist_223
original 0 38046 67566 36845 29520 8.000000 0.350100 4.480987
4gt4-v0_79
original 0 231 390 244 159 8.000000 0.350100 0.420032
hwb8_113
improve 0 69380 119513 71328 50133 8.000000 0.350100 4.397535
ex3_229
original 0 403 673 409 270 8.000000 0.350100 0.826057
xor5_254
original 0 7 13 9 6 8.000000 0.350100 0.001520
f2_232
original 7 1206 2016 1190 810 8.000000 0.350100 2.249086
time:20844.202375