rd53_138
original 48 132 210 100 78 1.000000 0.451200 0.560941
4gt13-v1_93
original 14 68 110 62 42 1.000000 0.451200 13.355246
mod5mils_65
original 0 35 59 35 24 1.000000 0.451200 3.514171
mod5d1_63
original 2 22 37 26 15 1.000000 0.451200 18.521999
sym10_262
improve 0 64283 122257 74571 57903 1.000000 0.451200 29.737974
aj-e11_165
original 14 151 262 168 111 1.000000 0.451200 4.774359
hwb9_119
improve 0 207775 390102 243489 182142 1.000000 0.451200 64.840990
4gt11_83
original 1 23 35 26 12 1.000000 0.451200 3.640010
cm42a_207
original 24 1776 3186 1917 1410 1.000000 0.451200 12.780286
4gt4-v0_72
original 0 258 444 267 186 1.000000 0.451200 0.020562
max46_240
original 0 27126 50706 29849 23580 1.000000 0.451200 11.585150
