rd53_138
improve 15 132 219 110 87 6.000000 0.200000 0.859724
4gt13-v1_93
original 17 68 110 68 42 6.000000 0.200000 11.409557
mod5mils_65
original 0 35 59 35 24 6.000000 0.200000 3.737949
mod5d1_63
original 2 22 37 26 15 6.000000 0.200000 36.846852
sym10_262
improve 0 64283 116844 70514 52524 6.000000 0.200000 14.519070
aj-e11_165
original 1 151 247 162 96 6.000000 0.200000 2.684421
hwb9_119
improve 0 207775 370840 228047 163026 6.000000 0.200000 13.868570
4gt11_83
original 1 23 35 26 12 6.000000 0.200000 37.509293
cm42a_207
original 25 1776 3063 1762 1287 6.000000 0.200000 7.203769
4gt4-v0_72
original 0 258 450 268 192 6.000000 0.200000 0.015391
max46_240
improve 0 27126 49892 30427 22716 6.000000 0.200000 15.286718
dc2_222
original 42 9462 17019 10177 7557 6.000000 0.200000 180.770768
sym9_193
improve 0 34881 64852 40182 29886 6.000000 0.200000 17.156375
rd53_135
original 0 296 515 319 219 6.000000 0.200000 0.025401
mod10_171
original 0 244 418 255 174 6.000000 0.200000 11.095845
ising_model_13
original 0 633 759 143 126 6.000000 0.200000 2.771647
adr4_197
improve 31 3439 6104 3580 2661 6.000000 0.200000 57.129403
4gt11_84
original 25 18 30 18 12 6.000000 0.200000 3.943864
4gt11_82
original 26 27 42 30 15 6.000000 0.200000 4.534786
wim_266
improve 13 986 1706 995 720 6.000000 0.200000 14.611516
rd53_131
original 0 469 826 511 357 6.000000 0.200000 0.029875
mod8-10_177
original 14 440 740 465 300 6.000000 0.200000 0.581897
4gt10-v1_81
original 13 148 247 155 99 6.000000 0.200000 0.982707
alu-v1_28
original 17 37 61 39 24 6.000000 0.200000 22.500242
cnt3-5_179
original 14 175 313 139 138 6.000000 0.200000 3.780615
square_root_7
improve 0 7630 13697 7591 6051 6.000000 0.200000 4.781774
one-two-three-v1_99
original 32 132 225 144 93 6.000000 0.200000 198.125858
mini_alu_305
improve 0 173 287 154 114 6.000000 0.200000 1.498898
rd53_311
improve 0 275 521 262 246 6.000000 0.200000 0.038948
3_17_13
original 0 36 57 38 21 6.000000 0.200000 63.167141
rd73_252
original 0 5321 9485 5646 4164 6.000000 0.200000 2.557227
4gt4-v0_80
original 6 179 302 194 123 6.000000 0.200000 0.241537
hwb7_59
improve 0 24379 42595 26442 18216 6.000000 0.200000 1.165864
ham3_102
original 1 20 35 21 15 6.000000 0.200000 61.718683
cnt3-5_180
original 22 485 836 437 351 6.000000 0.200000 5.368402
rd53_133
original 0 580 1051 647 471 6.000000 0.200000 0.052006
4mod7-v0_94
original 34 162 273 175 111 6.000000 0.200000 3.289840
plus63mod4096_163
improve 0 128744 235374 147880 106518 6.000000 0.200000 22.396596
mini-alu_167
original 17 288 498 309 210 6.000000 0.200000 4.930797
root_255
original 0 17159 30959 17587 13800 6.000000 0.200000 2.746960
z4_268
original 0 3073 5428 3208 2355 6.000000 0.200000 14.597160
majority_239
original 8 612 1035 622 423 6.000000 0.200000 0.844354
ex2_227
original 0 631 1090 679 459 6.000000 0.200000 0.034408
urf2_277
original 0 20112 37500 23269 17388 6.000000 0.200000 4.123199
one-two-three-v3_101
original 48 70 115 73 45 6.000000 0.200000 31.928330
4gt13_91
original 2 103 166 104 63 6.000000 0.200000 0.697432
4gt12-v1_89
original 46 228 390 246 162 6.000000 0.200000 0.539291
sqrt8_260
improve 23 3009 5379 3195 2370 6.000000 0.200000 13.962594
rd32-v0_66
original 0 34 52 33 18 6.000000 0.200000 13.894778
sym9_148
improve 0 21504 38343 23703 16839 6.000000 0.200000 1.131680
4gt5_75
original 8 83 137 85 54 6.000000 0.200000 3.078235
0410184_169
original 37 211 355 189 144 6.000000 0.200000 260.950835
urf2_152
original 0 80480 139307 84217 58827 6.000000 0.200000 3.925519
urf1_278
improve 0 54766 100383 63188 45567 6.000000 0.200000 12.066702
sym6_145
improve 0 3888 6714 4271 2826 6.000000 0.200000 0.184673
alu-v2_32
original 14 163 265 162 102 6.000000 0.200000 5.468479
4gt12-v0_88
original 12 194 323 192 129 6.000000 0.200000 0.262595
squar5_261
original 50 1993 3496 2011 1503 6.000000 0.200000 21.310785
alu-v2_31
original 32 451 760 475 309 6.000000 0.200000 6.527013
hwb5_53
original 0 1336 2323 1438 987 6.000000 0.200000 0.059379
one-two-three-v2_100
original 1 69 117 75 48 6.000000 0.200000 35.194245
cycle10_2_110
improve 0 6050 10874 6655 4821 6.000000 0.200000 0.828930
urf6_160
original 0 171840 312924 181713 141084 6.000000 0.200000 36.039380
ising_model_10
improve 0 480 594 109 114 6.000000 0.200000 0.344783
sys6-v0_111
original 31 215 350 144 135 6.000000 0.200000 3.613323
plus63mod8192_164
improve 0 187112 348103 220862 160743 6.000000 0.200000 61.201970
mod5adder_127
original 0 555 957 593 402 6.000000 0.200000 0.083949
rd73_140
improve 37 230 380 177 150 6.000000 0.200000 1.299526
4mod5-v1_23
original 32 69 120 79 51 6.000000 0.200000 3.699929
graycode6_47
original 0 5 29 13 24 6.000000 0.200000 0.017535
ising_model_16
improve 0 786 1026 177 228 6.000000 0.200000 5.163017
ham7_104
original 0 320 548 332 228 6.000000 0.200000 0.530935
ex-1_166
original 0 19 31 21 12 6.000000 0.200000 25.029846
decod24-v3_45
original 8 150 246 148 96 6.000000 0.200000 77.419793
urf4_187
improve 0 512064 908665 528037 396570 6.000000 0.200000 32.271437
life_238
improve 0 22445 40157 24327 17712 6.000000 0.200000 1.353639
con1_216
original 0 954 1692 1002 738 6.000000 0.200000 0.048763
hwb6_56
original 0 6723 11736 7151 5013 6.000000 0.200000 0.301575
mod10_176
original 14 178 295 180 117 6.000000 0.200000 17.818404
ex1_226
original 0 7 16 11 9 6.000000 0.200000 0.002280
sf_276
original 10 778 1309 810 531 6.000000 0.200000 1.474910
cm152a_212
improve 0 1221 2196 1365 975 6.000000 0.200000 0.094002
4gt12-v0_87
original 0 247 427 259 180 6.000000 0.200000 0.013793
decod24-enable_126
original 19 338 572 357 234 6.000000 0.200000 0.452695
radd_250
improve 0 3213 5760 3575 2547 6.000000 0.200000 0.177452
pm1_249
original 25 1776 3063 1762 1287 6.000000 0.200000 7.315474
sf_274
original 17 781 1309 798 528 6.000000 0.200000 1.629778
miller_11
original 0 50 86 59 36 6.000000 0.200000 10.110467
rd53_251
original 0 1291 2248 1346 957 6.000000 0.200000 0.061873
mlp4_245
improve 28 18852 34338 20993 15465 6.000000 0.200000 448.223283
9symml_195
improve 0 34881 64852 40182 29886 6.000000 0.200000 17.137206
rd84_142
original 51 343 571 256 228 6.000000 0.200000 23.824150
inc_237
original 30 10619 18821 11207 8202 6.000000 0.200000 63.330369
sqn_258
improve 0 10223 18188 10965 7965 6.000000 0.200000 0.908685
alu-v2_33
original 1 37 61 39 24 6.000000 0.200000 22.492836
sao2_257
improve 0 38577 70415 41280 31821 6.000000 0.200000 4.694453
co14_215
original 0 17936 33413 17552 15477 6.000000 0.200000 21.577474
decod24-v1_41
original 47 85 139 89 54 6.000000 0.200000 3.376603
4mod5-v0_20
original 2 20 29 18 9 6.000000 0.200000 35.251585
alu-v4_37
original 1 37 64 44 27 6.000000 0.200000 3.687685
urf3_155
improve 0 423488 745436 454918 321912 6.000000 0.200000 27.919771
misex1_241
original 0 4813 8641 5320 3828 6.000000 0.200000 0.382254
alu-v0_27
original 89 36 60 36 24 6.000000 0.200000 3.603695
4mod5-v1_24
original 2 36 60 39 24 6.000000 0.200000 33.802708
4mod7-v1_96
original 1 164 269 165 105 6.000000 0.200000 12.077739
cm82a_208
improve 20 650 1103 643 453 6.000000 0.200000 1.383633
ham15_107
original 21 8763 15585 9287 6822 6.000000 0.200000 301.927052
0example
original 3 9 18 13 9 6.000000 0.200000 12.936978
dc1_220
original 0 1914 3405 2017 1491 6.000000 0.200000 0.096368
4gt4-v1_74
original 0 273 465 284 192 6.000000 0.200000 0.015209
rd32-v1_68
original 0 36 54 33 18 6.000000 0.200000 13.529941
decod24-v0_38
original 19 51 84 56 33 6.000000 0.200000 9.563268
sym6_316
original 0 270 528 282 258 6.000000 0.200000 0.024657
alu-v0_26
original 13 84 141 90 57 6.000000 0.200000 0.999050
clip_206
improve 0 33827 62007 37376 28152 6.000000 0.200000 11.031507
4mod5-v0_18
original 8 69 111 71 42 6.000000 0.200000 3.869898
cm85a_209
improve 0 11414 20847 13109 9393 6.000000 0.200000 10.201161
alu-v4_36
original 12 115 196 122 81 6.000000 0.200000 29.236284
one-two-three-v0_97
original 13 290 485 306 195 6.000000 0.200000 1.792170
4gt13_90
original 2 107 173 111 66 6.000000 0.200000 0.715473
mod5d2_64
original 21 53 86 57 33 6.000000 0.200000 4.750214
ground_state_estimation_10
improve 0 390180 449421 207739 59241 6.000000 0.200000 10.062700
C17_204
improve 0 467 824 520 357 6.000000 0.200000 0.153574
4gt13_92
original 5 66 114 76 48 6.000000 0.200000 19.518811
rd53_130
original 0 1043 1805 1070 762 6.000000 0.200000 0.050528
alu-v3_34
original 5 52 85 52 33 6.000000 0.200000 2.425869
decod24-bdd_294
original 0 73 118 71 45 6.000000 0.200000 0.005930
4gt5_76
original 1 91 151 99 60 6.000000 0.200000 1.839469
sym9_146
improve 21 328 571 257 243 6.000000 0.200000 11.308822
4mod5-v1_22
original 2 21 33 22 12 6.000000 0.200000 4.662206
rd32_270
original 2 84 138 84 54 6.000000 0.200000 2.931737
hwb4_49
original 1 233 389 247 156 6.000000 0.200000 1.319009
urf5_280
improve 0 49829 89801 56209 39972 6.000000 0.200000 3.080561
4gt5_77
original 1 131 224 142 93 6.000000 0.200000 84.322365
rd84_253
improve 0 13658 25265 15160 11604 6.000000 0.200000 1.656935
4_49_16
original 24 217 367 236 150 6.000000 0.200000 2.524893
qft_10
improve 0 200 275 80 63 6.000000 0.200000 2.352053
4mod5-bdd_287
original 5 70 118 76 48 6.000000 0.200000 0.167586
qft_16
improve 0 512 832 218 267 6.000000 0.200000 8.808506
urf1_149
original 0 184864 326140 194210 141276 6.000000 0.200000 9.290175
urf5_158
original 0 164416 285166 170135 120750 6.000000 0.200000 8.459759
urf3_279
improve 0 125362 233814 146448 108399 6.000000 0.200000 15.525289
4gt12-v0_86
original 0 251 437 268 186 6.000000 0.200000 0.050783
4gt4-v0_73
original 15 395 659 403 264 6.000000 0.200000 0.543879
alu-v1_29
original 89 37 61 36 24 6.000000 0.200000 3.456720
alu-bdd_288
original 35 84 144 89 60 6.000000 0.200000 0.617488
decod24-v2_43
original 100 52 82 52 30 6.000000 0.200000 7.872396
mod8-10_178
improve 35 342 576 354 234 6.000000 0.200000 0.499016
one-two-three-v0_98
original 40 146 245 152 99 6.000000 0.200000 49.900346
4gt4-v0_78
original 21 235 400 256 165 6.000000 0.200000 0.507918
4mod5-v0_19
original 78 35 56 37 21 6.000000 0.200000 4.882008
alu-v2_30
original 0 504 876 539 372 6.000000 0.200000 0.026783
alu-v3_35
original 3 37 61 40 24 6.000000 0.200000 1.799029
dist_223
original 0 38046 69120 39767 31074 6.000000 0.200000 9.542953
4gt4-v0_79
original 6 231 393 245 162 6.000000 0.200000 0.488836
hwb8_113
improve 0 69380 121109 74641 51729 6.000000 0.200000 3.326916
ex3_229
original 1 403 685 418 282 6.000000 0.200000 0.648940
xor5_254
original 0 7 16 11 9 6.000000 0.200000 0.001298
f2_232
improve 13 1206 2067 1268 861 6.000000 0.200000 3.298338
time:5983.268905