rd53_138
original 48 132 210 100 78 1.000000 0.200000 0.574033
4gt13-v1_93
original 17 68 107 64 39 1.000000 0.200000 13.194495
mod5mils_65
original 98 35 59 40 24 1.000000 0.200000 3.440545
mod5d1_63
original 2 22 37 26 15 1.000000 0.200000 19.658625
sym10_262
improve 0 64283 122257 74571 57903 1.000000 0.200000 28.474826
aj-e11_165
original 1 151 259 162 108 1.000000 0.200000 4.689501
hwb9_119
improve 0 207775 390102 243489 182142 1.000000 0.200000 65.660554
4gt11_83
original 1 23 35 26 12 1.000000 0.200000 3.598437
cm42a_207
original 24 1776 3186 1917 1410 1.000000 0.200000 12.278425
4gt4-v0_72
original 0 258 444 267 186 1.000000 0.200000 0.022487
max46_240
original 0 27126 50706 29849 23580 1.000000 0.200000 10.996108
dc2_222
original 16 9462 17739 10778 8277 1.000000 0.200000 832.208505
sym9_193
original 0 34881 66423 40671 31542 1.000000 0.200000 16.412550
rd53_135
improve 0 296 527 330 231 1.000000 0.200000 0.029567
mod10_171
original 55 244 418 271 174 1.000000 0.200000 11.335351
ising_model_13
improve 0 633 822 126 189 1.000000 0.200000 0.912940
adr4_197
improve 9 3439 6394 3810 2955 1.000000 0.200000 103.545101
4gt11_84
original 11 18 30 18 12 1.000000 0.200000 3.770054
4gt11_82
original 5 27 42 33 15 1.000000 0.200000 3.668702
wim_266
improve 46 986 1739 1006 753 1.000000 0.200000 11.372805
rd53_131
original 0 469 877 546 408 1.000000 0.200000 0.035903
mod8-10_177
improve 14 440 755 476 315 1.000000 0.200000 0.737841
4gt10-v1_81
original 26 148 253 168 105 1.000000 0.200000 1.773873
alu-v1_28
original 1 37 61 41 24 1.000000 0.200000 26.161225
cnt3-5_179
original 12 175 325 139 150 1.000000 0.200000 5.546729
square_root_7
improve 0 7630 14037 8239 6339 1.000000 0.200000 13.480080
one-two-three-v1_99
original 34 132 222 141 90 1.000000 0.200000 197.639499
mini_alu_305
improve 19 173 293 141 120 1.000000 0.200000 4.970980
rd53_311
original 0 275 512 261 237 1.000000 0.200000 0.047577
3_17_13
original 1 36 57 37 21 1.000000 0.200000 68.704621
rd73_252
improve 0 5321 9995 6146 4665 1.000000 0.200000 2.007018
4gt4-v0_80
original 21 179 299 185 120 1.000000 0.200000 0.293748
hwb7_59
improve 0 24379 44455 27297 20070 1.000000 0.200000 2.806510
ham3_102
original 0 20 32 23 12 1.000000 0.200000 67.616722
cnt3-5_180
improve 22 485 860 436 375 1.000000 0.200000 30.753201
rd53_133
original 0 580 1033 651 453 1.000000 0.200000 0.050404
4mod7-v0_94
original 34 162 273 171 111 1.000000 0.200000 4.734653
plus63mod4096_163
improve 0 128744 247247 155233 118206 1.000000 0.200000 159.486056
mini-alu_167
original 23 288 474 287 186 1.000000 0.200000 9.662122
root_255
improve 0 17159 32609 19471 15420 1.000000 0.200000 9.764089
z4_268
improve 10 3073 5653 3432 2574 1.000000 0.200000 81.922415
majority_239
original 0 612 1074 685 462 1.000000 0.200000 1.911866
ex2_227
improve 0 631 1132 714 501 1.000000 0.200000 0.044135
urf2_277
improve 0 20112 38658 24681 18546 1.000000 0.200000 2.233361
one-two-three-v3_101
original 17 70 115 72 45 1.000000 0.200000 33.679726
4gt13_91
original 37 103 172 114 69 1.000000 0.200000 1.197223
4gt12-v1_89
original 22 228 384 234 156 1.000000 0.200000 0.556679
sqrt8_260
improve 8 3009 5641 3513 2628 1.000000 0.200000 49.130751
rd32-v0_66
original 9 34 52 34 18 1.000000 0.200000 14.946843
sym9_148
improve 0 21504 40217 25805 18675 1.000000 0.200000 10.393711
4gt5_75
original 75 83 134 80 51 1.000000 0.200000 10.532818
0410184_169
improve 78 211 379 212 168 1.000000 0.200000 464.841068
urf2_152
improve 0 80480 142817 87021 62337 1.000000 0.200000 4.841563
urf1_278
improve 0 54766 104542 65632 49776 1.000000 0.200000 5.094316
sym6_145
improve 0 3888 7020 4596 3132 1.000000 0.200000 0.260233
alu-v2_32
original 1 163 277 173 114 1.000000 0.200000 13.047064
4gt12-v0_88
original 21 194 329 202 135 1.000000 0.200000 0.320069
squar5_261
original 2 1993 3631 2151 1638 1.000000 0.200000 25.991196
alu-v2_31
original 19 451 754 462 303 1.000000 0.200000 12.306418
hwb5_53
original 0 1336 2398 1506 1062 1.000000 0.200000 0.072317
one-two-three-v2_100
original 96 69 114 73 45 1.000000 0.200000 40.646449
cycle10_2_110
improve 0 6050 11339 7147 5274 1.000000 0.200000 4.617630
urf6_160
improve 0 171840 324082 190886 152076 1.000000 0.200000 59.798268
ising_model_10
original 0 480 666 116 186 1.000000 0.200000 2.479382
sys6-v0_111
original 48 215 344 135 129 1.000000 0.200000 3.819988
plus63mod8192_164
improve 0 187112 364825 234132 177297 1.000000 0.200000 112.590019
mod5adder_127
improve 0 555 999 640 444 1.000000 0.200000 0.084992
rd73_140
improve 35 230 392 187 162 1.000000 0.200000 2.875245
4mod5-v1_23
original 18 69 120 81 51 1.000000 0.200000 10.326375
graycode6_47
original 0 5 29 13 24 1.000000 0.200000 0.018237
ising_model_16
original 0 786 1140 186 354 1.000000 0.200000 22.608191
ham7_104
original 11 320 563 363 243 1.000000 0.200000 0.776779
ex-1_166
original 7 19 28 18 9 1.000000 0.200000 25.199504
decod24-v3_45
original 8 150 243 148 93 1.000000 0.200000 110.546991
urf4_187
improve 0 512064 948233 545934 435921 1.000000 0.200000 83.055726
life_238
improve 0 22445 42365 26201 19911 1.000000 0.200000 5.250364
con1_216
original 0 954 1752 1050 798 1.000000 0.200000 0.073842
hwb6_56
original 0 6723 12351 7684 5628 1.000000 0.200000 0.431051
mod10_176
improve 5 178 298 187 120 1.000000 0.200000 14.703337
ex1_226
original 0 7 16 10 9 1.000000 0.200000 0.002406
sf_276
original 23 778 1354 852 576 1.000000 0.200000 1.996122
cm152a_212
original 0 1221 2298 1425 1077 1.000000 0.200000 0.470286
4gt12-v0_87
original 0 247 436 265 189 1.000000 0.200000 0.018637
decod24-enable_126
original 3 338 581 363 243 1.000000 0.200000 1.935616
radd_250
improve 0 3213 6036 3800 2823 1.000000 0.200000 0.957338
pm1_249
original 24 1776 3186 1917 1410 1.000000 0.200000 12.353922
sf_274
original 16 781 1318 828 537 1.000000 0.200000 1.944656
miller_11
original 10 50 77 50 27 1.000000 0.200000 32.622398
rd53_251
improve 0 1291 2347 1481 1056 1.000000 0.200000 0.085369
mlp4_245
improve 29 18852 35899 22205 17019 1.000000 0.200000 1389.590807
9symml_195
original 0 34881 66423 40671 31542 1.000000 0.200000 16.420218
rd84_142
original 49 343 601 218 258 1.000000 0.200000 55.354198
inc_237
original 1 10619 19661 12018 9042 1.000000 0.200000 173.691420
sqn_258
improve 0 10223 18938 11345 8700 1.000000 0.200000 8.087713
alu-v2_33
original 95 37 58 38 21 1.000000 0.200000 21.422044
sao2_257
improve 0 38577 74289 44217 35580 1.000000 0.200000 38.923532
co14_215
improve 0 17936 35707 19576 17640 1.000000 0.200000 45.436352
decod24-v1_41
original 0 85 142 93 57 1.000000 0.200000 3.836748
4mod5-v0_20
original 2 20 29 18 9 1.000000 0.200000 36.629958
alu-v4_37
original 89 37 64 40 27 1.000000 0.200000 13.080450
urf3_155
improve 0 423488 768226 473145 344655 1.000000 0.200000 32.731779
misex1_241
improve 0 4813 8938 5716 4125 1.000000 0.200000 0.432199
alu-v0_27
original 89 36 60 36 24 1.000000 0.200000 13.217518
4mod5-v1_24
original 14 36 60 39 24 1.000000 0.200000 32.533606
4mod7-v1_96
original 8 164 275 168 111 1.000000 0.200000 17.681140
cm82a_208
improve 10 650 1133 663 483 1.000000 0.200000 1.968545
ham15_107
improve 4 8763 16503 9968 7560 1.000000 0.200000 1208.873639
0example
original 37 9 18 12 9 1.000000 0.200000 17.881666
dc1_220
improve 0 1914 3501 2131 1587 1.000000 0.200000 0.135633
4gt4-v1_74
improve 0 273 486 313 213 1.000000 0.200000 0.020289
rd32-v1_68
original 9 36 54 34 18 1.000000 0.200000 11.902553
decod24-v0_38
original 9 51 81 51 30 1.000000 0.200000 12.152843
sym6_316
original 0 270 516 285 246 1.000000 0.200000 0.033287
alu-v0_26
original 19 84 138 88 54 1.000000 0.200000 1.240381
clip_206
improve 0 33827 64154 38670 30285 1.000000 0.200000 14.519894
4mod5-v0_18
original 34 69 114 73 45 1.000000 0.200000 9.182218
cm85a_209
original 0 11414 21707 13474 10293 1.000000 0.200000 14.010842
alu-v4_36
original 34 115 193 124 78 1.000000 0.200000 30.800943
one-two-three-v0_97
improve 5 290 494 318 204 1.000000 0.200000 2.220093
4gt13_90
original 26 107 179 118 72 1.000000 0.200000 1.228241
mod5d2_64
original 96 53 86 58 33 1.000000 0.200000 5.544569
ground_state_estimation_10
improve 0 390180 518406 267202 128223 1.000000 0.200000 11.877747
C17_204
improve 0 467 863 541 396 1.000000 0.200000 0.145742
4gt13_92
original 7 66 114 73 48 1.000000 0.200000 56.574558
rd53_130
improve 0 1043 1880 1159 837 1.000000 0.200000 0.068063
alu-v3_34
original 98 52 82 50 30 1.000000 0.200000 4.280807
decod24-bdd_294
original 0 73 118 73 45 1.000000 0.200000 0.007024
4gt5_76
original 19 91 154 96 63 1.000000 0.200000 1.733902
sym9_146
original 5 328 592 292 264 1.000000 0.200000 7.957396
4mod5-v1_22
original 2 21 30 19 9 1.000000 0.200000 4.745065
rd32_270
original 19 84 135 83 51 1.000000 0.200000 2.805596
hwb4_49
original 41 233 383 239 150 1.000000 0.200000 1.415552
urf5_280
improve 0 49829 94220 59524 44391 1.000000 0.200000 4.367081
4gt5_77
original 12 131 221 136 90 1.000000 0.200000 95.949486
rd84_253
original 0 13658 25748 15324 12090 1.000000 0.200000 4.476463
4_49_16
original 24 217 370 237 153 1.000000 0.200000 3.049500
qft_10
improve 0 200 304 96 87 1.000000 0.200000 4.656090
4mod5-bdd_287
original 37 70 118 73 48 1.000000 0.200000 0.216425
qft_16
improve 0 512 950 256 366 1.000000 0.200000 15.348306
urf1_149
improve 0 184864 335712 206961 150840 1.000000 0.200000 12.591155
urf5_158
improve 0 164416 292984 176515 128550 1.000000 0.200000 14.036482
urf3_279
improve 0 125362 242683 152479 117204 1.000000 0.200000 33.782887
4gt12-v0_86
original 0 251 440 273 189 1.000000 0.200000 0.048011
4gt4-v0_73
original 26 395 674 419 279 1.000000 0.200000 1.101526
alu-v1_29
original 89 37 61 36 24 1.000000 0.200000 13.369840
alu-bdd_288
original 5 84 141 91 57 1.000000 0.200000 0.599979
decod24-v2_43
original 16 52 85 53 33 1.000000 0.200000 9.545876
mod8-10_178
improve 1 342 591 396 249 1.000000 0.200000 0.688164
one-two-three-v0_98
original 1 146 245 154 99 1.000000 0.200000 45.782412
4gt4-v0_78
original 16 235 403 255 168 1.000000 0.200000 0.495486
4mod5-v0_19
original 75 35 56 37 21 1.000000 0.200000 6.684700
alu-v2_30
original 0 504 915 568 411 1.000000 0.200000 0.038346
alu-v3_35
original 3 37 61 37 24 1.000000 0.200000 51.021666
dist_223
improve 0 38046 72618 43627 34509 1.000000 0.200000 24.997961
4gt4-v0_79
original 16 231 396 245 165 1.000000 0.200000 0.490219
hwb8_113
improve 0 69380 127235 80169 57846 1.000000 0.200000 7.407199
ex3_229
original 35 403 688 414 285 1.000000 0.200000 0.826077
xor5_254
original 0 7 16 10 9 1.000000 0.200000 0.001386
f2_232
original 14 1206 2124 1310 918 1.000000 0.200000 3.419405
time:13500.895768