rd53_138
original 21 132 216 102 84 7.000000 0.610000 0.802060
4gt13-v1_93
original 17 68 107 64 39 7.000000 0.610000 2.356771
mod5mils_65
original 2 35 59 37 24 7.000000 0.610000 4.232843
mod5d1_63
original 168 22 34 22 12 7.000000 0.610000 18.536072
sym10_262
improve 0 64283 114314 67515 49974 7.000000 0.610000 20.599503
aj-e11_165
original 1 151 244 153 93 7.000000 0.610000 1.964282
hwb9_119
original 0 207775 362716 216442 154941 7.000000 0.610000 27.348846
4gt11_83
original 1 23 35 26 12 7.000000 0.610000 35.570787
cm42a_207
original 48 1776 3030 1727 1254 7.000000 0.610000 8.615345
4gt4-v0_72
improve 0 258 450 263 192 7.000000 0.610000 0.020870
max46_240
original 0 27126 47670 26957 20544 7.000000 0.610000 3.534068
dc2_222
improve 42 9462 16629 9711 7167 7.000000 0.610000 186.042187
sym9_193
improve 0 34881 62625 37363 27687 7.000000 0.610000 8.423141
rd53_135
original 0 296 521 317 225 7.000000 0.610000 0.029209
mod10_171
original 11 244 400 252 156 7.000000 0.610000 12.705526
ising_model_13
improve 0 633 816 109 183 7.000000 0.610000 2.523780
adr4_197
original 0 3439 6013 3428 2574 7.000000 0.610000 103.739727
4gt11_84
original 1 18 30 20 12 7.000000 0.610000 4.318047
4gt11_82
original 26 27 42 29 15 7.000000 0.610000 3.961453
wim_266
original 46 986 1682 962 696 7.000000 0.610000 18.227777
rd53_131
improve 0 469 802 495 333 7.000000 0.610000 0.035727
mod8-10_177
improve 4 440 731 456 291 7.000000 0.610000 0.741305
4gt10-v1_81
original 40 148 244 151 96 7.000000 0.610000 1.278555
alu-v1_28
original 41 37 61 37 24 7.000000 0.610000 27.123106
cnt3-5_179
original 14 175 304 123 129 7.000000 0.610000 4.568807
square_root_7
original 0 7630 13471 7100 5841 7.000000 0.610000 2.887536
one-two-three-v1_99
original 32 132 222 142 90 7.000000 0.610000 234.827840
mini_alu_305
original 9 173 290 134 117 7.000000 0.610000 0.610689
rd53_311
original 0 275 527 263 252 7.000000 0.610000 0.049481
3_17_13
original 0 36 57 38 21 7.000000 0.610000 74.342533
rd73_252
improve 0 5321 9248 5505 3927 7.000000 0.610000 0.368247
4gt4-v0_80
original 21 179 296 180 117 7.000000 0.610000 0.355262
hwb7_59
improve 0 24379 41440 24563 17061 7.000000 0.610000 1.513316
ham3_102
original 2 20 35 21 15 7.000000 0.610000 75.074707
cnt3-5_180
original 29 485 815 385 330 7.000000 0.610000 5.452825
rd53_133
improve 0 580 1006 646 426 7.000000 0.610000 0.077747
4mod7-v0_94
original 32 162 267 165 105 7.000000 0.610000 4.290215
plus63mod4096_163
improve 0 128744 229662 139347 100872 7.000000 0.610000 19.979514
mini-alu_167
original 1 288 477 294 189 7.000000 0.610000 4.977764
root_255
improve 0 17159 30869 17576 13710 7.000000 0.610000 2.077434
z4_268
original 1 3073 5290 3106 2217 7.000000 0.610000 48.526352
majority_239
original 7 612 1026 622 414 7.000000 0.610000 1.103691
ex2_227
original 0 631 1075 659 444 7.000000 0.610000 0.041311
urf2_277
original 0 20112 37593 22970 17481 7.000000 0.610000 4.388376
one-two-three-v3_101
original 7 70 115 72 45 7.000000 0.610000 38.830862
4gt13_91
original 10 103 166 105 63 7.000000 0.610000 0.786751
4gt12-v1_89
original 46 228 378 234 150 7.000000 0.610000 0.640420
sqrt8_260
improve 33 3009 5232 3065 2223 7.000000 0.610000 24.060903
rd32-v0_66
original 0 34 52 33 18 7.000000 0.610000 13.481036
sym9_148
improve 0 21504 37563 23047 16059 7.000000 0.610000 1.317320
4gt5_75
original 8 83 134 80 51 7.000000 0.610000 3.609636
0410184_169
improve 24 211 346 175 135 7.000000 0.610000 368.631186
urf2_152
improve 0 80480 137570 81839 57090 7.000000 0.610000 4.868268
urf1_278
improve 0 54766 99652 61751 44868 7.000000 0.610000 9.299196
sym6_145
original 0 3888 6606 4073 2718 7.000000 0.610000 0.224337
alu-v2_32
original 37 163 265 162 102 7.000000 0.610000 4.339716
4gt12-v0_88
original 3 194 317 190 123 7.000000 0.610000 0.331375
squar5_261
original 38 1993 3442 1939 1449 7.000000 0.610000 19.610165
alu-v2_31
original 12 451 748 451 297 7.000000 0.610000 8.863098
hwb5_53
improve 0 1336 2278 1403 942 7.000000 0.610000 0.074149
one-two-three-v2_100
original 96 69 108 66 39 7.000000 0.610000 44.465040
cycle10_2_110
original 0 6050 10664 6414 4614 7.000000 0.610000 0.420808
urf6_160
improve 0 171840 308720 177328 136788 7.000000 0.610000 52.520519
ising_model_10
original 0 480 597 110 117 7.000000 0.610000 0.453427
sys6-v0_111
improve 14 215 365 163 150 7.000000 0.610000 1.710326
plus63mod8192_164
original 0 187112 338096 204027 150984 7.000000 0.610000 95.979201
mod5adder_127
improve 0 555 975 601 420 7.000000 0.610000 0.087248
rd73_140
original 35 230 389 186 159 7.000000 0.610000 2.526971
4mod5-v1_23
original 75 69 120 76 51 7.000000 0.610000 4.461755
graycode6_47
original 0 5 29 13 24 7.000000 0.610000 0.019204
ising_model_16
original 0 786 1005 176 219 7.000000 0.610000 157.213652
ham7_104
original 30 320 545 350 225 7.000000 0.610000 0.705244
ex-1_166
original 0 19 31 21 12 7.000000 0.610000 30.027758
decod24-v3_45
original 8 150 234 137 84 7.000000 0.610000 57.014331
urf4_187
original 0 512064 900282 505169 388218 7.000000 0.610000 52.696239
life_238
improve 0 22445 39476 23521 17022 7.000000 0.610000 3.570646
con1_216
original 0 954 1662 948 708 7.000000 0.610000 0.078164
hwb6_56
original 0 6723 11601 6925 4878 7.000000 0.610000 1.179065
mod10_176
original 5 178 286 173 108 7.000000 0.610000 9.132654
ex1_226
original 0 7 16 10 9 7.000000 0.610000 0.002338
sf_276
original 13 778 1276 763 498 7.000000 0.610000 1.946873
cm152a_212
improve 0 1221 2124 1292 903 7.000000 0.610000 0.104186
4gt12-v0_87
original 0 247 415 241 168 7.000000 0.610000 0.017645
decod24-enable_126
original 1 338 581 371 243 7.000000 0.610000 0.593921
radd_250
improve 0 3213 5676 3465 2463 7.000000 0.610000 0.227550
pm1_249
original 48 1776 3030 1727 1254 7.000000 0.610000 8.813032
sf_274
original 6 781 1285 763 504 7.000000 0.610000 2.067027
miller_11
original 0 50 86 59 36 7.000000 0.610000 12.360859
rd53_251
original 0 1291 2221 1372 930 7.000000 0.610000 0.076060
mlp4_245
improve 10 18852 33222 19909 14370 7.000000 0.610000 441.209424
9symml_195
improve 0 34881 62625 37363 27687 7.000000 0.610000 8.338951
rd84_142
original 45 343 598 225 255 7.000000 0.610000 12.751596
inc_237
improve 2 10619 18311 10854 7692 7.000000 0.610000 80.405832
sqn_258
original 0 10223 17747 10201 7524 7.000000 0.610000 0.819268
alu-v2_33
original 1 37 61 40 24 7.000000 0.610000 26.623154
sao2_257
original 0 38577 69438 38542 30861 7.000000 0.610000 7.009745
co14_215
improve 0 17936 32985 17472 15045 7.000000 0.610000 3.661958
decod24-v1_41
original 17 85 139 87 54 7.000000 0.610000 1.749091
4mod5-v0_20
original 2 20 29 18 9 7.000000 0.610000 40.746255
alu-v4_37
original 3 37 61 40 24 7.000000 0.610000 4.333426
urf3_155
improve 0 423488 733133 437874 309636 7.000000 0.610000 29.649168
misex1_241
original 0 4813 8674 5256 3861 7.000000 0.610000 0.798707
alu-v0_27
original 89 36 60 36 24 7.000000 0.610000 4.275874
4mod5-v1_24
original 2 36 60 39 24 7.000000 0.610000 39.937605
4mod7-v1_96
original 32 164 266 159 102 7.000000 0.610000 19.432209
cm82a_208
original 10 650 1094 660 444 7.000000 0.610000 1.449089
ham15_107
original 2 8763 15360 8981 6597 7.000000 0.610000 915.129617
0example
original 3 9 18 13 9 7.000000 0.610000 15.339996
dc1_220
original 0 1914 3339 1917 1425 7.000000 0.610000 0.134978
4gt4-v1_74
original 0 273 462 282 189 7.000000 0.610000 0.020814
rd32-v1_68
original 0 36 54 33 18 7.000000 0.610000 13.378232
decod24-v0_38
original 1 51 84 55 33 7.000000 0.610000 9.719166
sym6_316
improve 0 270 513 282 243 7.000000 0.610000 0.040756
alu-v0_26
original 1 84 138 89 54 7.000000 0.610000 1.251063
clip_206
original 0 33827 59633 33793 25806 7.000000 0.610000 28.331735
4mod5-v0_18
original 2 69 111 69 42 7.000000 0.610000 4.809052
cm85a_209
improve 0 11414 20135 12260 8721 7.000000 0.610000 0.889109
alu-v4_36
original 12 115 187 115 72 7.000000 0.610000 34.991516
one-two-three-v0_97
original 40 290 476 288 186 7.000000 0.610000 2.329448
4gt13_90
original 10 107 176 115 69 7.000000 0.610000 0.874825
mod5d2_64
original 18 53 89 60 36 7.000000 0.610000 5.757445
ground_state_estimation_10
improve 0 390180 446346 200511 56166 7.000000 0.610000 12.372468
C17_204
improve 0 467 809 497 342 7.000000 0.610000 0.144867
4gt13_92
original 7 66 111 65 45 7.000000 0.610000 58.662690
rd53_130
original 0 1043 1757 1026 714 7.000000 0.610000 0.058322
alu-v3_34
original 98 52 82 49 30 7.000000 0.610000 3.016238
decod24-bdd_294
original 0 73 115 71 42 7.000000 0.610000 0.006438
4gt5_76
original 64 91 145 93 54 7.000000 0.610000 2.097411
sym9_146
improve 3 328 571 278 243 7.000000 0.610000 6.310912
4mod5-v1_22
original 2 21 33 22 12 7.000000 0.610000 5.536818
rd32_270
original 9 84 135 85 51 7.000000 0.610000 3.152662
hwb4_49
original 1 233 380 242 147 7.000000 0.610000 1.487663
urf5_280
improve 0 49829 88880 54806 39048 7.000000 0.610000 4.543642
4gt5_77
original 1 131 215 130 84 7.000000 0.610000 66.646247
rd84_253
original 0 13658 24191 13695 10533 7.000000 0.610000 4.473041
4_49_16
original 24 217 358 225 141 7.000000 0.610000 2.781229
qft_10
original 0 200 266 69 66 7.000000 0.610000 0.475747
4mod5-bdd_287
original 1 70 118 78 48 7.000000 0.610000 0.221043
qft_16
improve 0 512 854 199 282 7.000000 0.610000 12.080997
urf1_149
improve 0 184864 320719 191009 135837 7.000000 0.610000 15.595635
urf5_158
improve 0 164416 280906 168420 116490 7.000000 0.610000 10.578643
urf3_279
improve 0 125362 231930 141383 106497 7.000000 0.610000 29.295026
4gt12-v0_86
original 0 251 422 251 171 7.000000 0.610000 0.050277
4gt4-v0_73
original 9 395 656 395 261 7.000000 0.610000 0.712555
alu-v1_29
original 5 37 61 40 24 7.000000 0.610000 4.344751
alu-bdd_288
original 17 84 144 82 60 7.000000 0.610000 0.705227
decod24-v2_43
original 1 52 85 55 33 7.000000 0.610000 6.224446
mod8-10_178
original 21 342 570 343 228 7.000000 0.610000 0.628472
one-two-three-v0_98
original 40 146 233 142 87 7.000000 0.610000 57.570683
4gt4-v0_78
original 16 235 391 235 156 7.000000 0.610000 0.414465
4mod5-v0_19
original 2 35 59 38 24 7.000000 0.610000 5.851206
alu-v2_30
original 0 504 876 528 372 7.000000 0.610000 0.043071
alu-v3_35
original 3 37 61 39 24 7.000000 0.610000 2.157404
dist_223
original 0 38046 67245 37614 29199 7.000000 0.610000 12.450574
4gt4-v0_79
original 20 231 381 227 150 7.000000 0.610000 0.411997
hwb8_113
improve 0 69380 118958 71973 49578 7.000000 0.610000 4.138655
ex3_229
original 1 403 673 420 270 7.000000 0.610000 0.828532
xor5_254
original 0 7 16 10 9 7.000000 0.610000 0.002387
f2_232
original 10 1206 1992 1166 786 7.000000 0.610000 2.788490
time:8264.452970