rd53_138
improve 21 132 213 113 81 2.000000 0.300000 0.486840
4gt13-v1_93
original 1 68 107 69 39 2.000000 0.300000 12.171199
mod5mils_65
original 27 35 53 34 18 2.000000 0.300000 3.418008
mod5d1_63
original 168 22 34 22 12 2.000000 0.300000 16.912289
sym10_262
improve 0 64283 119189 71359 54777 2.000000 0.300000 60.612235
aj-e11_165
original 1 151 241 153 90 2.000000 0.300000 2.370198
hwb9_119
improve 0 207775 374204 225403 166269 2.000000 0.300000 63.608991
4gt11_83
original 1 23 35 26 12 2.000000 0.300000 1.947245
cm42a_207
original 25 1776 3105 1805 1329 2.000000 0.300000 17.237262
4gt4-v0_72
original 0 258 450 259 192 2.000000 0.300000 0.017784
max46_240
improve 0 27126 49554 28660 22416 2.000000 0.300000 4.928567
dc2_222
original 12 9462 17178 10221 7716 2.000000 0.300000 324.419685
sym9_193
improve 0 34881 64333 38446 29415 2.000000 0.300000 12.888416
rd53_135
improve 0 296 530 329 234 2.000000 0.300000 0.032400
mod10_171
original 11 244 403 249 159 2.000000 0.300000 11.702763
ising_model_13
original 0 633 798 143 165 2.000000 0.300000 0.753385
adr4_197
improve 33 3439 6225 3585 2778 2.000000 0.300000 130.215105
4gt11_84
original 11 18 30 20 12 2.000000 0.300000 3.875666
4gt11_82
original 26 27 42 29 15 2.000000 0.300000 4.272633
wim_266
original 13 986 1715 957 729 2.000000 0.300000 49.976062
rd53_131
original 0 469 829 508 360 2.000000 0.300000 0.033005
mod8-10_177
original 4 440 731 446 291 2.000000 0.300000 0.680414
4gt10-v1_81
original 10 148 241 147 93 2.000000 0.300000 1.385991
alu-v1_28
original 41 37 58 37 21 2.000000 0.300000 23.309819
cnt3-5_179
original 6 175 313 124 138 2.000000 0.300000 4.287031
square_root_7
original 0 7630 14122 7888 6492 2.000000 0.300000 6.914470
one-two-three-v1_99
original 34 132 219 130 87 2.000000 0.300000 1418.916158
mini_alu_305
original 0 173 293 152 120 2.000000 0.300000 0.818280
rd53_311
original 0 275 494 236 219 2.000000 0.300000 0.071596
3_17_13
original 0 36 57 38 21 2.000000 0.300000 64.292698
rd73_252
original 0 5321 9650 5556 4329 2.000000 0.300000 2.464070
4gt4-v0_80
improve 6 179 302 203 123 2.000000 0.300000 0.308266
hwb7_59
improve 0 24379 43060 26192 18681 2.000000 0.300000 1.665704
ham3_102
original 5 20 32 22 12 2.000000 0.300000 66.201379
cnt3-5_180
improve 29 485 824 395 339 2.000000 0.300000 9.321413
rd53_133
original 0 580 1033 624 453 2.000000 0.300000 0.629466
4mod7-v0_94
original 9 162 264 165 102 2.000000 0.300000 4.374881
plus63mod4096_163
original 0 128744 237764 143153 109020 2.000000 0.300000 140.534706
mini-alu_167
improve 13 288 480 286 192 2.000000 0.300000 4.630784
root_255
improve 0 17159 31540 18219 14352 2.000000 0.300000 8.602854
z4_268
original 2 3073 5464 3159 2391 2.000000 0.300000 49.457813
majority_239
original 4 612 1062 646 450 2.000000 0.300000 1.283732
ex2_227
improve 0 631 1099 685 468 2.000000 0.300000 0.049523
urf2_277
original 0 20112 37632 23166 17520 2.000000 0.300000 3.566724
one-two-three-v3_101
original 77 70 115 71 45 2.000000 0.300000 35.721876
4gt13_91
original 6 103 169 106 66 2.000000 0.300000 0.700787
4gt12-v1_89
improve 1 228 381 250 153 2.000000 0.300000 0.603304
sqrt8_260
original 32 3009 5379 3236 2370 2.000000 0.300000 89.439448
rd32-v0_66
original 1 34 52 33 18 2.000000 0.300000 13.041669
sym9_148
improve 0 21504 38418 23682 16905 2.000000 0.300000 4.180846
4gt5_75
original 34 83 137 87 54 2.000000 0.300000 10.196444
0410184_169
original 53 211 355 186 144 2.000000 0.300000 566.578811
urf2_152
improve 0 80480 139778 83951 59298 2.000000 0.300000 4.908050
urf1_278
original 0 54766 101929 61684 47163 2.000000 0.300000 7.007157
sym6_145
original 0 3888 6756 4130 2868 2.000000 0.300000 0.256018
alu-v2_32
improve 13 163 271 163 108 2.000000 0.300000 45.225607
4gt12-v0_88
original 0 194 323 196 129 2.000000 0.300000 0.287493
squar5_261
improve 23 1993 3499 1958 1506 2.000000 0.300000 26.461076
alu-v2_31
original 1 451 742 444 291 2.000000 0.300000 6.411556
hwb5_53
improve 0 1336 2266 1404 930 2.000000 0.300000 0.065711
one-two-three-v2_100
original 96 69 111 68 42 2.000000 0.300000 37.290093
cycle10_2_110
original 0 6050 11090 6668 5040 2.000000 0.300000 7.521399
urf6_160
improve 0 171840 316931 185764 144981 2.000000 0.300000 51.518909
ising_model_10
original 0 480 633 110 153 2.000000 0.300000 0.972550
sys6-v0_111
original 37 215 353 150 138 2.000000 0.300000 4.069228
plus63mod8192_164
improve 0 187112 350875 220153 163443 2.000000 0.300000 104.083064
mod5adder_127
original 0 555 945 556 390 2.000000 0.300000 0.087497
rd73_140
improve 37 230 371 187 141 2.000000 0.300000 2.875713
4mod5-v1_23
original 75 69 114 74 45 2.000000 0.300000 10.464646
graycode6_47
original 0 5 29 13 24 2.000000 0.300000 0.018265
ising_model_16
original 0 786 999 176 213 2.000000 0.300000 86.930820
ham7_104
original 0 320 557 337 237 2.000000 0.300000 0.805413
ex-1_166
original 0 19 28 18 9 2.000000 0.300000 26.606875
decod24-v3_45
original 9 150 243 145 93 2.000000 0.300000 13.025416
urf4_187
improve 0 512064 923559 531471 411324 2.000000 0.300000 79.262898
life_238
original 0 22445 41105 24429 18660 2.000000 0.300000 6.915362
con1_216
original 0 954 1734 977 780 2.000000 0.300000 0.067881
hwb6_56
improve 0 6723 11868 7419 5145 2.000000 0.300000 0.450890
mod10_176
original 11 178 292 172 114 2.000000 0.300000 19.652659
ex1_226
original 0 7 16 11 9 2.000000 0.300000 0.002398
sf_276
improve 1 778 1294 839 516 2.000000 0.300000 1.818341
cm152a_212
original 0 1221 2181 1329 960 2.000000 0.300000 0.230598
4gt12-v0_87
original 0 247 418 249 171 2.000000 0.300000 0.018123
decod24-enable_126
improve 6 338 569 348 231 2.000000 0.300000 0.651933
radd_250
original 0 3213 5841 3453 2628 2.000000 0.300000 8.939641
pm1_249
original 25 1776 3105 1805 1329 2.000000 0.300000 17.848372
sf_274
original 24 781 1300 764 519 2.000000 0.300000 26.668079
miller_11
original 0 50 77 50 27 2.000000 0.300000 10.763707
rd53_251
improve 0 1291 2302 1461 1011 2.000000 0.300000 0.084001
mlp4_245
improve 12 18852 34926 20721 15939 2.000000 0.300000 1464.905817
9symml_195
improve 0 34881 64333 38446 29415 2.000000 0.300000 12.770581
rd84_142
improve 49 343 577 225 234 2.000000 0.300000 25.050391
inc_237
improve 10 10619 19010 11295 8388 2.000000 0.300000 176.845838
sqn_258
improve 0 10223 18311 10685 8070 2.000000 0.300000 4.242193
alu-v2_33
original 1 37 61 40 24 2.000000 0.300000 23.531148
sao2_257
improve 0 38577 72153 41921 33522 2.000000 0.300000 22.411095
co14_215
original 0 17936 34235 18142 16299 2.000000 0.300000 27.753698
decod24-v1_41
original 17 85 136 85 51 2.000000 0.300000 3.722376
4mod5-v0_20
original 2 20 29 18 9 2.000000 0.300000 37.320617
alu-v4_37
original 1 37 61 41 24 2.000000 0.300000 8.483531
urf3_155
improve 0 423488 747927 444021 324393 2.000000 0.300000 34.094800
misex1_241
improve 0 4813 8611 5253 3798 2.000000 0.300000 0.445437
alu-v0_27
original 0 36 60 41 24 2.000000 0.300000 8.371114
4mod5-v1_24
original 14 36 60 38 24 2.000000 0.300000 35.313281
4mod7-v1_96
improve 2 164 272 175 108 2.000000 0.300000 17.154226
cm82a_208
improve 6 650 1115 673 465 2.000000 0.300000 1.398036
ham15_107
improve 23 8763 15738 9444 6960 2.000000 0.300000 954.543688
0example
original 3 9 18 13 9 2.000000 0.300000 13.551610
dc1_220
original 0 1914 3414 1956 1500 2.000000 0.300000 0.115523
4gt4-v1_74
original 0 273 462 282 189 2.000000 0.300000 0.019022
rd32-v1_68
original 1 36 54 33 18 2.000000 0.300000 13.306077
decod24-v0_38
original 9 51 81 52 30 2.000000 0.300000 17.419964
sym6_316
improve 0 270 546 312 276 2.000000 0.300000 0.044244
alu-v0_26
original 7 84 135 84 51 2.000000 0.300000 5.376613
clip_206
improve 0 33827 62439 36806 28512 2.000000 0.300000 41.199272
4mod5-v0_18
original 8 69 111 71 42 2.000000 0.300000 10.523666
cm85a_209
improve 0 11414 20988 12791 9564 2.000000 0.300000 2.972902
alu-v4_36
improve 32 115 187 119 72 2.000000 0.300000 31.704130
one-two-three-v0_97
original 5 290 476 294 186 2.000000 0.300000 2.111367
4gt13_90
original 6 107 173 111 66 2.000000 0.300000 0.779571
mod5d2_64
original 17 53 86 56 33 2.000000 0.300000 5.235992
ground_state_estimation_10
improve 0 390180 472302 227215 82122 2.000000 0.300000 11.275501
C17_204
improve 0 467 824 489 357 2.000000 0.300000 0.138901
4gt13_92
original 95 66 108 68 42 2.000000 0.300000 40.957947
rd53_130
original 0 1043 1802 1052 759 2.000000 0.300000 0.089420
alu-v3_34
original 41 52 82 51 30 2.000000 0.300000 2.631953
decod24-bdd_294
original 0 73 124 75 51 2.000000 0.300000 0.007960
4gt5_76
original 1 91 145 91 54 2.000000 0.300000 1.761664
sym9_146
improve 0 328 571 264 243 2.000000 0.300000 5.855450
4mod5-v1_22
original 2 21 30 19 9 2.000000 0.300000 5.050623
rd32_270
original 34 84 132 80 48 2.000000 0.300000 2.883313
hwb4_49
improve 55 233 377 235 144 2.000000 0.300000 1.300697
urf5_280
original 0 49829 91013 54690 41184 2.000000 0.300000 4.747423
4gt5_77
original 8 131 218 127 87 2.000000 0.300000 58.006383
rd84_253
improve 0 13658 25233 14552 11499 2.000000 0.300000 38.182797
4_49_16
original 64 217 355 225 138 2.000000 0.300000 3.078470
qft_10
improve 0 200 260 72 60 2.000000 0.300000 0.105153
4mod5-bdd_287
original 47 70 112 73 42 2.000000 0.300000 0.231981
qft_16
improve 0 512 900 234 261 2.000000 0.300000 25.007092
urf1_149
improve 0 184864 325735 191917 140850 2.000000 0.300000 15.588362
urf5_158
improve 0 164416 285976 166637 121560 2.000000 0.300000 10.644999
urf3_279
improve 0 125362 238880 145812 113430 2.000000 0.300000 43.281238
4gt12-v0_86
original 0 251 431 256 180 2.000000 0.300000 0.052101
4gt4-v0_73
original 9 395 647 398 252 2.000000 0.300000 0.732092
alu-v1_29
original 76 37 61 41 24 2.000000 0.300000 9.828780
alu-bdd_288
original 35 84 141 87 57 2.000000 0.300000 0.576981
decod24-v2_43
original 0 52 82 52 30 2.000000 0.300000 12.261301
mod8-10_178
improve 1 342 576 365 234 2.000000 0.300000 0.630028
one-two-three-v0_98
improve 1 146 239 149 93 2.000000 0.300000 50.826518
4gt4-v0_78
original 6 235 397 247 162 2.000000 0.300000 0.503444
4mod5-v0_19
original 27 35 53 34 18 2.000000 0.300000 5.035182
alu-v2_30
improve 0 504 864 511 360 2.000000 0.300000 0.029484
alu-v3_35
original 7 37 58 33 21 2.000000 0.300000 1.805348
dist_223
original 0 38046 70017 39477 31971 2.000000 0.300000 32.153710
4gt4-v0_79
original 9 231 384 238 153 2.000000 0.300000 0.501486
hwb8_113
original 0 69380 123539 73540 54159 2.000000 0.300000 5.121530
ex3_229
improve 1 403 673 448 270 2.000000 0.300000 0.918571
xor5_254
original 0 7 16 11 9 2.000000 0.300000 0.001309
f2_232
improve 2 1206 2052 1286 846 2.000000 0.300000 2.623586
time:21921.052964