rd53_138
improve 21 132 219 106 87 8.000000 0.400000 0.964136
4gt13-v1_93
original 0 68 113 74 45 8.000000 0.400000 12.877746
mod5mils_65
original 0 35 59 36 24 8.000000 0.400000 3.958313
mod5d1_63
original 2 22 37 26 15 8.000000 0.400000 17.120125
sym10_262
original 0 64283 114584 66102 50301 8.000000 0.400000 26.164510
aj-e11_165
original 1 151 250 161 99 8.000000 0.400000 2.347997
hwb9_119
improve 0 207775 363168 212735 155337 8.000000 0.400000 23.185529
4gt11_83
original 1 23 35 26 12 8.000000 0.400000 3.572881
cm42a_207
improve 43 1776 3039 1670 1263 8.000000 0.400000 10.329755
4gt4-v0_72
original 0 258 444 254 186 8.000000 0.400000 0.020036
max46_240
original 0 27126 47673 26616 20547 8.000000 0.400000 2.410878
dc2_222
original 15 9462 16620 9428 7158 8.000000 0.400000 308.530609
sym9_193
improve 0 34881 63326 38010 28386 8.000000 0.400000 12.793846
rd53_135
original 0 296 521 307 225 8.000000 0.400000 0.030364
mod10_171
original 5 244 412 247 168 8.000000 0.400000 12.299599
ising_model_13
original 0 633 786 143 153 8.000000 0.400000 4.054091
adr4_197
original 35 3439 6001 3298 2562 8.000000 0.400000 60.071579
4gt11_84
original 1 18 30 20 12 8.000000 0.400000 4.144541
4gt11_82
original 8 27 42 30 15 8.000000 0.400000 3.775038
wim_266
original 13 986 1688 915 702 8.000000 0.400000 38.001853
rd53_131
improve 0 469 799 475 330 8.000000 0.400000 0.033794
mod8-10_177
original 4 440 710 425 270 8.000000 0.400000 0.753681
4gt10-v1_81
original 12 148 247 152 99 8.000000 0.400000 1.239692
alu-v1_28
original 95 37 61 41 24 8.000000 0.400000 24.767181
cnt3-5_179
original 13 175 310 123 135 8.000000 0.400000 4.539442
square_root_7
original 0 7630 13645 7348 6015 8.000000 0.400000 3.418664
one-two-three-v1_99
original 32 132 231 147 99 8.000000 0.400000 228.218399
mini_alu_305
original 9 173 290 131 117 8.000000 0.400000 6.329236
rd53_311
original 0 275 515 246 240 8.000000 0.400000 0.058825
3_17_13
original 0 36 60 41 24 8.000000 0.400000 71.300675
rd73_252
original 0 5321 9317 5266 3996 8.000000 0.400000 0.406550
4gt4-v0_80
original 6 179 299 193 120 8.000000 0.400000 0.335052
hwb7_59
improve 0 24379 41887 24337 17496 8.000000 0.400000 3.184051
ham3_102
original 1 20 35 21 15 8.000000 0.400000 71.484992
cnt3-5_180
original 22 485 830 410 345 8.000000 0.400000 22.853638
rd53_133
original 0 580 988 593 408 8.000000 0.400000 0.072901
4mod7-v0_94
original 7 162 267 158 105 8.000000 0.400000 3.644851
plus63mod4096_163
improve 0 128744 230091 137435 101256 8.000000 0.400000 41.329800
mini-alu_167
original 5 288 477 282 189 8.000000 0.400000 4.647554
root_255
improve 0 17159 30652 17276 13485 8.000000 0.400000 3.646322
z4_268
original 4 3073 5356 3030 2283 8.000000 0.400000 10.638480
majority_239
original 11 612 1026 619 414 8.000000 0.400000 1.069561
ex2_227
improve 0 631 1066 664 435 8.000000 0.400000 0.040773
urf2_277
improve 0 20112 37611 23581 17499 8.000000 0.400000 1.915279
one-two-three-v3_101
original 17 70 118 76 48 8.000000 0.400000 38.852463
4gt13_91
original 10 103 175 106 72 8.000000 0.400000 0.806929
4gt12-v1_89
original 46 228 384 225 156 8.000000 0.400000 0.611260
sqrt8_260
improve 29 3009 5283 3041 2274 8.000000 0.400000 38.177483
rd32-v0_66
original 0 34 52 33 18 8.000000 0.400000 13.292788
sym9_148
improve 0 21504 37370 22131 15858 8.000000 0.400000 2.434887
4gt5_75
original 1 83 140 91 57 8.000000 0.400000 3.432226
0410184_169
original 37 211 346 180 135 8.000000 0.400000 321.647146
urf2_152
improve 0 80480 139196 84386 58716 8.000000 0.400000 4.749203
urf1_278
improve 0 54766 100639 62463 45867 8.000000 0.400000 6.097177
sym6_145
improve 0 3888 6666 4188 2775 8.000000 0.400000 0.816239
alu-v2_32
original 1 163 274 164 111 8.000000 0.400000 4.408159
4gt12-v0_88
original 3 194 317 196 123 8.000000 0.400000 0.325120
squar5_261
improve 28 1993 3460 1960 1467 8.000000 0.400000 57.568824
alu-v2_31
original 32 451 730 441 279 8.000000 0.400000 6.362280
hwb5_53
original 0 1336 2248 1364 912 8.000000 0.400000 0.073038
one-two-three-v2_100
original 96 69 114 71 45 8.000000 0.400000 41.391352
cycle10_2_110
original 0 6050 10598 6159 4548 8.000000 0.400000 1.570014
urf6_160
improve 0 171840 309692 179528 137805 8.000000 0.400000 29.801986
ising_model_10
improve 0 480 582 103 102 8.000000 0.400000 0.948397
sys6-v0_111
original 30 215 365 143 150 8.000000 0.400000 1.289969
plus63mod8192_164
improve 0 187112 339063 208199 151758 8.000000 0.400000 52.954462
mod5adder_127
original 0 555 945 561 390 8.000000 0.400000 0.089423
rd73_140
original 46 230 389 175 159 8.000000 0.400000 1.617088
4mod5-v1_23
original 34 69 120 74 51 8.000000 0.400000 6.277251
graycode6_47
original 0 5 29 13 24 8.000000 0.400000 0.018586
ising_model_16
improve 0 786 1056 149 252 8.000000 0.400000 13.188379
ham7_104
original 0 320 539 326 219 8.000000 0.400000 0.684534
ex-1_166
original 0 19 31 21 12 8.000000 0.400000 28.250875
decod24-v3_45
original 1 150 240 142 90 8.000000 0.400000 46.632688
urf4_187
improve 0 512064 893745 495143 381663 8.000000 0.400000 37.889657
life_238
improve 0 22445 39452 23066 17001 8.000000 0.400000 2.725735
con1_216
improve 0 954 1638 932 684 8.000000 0.400000 0.062984
hwb6_56
improve 0 6723 11547 7008 4824 8.000000 0.400000 0.378657
mod10_176
original 11 178 280 167 102 8.000000 0.400000 9.511495
ex1_226
original 0 7 16 11 9 8.000000 0.400000 0.002334
sf_276
improve 47 778 1306 804 528 8.000000 0.400000 1.937345
cm152a_212
original 0 1221 2097 1202 876 8.000000 0.400000 0.129336
4gt12-v0_87
improve 0 247 415 248 168 8.000000 0.400000 0.018609
decod24-enable_126
original 0 338 575 356 237 8.000000 0.400000 0.538183
radd_250
improve 0 3213 5640 3323 2427 8.000000 0.400000 0.241299
pm1_249
improve 43 1776 3039 1670 1263 8.000000 0.400000 10.382495
sf_274
original 47 781 1315 798 534 8.000000 0.400000 2.060030
miller_11
original 36 50 83 53 33 8.000000 0.400000 11.321947
rd53_251
original 0 1291 2212 1294 921 8.000000 0.400000 0.071149
mlp4_245
original 10 18852 33393 19330 14541 8.000000 0.400000 348.467570
9symml_195
improve 0 34881 63326 38010 28386 8.000000 0.400000 12.761114
rd84_142
improve 32 343 592 222 249 8.000000 0.400000 13.444465
inc_237
improve 2 10619 18335 10653 7716 8.000000 0.400000 75.680110
sqn_258
original 0 10223 17831 10050 7608 8.000000 0.400000 5.176809
alu-v2_33
original 95 37 61 40 24 8.000000 0.400000 28.323964
sao2_257
original 0 38577 69438 38030 30861 8.000000 0.400000 21.821971
co14_215
improve 0 17936 33397 17673 15426 8.000000 0.400000 11.410614
decod24-v1_41
original 17 85 142 92 57 8.000000 0.400000 3.914848
4mod5-v0_20
original 2 20 29 18 9 8.000000 0.400000 40.120409
alu-v4_37
original 95 37 61 42 24 8.000000 0.400000 4.073067
urf3_155
improve 0 423488 744955 442973 321450 8.000000 0.400000 26.827515
misex1_241
improve 0 4813 8494 4846 3681 8.000000 0.400000 0.474823
alu-v0_27
original 89 36 60 38 24 8.000000 0.400000 3.788545
4mod5-v1_24
original 14 36 63 42 27 8.000000 0.400000 38.314633
4mod7-v1_96
original 10 164 272 162 108 8.000000 0.400000 18.540056
cm82a_208
improve 0 650 1088 643 438 8.000000 0.400000 1.429131
ham15_107
improve 28 8763 15385 8777 6612 8.000000 0.400000 1068.707231
0example
original 3 9 18 13 9 8.000000 0.400000 14.211679
dc1_220
improve 0 1914 3315 1909 1401 8.000000 0.400000 0.127301
4gt4-v1_74
original 0 273 474 293 201 8.000000 0.400000 0.021314
rd32-v1_68
original 0 36 54 33 18 8.000000 0.400000 13.025414
decod24-v0_38
original 99 51 84 56 33 8.000000 0.400000 8.193243
sym6_316
improve 0 270 519 292 249 8.000000 0.400000 0.031312
alu-v0_26
original 34 84 135 80 51 8.000000 0.400000 1.163577
clip_206
improve 0 33827 60164 34471 26337 8.000000 0.400000 3.317279
4mod5-v0_18
original 60 69 114 75 45 8.000000 0.400000 7.047582
cm85a_209
improve 0 11414 20010 11996 8592 8.000000 0.400000 1.762857
alu-v4_36
original 8 115 190 116 75 8.000000 0.400000 32.501508
one-two-three-v0_97
original 1 290 482 302 192 8.000000 0.400000 2.194452
4gt13_90
original 10 107 182 113 75 8.000000 0.400000 0.822645
mod5d2_64
original 7 53 89 58 36 8.000000 0.400000 5.504714
ground_state_estimation_10
original 0 390180 438981 206409 48801 8.000000 0.400000 12.198265
C17_204
improve 0 467 818 496 351 8.000000 0.400000 0.145373
4gt13_92
original 7 66 111 65 45 8.000000 0.400000 55.870550
rd53_130
original 0 1043 1796 1046 753 8.000000 0.400000 0.069755
alu-v3_34
original 32 52 85 52 33 8.000000 0.400000 2.745020
decod24-bdd_294
original 0 73 118 72 45 8.000000 0.400000 0.007894
4gt5_76
original 1 91 151 92 60 8.000000 0.400000 2.059564
sym9_146
original 28 328 562 253 234 8.000000 0.400000 114.625815
4mod5-v1_22
original 2 21 33 22 12 8.000000 0.400000 5.359240
rd32_270
original 9 84 135 84 51 8.000000 0.400000 3.091120
hwb4_49
original 13 233 380 233 147 8.000000 0.400000 1.436974
urf5_280
improve 0 49829 89630 55085 39798 8.000000 0.400000 4.338653
4gt5_77
original 1 131 215 130 84 8.000000 0.400000 56.469747
rd84_253
original 0 13658 24254 13641 10596 8.000000 0.400000 1.577616
4_49_16
original 11 217 364 220 147 8.000000 0.400000 2.865725
qft_10
improve 0 200 376 129 159 8.000000 0.400000 2.911752
4mod5-bdd_287
original 1 70 121 76 51 8.000000 0.400000 0.230921
qft_16
improve 0 512 922 240 327 8.000000 0.400000 26.561321
urf1_149
improve 0 184864 325891 193192 141027 8.000000 0.400000 11.970366
urf5_158
original 0 164416 283855 165198 119439 8.000000 0.400000 10.203914
urf3_279
improve 0 125362 234022 141721 108621 8.000000 0.400000 17.005650
4gt12-v0_86
original 0 251 425 250 174 8.000000 0.400000 0.051149
4gt4-v0_73
original 7 395 671 383 276 8.000000 0.400000 0.684423
alu-v1_29
original 89 37 61 38 24 8.000000 0.400000 3.911606
alu-bdd_288
original 42 84 147 90 63 8.000000 0.400000 0.641519
decod24-v2_43
original 1 52 85 55 33 8.000000 0.400000 3.533467
mod8-10_178
original 35 342 567 348 225 8.000000 0.400000 0.592036
one-two-three-v0_98
original 1 146 245 148 99 8.000000 0.400000 54.633317
4gt4-v0_78
original 9 235 394 240 159 8.000000 0.400000 0.624579
4mod5-v0_19
original 2 35 59 38 24 8.000000 0.400000 5.442020
alu-v2_30
original 0 504 849 518 345 8.000000 0.400000 0.029611
alu-v3_35
original 1 37 61 36 24 8.000000 0.400000 1.906021
dist_223
improve 0 38046 67669 37664 29619 8.000000 0.400000 3.525606
4gt4-v0_79
original 9 231 384 232 153 8.000000 0.400000 0.629929
hwb8_113
improve 0 69380 119498 71286 50118 8.000000 0.400000 4.161485
ex3_229
original 1 403 673 415 270 8.000000 0.400000 0.795742
xor5_254
original 0 7 16 11 9 8.000000 0.400000 0.001394
f2_232
original 12 1206 2001 1141 795 8.000000 0.400000 2.152425
time:16588.484993