rd53_138
original 3 132 222 115 90 3.000000 0.350100 0.775318
4gt13-v1_93
original 96 68 107 63 39 3.000000 0.350100 2.307798
mod5mils_65
original 27 35 59 39 24 3.000000 0.350100 4.050732
mod5d1_63
original 73 22 34 22 12 3.000000 0.350100 17.616293
sym10_262
original 0 64283 117638 69079 53355 3.000000 0.350100 19.108727
aj-e11_165
original 1 151 250 161 99 3.000000 0.350100 1.441104
hwb9_119
improve 0 207775 373469 224737 165618 3.000000 0.350100 30.493232
4gt11_83
original 1 23 35 26 12 3.000000 0.350100 34.777251
cm42a_207
improve 34 1776 3084 1760 1308 3.000000 0.350100 17.217250
4gt4-v0_72
original 0 258 453 255 195 3.000000 0.350100 0.017365
max46_240
original 0 27126 48405 27583 21279 3.000000 0.350100 1.960905
dc2_222
improve 13 9462 16769 10295 7299 3.000000 0.350100 342.485164
sym9_193
improve 0 34881 64014 38450 29082 3.000000 0.350100 18.250331
rd53_135
improve 0 296 515 321 219 3.000000 0.350100 0.027666
mod10_171
original 0 244 409 262 165 3.000000 0.350100 12.414983
ising_model_13
original 0 633 765 143 132 3.000000 0.350100 0.806675
adr4_197
improve 13 3439 6148 3552 2697 3.000000 0.350100 80.845942
4gt11_84
original 11 18 30 18 12 3.000000 0.350100 4.197342
4gt11_82
original 3 27 45 36 18 3.000000 0.350100 5.063360
wim_266
original 19 986 1667 916 681 3.000000 0.350100 15.698456
rd53_131
original 0 469 817 500 348 3.000000 0.350100 0.033808
mod8-10_177
original 4 440 734 446 294 3.000000 0.350100 0.740848
4gt10-v1_81
original 37 148 244 149 96 3.000000 0.350100 1.626925
alu-v1_28
original 17 37 61 39 24 3.000000 0.350100 33.048539
cnt3-5_179
improve 13 175 316 133 141 3.000000 0.350100 4.757656
square_root_7
original 0 7630 14005 7760 6375 3.000000 0.350100 3.674796
one-two-three-v1_99
original 44 132 219 132 87 3.000000 0.350100 240.440196
mini_alu_305
original 9 173 293 130 120 3.000000 0.350100 0.551416
rd53_311
improve 0 275 494 255 219 3.000000 0.350100 0.039716
3_17_13
original 0 36 57 38 21 3.000000 0.350100 72.816724
rd73_252
original 0 5321 9605 5571 4284 3.000000 0.350100 2.561001
4gt4-v0_80
original 3 179 302 181 123 3.000000 0.350100 0.305514
hwb7_59
original 0 24379 42736 25335 18357 3.000000 0.350100 5.339394
ham3_102
original 22 20 35 21 15 3.000000 0.350100 73.574593
cnt3-5_180
improve 22 485 839 425 354 3.000000 0.350100 17.091731
rd53_133
improve 0 580 1051 718 471 3.000000 0.350100 0.066522
4mod7-v0_94
original 32 162 267 161 105 3.000000 0.350100 3.881162
plus63mod4096_163
improve 0 128744 236724 145594 107835 3.000000 0.350100 48.122895
mini-alu_167
original 10 288 480 288 192 3.000000 0.350100 10.259298
root_255
original 0 17159 31040 17308 13881 3.000000 0.350100 1.538050
z4_268
improve 0 3073 5383 3177 2310 3.000000 0.350100 28.860155
majority_239
original 12 612 1038 626 426 3.000000 0.350100 1.072193
ex2_227
original 0 631 1105 654 474 3.000000 0.350100 0.047354
urf2_277
original 0 20112 37629 23203 17517 3.000000 0.350100 4.431872
one-two-three-v3_101
original 14 70 118 73 48 3.000000 0.350100 37.601148
4gt13_91
original 6 103 172 110 69 3.000000 0.350100 0.759864
4gt12-v1_89
original 4 228 378 225 150 3.000000 0.350100 0.619670
sqrt8_260
improve 0 3009 5400 3258 2391 3.000000 0.350100 41.549452
rd32-v0_66
original 1 34 52 33 18 3.000000 0.350100 13.818743
sym9_148
original 0 21504 38280 22921 16776 3.000000 0.350100 2.024820
4gt5_75
original 8 83 134 78 51 3.000000 0.350100 3.471499
0410184_169
original 53 211 352 180 141 3.000000 0.350100 354.778710
urf2_152
improve 0 80480 139973 82974 59490 3.000000 0.350100 4.974509
urf1_278
improve 0 54766 101383 61696 46584 3.000000 0.350100 15.273890
sym6_145
original 0 3888 6702 4144 2814 3.000000 0.350100 0.214339
alu-v2_32
original 5 163 268 165 105 3.000000 0.350100 14.171552
4gt12-v0_88
improve 3 194 329 198 135 3.000000 0.350100 0.327675
squar5_261
improve 34 1993 3529 2001 1536 3.000000 0.350100 13.196959
alu-v2_31
original 8 451 745 452 294 3.000000 0.350100 11.177934
hwb5_53
original 0 1336 2317 1450 981 3.000000 0.350100 0.070155
one-two-three-v2_100
original 5 69 117 77 48 3.000000 0.350100 43.405289
cycle10_2_110
original 0 6050 10940 6624 4890 3.000000 0.350100 0.470528
urf6_160
improve 0 171840 314321 183136 142413 3.000000 0.350100 31.796088
ising_model_10
original 0 480 651 110 171 3.000000 0.350100 1.992167
sys6-v0_111
improve 31 215 374 164 153 3.000000 0.350100 3.597068
plus63mod8192_164
improve 0 187112 348544 219208 161097 3.000000 0.350100 140.492882
mod5adder_127
original 0 555 930 557 375 3.000000 0.350100 0.082824
rd73_140
original 37 230 395 185 165 3.000000 0.350100 1.524767
4mod5-v1_23
original 8 69 120 82 51 3.000000 0.350100 8.308730
graycode6_47
original 0 5 29 13 24 3.000000 0.350100 0.018847
ising_model_16
improve 0 786 1062 198 213 3.000000 0.350100 42.082494
ham7_104
original 6 320 542 323 222 3.000000 0.350100 0.660117
ex-1_166
original 0 19 31 21 12 3.000000 0.350100 29.599502
decod24-v3_45
original 1 150 246 150 96 3.000000 0.350100 19.954489
urf4_187
improve 0 512064 914406 527043 402294 3.000000 0.350100 40.459824
life_238
improve 0 22445 40646 24385 18195 3.000000 0.350100 3.486414
con1_216
improve 0 954 1695 1009 741 3.000000 0.350100 0.088709
hwb6_56
improve 0 6723 11655 7155 4932 3.000000 0.350100 0.366061
mod10_176
original 37 178 295 178 117 3.000000 0.350100 10.704108
ex1_226
original 0 7 16 10 9 3.000000 0.350100 0.002249
sf_276
original 47 778 1285 777 507 3.000000 0.350100 1.786085
cm152a_212
improve 0 1221 2145 1296 924 3.000000 0.350100 0.112400
4gt12-v0_87
original 0 247 418 246 171 3.000000 0.350100 0.015035
decod24-enable_126
original 1 338 575 355 237 3.000000 0.350100 0.592448
radd_250
original 0 3213 5829 3447 2616 3.000000 0.350100 1.309153
pm1_249
improve 34 1776 3084 1760 1308 3.000000 0.350100 17.243579
sf_274
original 8 781 1282 757 501 3.000000 0.350100 1.742451
miller_11
original 0 50 86 59 36 3.000000 0.350100 12.009701
rd53_251
original 0 1291 2212 1363 921 3.000000 0.350100 0.067040
mlp4_245
original 14 18852 34500 20435 15648 3.000000 0.350100 698.272743
9symml_195
improve 0 34881 64014 38450 29082 3.000000 0.350100 18.279032
rd84_142
improve 46 343 586 243 243 3.000000 0.350100 69.719098
inc_237
original 0 10619 18938 11381 8319 3.000000 0.350100 71.544345
sqn_258
improve 0 10223 18281 10695 8058 3.000000 0.350100 0.865651
alu-v2_33
original 1 37 61 40 24 3.000000 0.350100 32.428565
sao2_257
original 0 38577 71337 39821 32760 3.000000 0.350100 7.760423
co14_215
improve 0 17936 33689 17960 15699 3.000000 0.350100 27.914760
decod24-v1_41
original 0 85 142 92 57 3.000000 0.350100 1.774171
4mod5-v0_20
original 2 20 29 18 9 3.000000 0.350100 39.200844
alu-v4_37
original 1 37 64 44 27 3.000000 0.350100 4.343113
urf3_155
improve 0 423488 744624 447485 321105 3.000000 0.350100 33.194422
misex1_241
improve 0 4813 8641 5206 3828 3.000000 0.350100 0.579919
alu-v0_27
original 57 36 63 39 27 3.000000 0.350100 4.201013
4mod5-v1_24
original 14 36 60 39 24 3.000000 0.350100 39.139142
4mod7-v1_96
improve 8 164 275 171 111 3.000000 0.350100 23.913688
cm82a_208
improve 0 650 1103 641 453 3.000000 0.350100 1.350685
ham15_107
original 2 8763 15768 9380 7005 3.000000 0.350100 1096.715959
0example
original 3 9 18 13 9 3.000000 0.350100 15.549485
dc1_220
improve 0 1914 3426 2000 1512 3.000000 0.350100 0.146581
4gt4-v1_74
original 0 273 468 290 195 3.000000 0.350100 0.017638
rd32-v1_68
original 1 36 54 33 18 3.000000 0.350100 13.569714
decod24-v0_38
original 15 51 84 53 33 3.000000 0.350100 10.834004
sym6_316
improve 0 270 507 283 237 3.000000 0.350100 0.028697
alu-v0_26
original 1 84 138 84 54 3.000000 0.350100 4.977076
clip_206
improve 0 33827 61930 36238 28095 3.000000 0.350100 5.440671
4mod5-v0_18
original 7 69 114 75 45 3.000000 0.350100 6.308964
cm85a_209
improve 0 11414 20906 12944 9486 3.000000 0.350100 2.051202
alu-v4_36
improve 17 115 193 122 78 3.000000 0.350100 35.124266
one-two-three-v0_97
original 5 290 473 297 183 3.000000 0.350100 2.168645
4gt13_90
original 13 107 179 113 72 3.000000 0.350100 0.769812
mod5d2_64
original 28 53 89 58 36 3.000000 0.350100 6.547007
ground_state_estimation_10
original 0 390180 466206 214590 76026 3.000000 0.350100 12.620704
C17_204
improve 0 467 839 504 372 3.000000 0.350100 0.152436
4gt13_92
original 17 66 111 62 45 3.000000 0.350100 52.568116
rd53_130
original 0 1043 1808 1046 765 3.000000 0.350100 0.066441
alu-v3_34
original 3 52 85 53 33 3.000000 0.350100 2.949800
decod24-bdd_294
original 0 73 118 73 45 3.000000 0.350100 0.005781
4gt5_76
original 1 91 148 95 57 3.000000 0.350100 2.004246
sym9_146
improve 14 328 592 282 264 3.000000 0.350100 3.880374
4mod5-v1_22
original 2 21 33 22 12 3.000000 0.350100 5.318424
rd32_270
original 12 84 135 81 51 3.000000 0.350100 3.072021
hwb4_49
original 1 233 389 239 156 3.000000 0.350100 1.479666
urf5_280
improve 0 49829 90458 55646 40629 3.000000 0.350100 3.905730
4gt5_77
original 19 131 215 130 84 3.000000 0.350100 40.637615
rd84_253
original 0 13658 24875 14263 11217 3.000000 0.350100 3.017500
4_49_16
improve 12 217 370 235 153 3.000000 0.350100 3.197252
qft_10
original 0 200 278 83 78 3.000000 0.350100 2.477172
4mod5-bdd_287
original 1 70 118 78 48 3.000000 0.350100 0.202946
qft_16
original 0 512 791 200 279 3.000000 0.350100 2.407647
urf1_149
improve 0 184864 325301 194032 140427 3.000000 0.350100 12.082530
urf5_158
original 0 164416 285097 168921 120681 3.000000 0.350100 9.788843
urf3_279
improve 0 125362 236098 144550 110655 3.000000 0.350100 31.898749
4gt12-v0_86
improve 0 251 428 258 177 3.000000 0.350100 0.049679
4gt4-v0_73
original 9 395 659 389 264 3.000000 0.350100 0.750954
alu-v1_29
original 0 37 64 44 27 3.000000 0.350100 4.230561
alu-bdd_288
original 42 84 141 83 57 3.000000 0.350100 0.597589
decod24-v2_43
original 1 52 85 55 33 3.000000 0.350100 3.231439
mod8-10_178
original 21 342 576 349 234 3.000000 0.350100 0.638813
one-two-three-v0_98
original 1 146 248 156 102 3.000000 0.350100 57.036439
4gt4-v0_78
original 16 235 397 250 162 3.000000 0.350100 0.423407
4mod5-v0_19
original 27 35 59 36 24 3.000000 0.350100 5.592974
alu-v2_30
original 0 504 885 539 381 3.000000 0.350100 0.034737
alu-v3_35
original 5 37 61 37 24 3.000000 0.350100 2.096511
dist_223
improve 0 38046 69189 39772 31128 3.000000 0.350100 5.465495
4gt4-v0_79
original 16 231 387 239 156 3.000000 0.350100 0.420806
hwb8_113
improve 0 69380 121634 74054 52236 3.000000 0.350100 6.992495
ex3_229
original 5 403 667 407 264 3.000000 0.350100 0.769466
xor5_254
original 0 7 16 10 9 3.000000 0.350100 0.002378
f2_232
original 7 1206 2037 1268 831 3.000000 0.350100 2.157882
time:28106.861360