rd53_138
original 21 132 216 102 84 7.000000 0.500000 0.787252
4gt13-v1_93
original 17 68 104 62 36 7.000000 0.500000 2.158735
mod5mils_65
original 2 35 59 37 24 7.000000 0.500000 3.973614
mod5d1_63
original 2 22 37 26 15 7.000000 0.500000 16.851491
sym10_262
improve 0 64283 114314 67515 49974 7.000000 0.500000 20.099658
aj-e11_165
original 1 151 250 159 99 7.000000 0.500000 1.893934
hwb9_119
original 0 207775 362716 216442 154941 7.000000 0.500000 26.248565
4gt11_83
original 1 23 35 26 12 7.000000 0.500000 33.843645
cm42a_207
improve 17 1776 3036 1728 1260 7.000000 0.500000 10.272610
4gt4-v0_72
improve 0 258 450 263 192 7.000000 0.500000 0.020222
max46_240
original 0 27126 47670 26957 20544 7.000000 0.500000 3.465379
dc2_222
original 36 9462 16590 9702 7128 7.000000 0.500000 315.039638
sym9_193
improve 0 34881 62625 37363 27687 7.000000 0.500000 8.331472
rd53_135
original 0 296 521 317 225 7.000000 0.500000 0.026508
mod10_171
original 11 244 400 252 156 7.000000 0.500000 12.012697
ising_model_13
improve 0 633 816 109 183 7.000000 0.500000 2.513052
adr4_197
original 0 3439 6013 3428 2574 7.000000 0.500000 104.199280
4gt11_84
original 13 18 30 18 12 7.000000 0.500000 4.103045
4gt11_82
original 26 27 42 29 15 7.000000 0.500000 3.880934
wim_266
improve 13 986 1688 979 702 7.000000 0.500000 23.874804
rd53_131
improve 0 469 802 495 333 7.000000 0.500000 0.033674
mod8-10_177
original 4 440 743 453 303 7.000000 0.500000 0.715153
4gt10-v1_81
original 40 148 244 151 96 7.000000 0.500000 1.293150
alu-v1_28
original 41 37 61 37 24 7.000000 0.500000 26.125041
cnt3-5_179
original 14 175 304 123 129 7.000000 0.500000 4.329754
square_root_7
original 0 7630 13492 7105 5862 7.000000 0.500000 3.418352
one-two-three-v1_99
original 32 132 222 142 90 7.000000 0.500000 233.548054
mini_alu_305
improve 9 173 290 138 117 7.000000 0.500000 0.601051
rd53_311
original 0 275 527 263 252 7.000000 0.500000 0.048123
3_17_13
original 0 36 57 38 21 7.000000 0.500000 71.512347
rd73_252
improve 0 5321 9260 5451 3939 7.000000 0.500000 0.328833
4gt4-v0_80
original 21 179 296 180 117 7.000000 0.500000 0.337740
hwb7_59
improve 0 24379 41440 24563 17061 7.000000 0.500000 1.399006
ham3_102
original 2 20 35 21 15 7.000000 0.500000 72.878128
cnt3-5_180
improve 19 485 836 401 351 7.000000 0.500000 4.276788
rd53_133
improve 0 580 1015 663 435 7.000000 0.500000 0.136686
4mod7-v0_94
original 32 162 267 165 105 7.000000 0.500000 4.057105
plus63mod4096_163
improve 0 128744 229615 139685 100773 7.000000 0.500000 39.418558
mini-alu_167
original 5 288 477 289 189 7.000000 0.500000 4.718584
root_255
improve 0 17159 30588 17553 13425 7.000000 0.500000 3.140180
z4_268
original 1 3073 5332 3052 2259 7.000000 0.500000 43.526594
majority_239
original 7 612 1026 622 414 7.000000 0.500000 1.052732
ex2_227
original 0 631 1075 659 444 7.000000 0.500000 0.116450
urf2_277
improve 0 20112 37175 23412 17052 7.000000 0.500000 3.493016
one-two-three-v3_101
original 14 70 115 70 45 7.000000 0.500000 36.890924
4gt13_91
original 10 103 166 105 63 7.000000 0.500000 0.817337
4gt12-v1_89
original 46 228 378 234 150 7.000000 0.500000 0.608141
sqrt8_260
improve 23 3009 5271 3077 2262 7.000000 0.500000 26.158150
rd32-v0_66
original 0 34 52 33 18 7.000000 0.500000 12.960688
sym9_148
improve 0 21504 37767 23118 16254 7.000000 0.500000 3.089736
4gt5_75
original 8 83 134 79 51 7.000000 0.500000 3.434030
0410184_169
improve 24 211 346 175 135 7.000000 0.500000 365.169597
urf2_152
improve 0 80480 137570 81839 57090 7.000000 0.500000 4.708366
urf1_278
improve 0 54766 99652 61751 44868 7.000000 0.500000 9.152652
sym6_145
improve 0 3888 6564 4128 2676 7.000000 0.500000 0.220114
alu-v2_32
original 37 163 265 162 102 7.000000 0.500000 4.190814
4gt12-v0_88
original 3 194 317 190 123 7.000000 0.500000 0.324187
squar5_261
original 3 1993 3448 1944 1455 7.000000 0.500000 20.645009
alu-v2_31
original 12 451 748 451 297 7.000000 0.500000 8.483414
hwb5_53
improve 0 1336 2278 1403 942 7.000000 0.500000 0.072227
one-two-three-v2_100
original 20 69 114 68 45 7.000000 0.500000 42.197506
cycle10_2_110
improve 0 6050 10655 6498 4605 7.000000 0.500000 0.378043
urf6_160
improve 0 171840 308448 177220 136584 7.000000 0.500000 20.895162
ising_model_10
original 0 480 597 110 117 7.000000 0.500000 0.599999
sys6-v0_111
original 8 215 368 152 153 7.000000 0.500000 1.638306
plus63mod8192_164
improve 0 187112 338650 210278 151341 7.000000 0.500000 63.364794
mod5adder_127
original 0 555 963 590 408 7.000000 0.500000 0.082501
rd73_140
original 35 230 389 186 159 7.000000 0.500000 2.406627
4mod5-v1_23
original 2 69 123 81 54 7.000000 0.500000 4.466194
graycode6_47
original 0 5 29 13 24 7.000000 0.500000 0.017594
ising_model_16
original 0 786 1005 176 219 7.000000 0.500000 154.894805
ham7_104
improve 35 320 551 345 231 7.000000 0.500000 0.638493
ex-1_166
original 0 19 31 21 12 7.000000 0.500000 28.736801
decod24-v3_45
original 8 150 234 137 84 7.000000 0.500000 54.450353
urf4_187
original 0 512064 892182 497956 380118 7.000000 0.500000 45.106204
life_238
improve 0 22445 39476 23521 17022 7.000000 0.500000 3.519427
con1_216
original 0 954 1662 948 708 7.000000 0.500000 0.075977
hwb6_56
original 0 6723 11601 6925 4878 7.000000 0.500000 1.181907
mod10_176
original 37 178 286 176 108 7.000000 0.500000 9.391578
ex1_226
original 0 7 16 10 9 7.000000 0.500000 0.002373
sf_276
original 13 778 1270 761 492 7.000000 0.500000 1.872316
cm152a_212
improve 0 1221 2124 1292 903 7.000000 0.500000 0.100341
4gt12-v0_87
original 0 247 415 241 168 7.000000 0.500000 0.017914
decod24-enable_126
original 1 338 581 371 243 7.000000 0.500000 0.571992
radd_250
improve 0 3213 5667 3460 2454 7.000000 0.500000 0.209034
pm1_249
improve 17 1776 3036 1728 1260 7.000000 0.500000 10.609260
sf_274
improve 23 781 1300 778 519 7.000000 0.500000 1.990400
miller_11
original 0 50 86 59 36 7.000000 0.500000 11.706805
rd53_251
original 0 1291 2221 1379 930 7.000000 0.500000 0.075499
mlp4_245
improve 10 18852 33222 19909 14370 7.000000 0.500000 455.249921
9symml_195
improve 0 34881 62625 37363 27687 7.000000 0.500000 8.288014
rd84_142
original 49 343 595 233 252 7.000000 0.500000 10.282137
inc_237
improve 2 10619 18323 10853 7704 7.000000 0.500000 61.993796
sqn_258
original 0 10223 17747 10201 7524 7.000000 0.500000 0.790590
alu-v2_33
original 2 37 61 39 24 7.000000 0.500000 25.446255
sao2_257
original 0 38577 69150 38231 30573 7.000000 0.500000 5.793719
co14_215
improve 0 17936 32985 17472 15045 7.000000 0.500000 3.529789
decod24-v1_41
original 17 85 136 83 51 7.000000 0.500000 1.589702
4mod5-v0_20
original 2 20 29 18 9 7.000000 0.500000 38.360707
alu-v4_37
original 3 37 61 40 24 7.000000 0.500000 4.192187
urf3_155
improve 0 423488 734210 438156 310695 7.000000 0.500000 31.181826
misex1_241
improve 0 4813 8686 5405 3873 7.000000 0.500000 0.448227
alu-v0_27
original 89 36 60 36 24 7.000000 0.500000 3.971004
4mod5-v1_24
original 14 36 60 39 24 7.000000 0.500000 37.870266
4mod7-v1_96
original 32 164 266 159 102 7.000000 0.500000 18.696351
cm82a_208
original 10 650 1094 660 444 7.000000 0.500000 1.402776
ham15_107
original 3 8763 15411 8948 6648 7.000000 0.500000 1083.861999
0example
original 3 9 18 13 9 7.000000 0.500000 14.801466
dc1_220
improve 0 1914 3318 1918 1404 7.000000 0.500000 0.116489
4gt4-v1_74
original 0 273 462 282 189 7.000000 0.500000 0.020324
rd32-v1_68
original 0 36 54 33 18 7.000000 0.500000 12.942396
decod24-v0_38
original 1 51 84 55 33 7.000000 0.500000 9.310308
sym6_316
improve 0 270 513 282 243 7.000000 0.500000 0.040040
alu-v0_26
original 9 84 135 84 51 7.000000 0.500000 1.244282
clip_206
original 0 33827 60332 34110 26505 7.000000 0.500000 6.293236
4mod5-v0_18
original 2 69 111 69 42 7.000000 0.500000 5.018554
cm85a_209
improve 0 11414 20135 12260 8721 7.000000 0.500000 0.936874
alu-v4_36
original 9 115 187 115 72 7.000000 0.500000 33.803105
one-two-three-v0_97
original 40 290 476 288 186 7.000000 0.500000 2.197085
4gt13_90
original 10 107 176 115 69 7.000000 0.500000 0.772840
mod5d2_64
original 18 53 89 60 36 7.000000 0.500000 5.563083
ground_state_estimation_10
improve 0 390180 446346 200511 56166 7.000000 0.500000 12.115400
C17_204
improve 0 467 809 497 342 7.000000 0.500000 0.140677
4gt13_92
original 28 66 111 65 45 7.000000 0.500000 56.369477
rd53_130
original 0 1043 1757 1026 714 7.000000 0.500000 0.055178
alu-v3_34
original 32 52 85 52 33 7.000000 0.500000 2.901317
decod24-bdd_294
original 0 73 115 71 42 7.000000 0.500000 0.007029
4gt5_76
original 32 91 148 91 57 7.000000 0.500000 1.999168
sym9_146
improve 3 328 571 276 243 7.000000 0.500000 5.755872
4mod5-v1_22
original 2 21 33 22 12 7.000000 0.500000 5.186858
rd32_270
original 9 84 135 85 51 7.000000 0.500000 2.969212
hwb4_49
original 1 233 380 240 147 7.000000 0.500000 1.441316
urf5_280
improve 0 49829 88880 54806 39048 7.000000 0.500000 4.395013
4gt5_77
original 19 131 215 130 84 7.000000 0.500000 64.964866
rd84_253
original 0 13658 24191 13695 10533 7.000000 0.500000 4.276833
4_49_16
original 24 217 358 225 141 7.000000 0.500000 2.574789
qft_10
original 0 200 266 69 66 7.000000 0.500000 0.464359
4mod5-bdd_287
original 1 70 118 77 48 7.000000 0.500000 0.211375
qft_16
improve 0 512 854 199 282 7.000000 0.500000 12.068310
urf1_149
improve 0 184864 320719 191009 135837 7.000000 0.500000 15.050003
urf5_158
improve 0 164416 280906 168420 116490 7.000000 0.500000 10.210835
urf3_279
improve 0 125362 231930 141383 106497 7.000000 0.500000 28.207071
4gt12-v0_86
original 0 251 422 251 171 7.000000 0.500000 0.047574
4gt4-v0_73
original 9 395 656 395 261 7.000000 0.500000 0.680208
alu-v1_29
original 5 37 61 40 24 7.000000 0.500000 4.138298
alu-bdd_288
original 17 84 144 82 60 7.000000 0.500000 0.697119
decod24-v2_43
original 1 52 85 54 33 7.000000 0.500000 5.784587
mod8-10_178
original 21 342 570 343 228 7.000000 0.500000 0.611323
one-two-three-v0_98
original 40 146 233 142 87 7.000000 0.500000 56.212005
4gt4-v0_78
original 16 235 391 235 156 7.000000 0.500000 0.416467
4mod5-v0_19
original 2 35 59 38 24 7.000000 0.500000 5.473513
alu-v2_30
original 0 504 876 528 372 7.000000 0.500000 0.035055
alu-v3_35
original 3 37 61 40 24 7.000000 0.500000 2.035392
dist_223
original 0 38046 67332 37458 29286 7.000000 0.500000 7.862967
4gt4-v0_79
original 20 231 381 227 150 7.000000 0.500000 0.394739
hwb8_113
improve 0 69380 118958 71973 49578 7.000000 0.500000 3.957389
ex3_229
original 1 403 673 421 270 7.000000 0.500000 0.782393
xor5_254
original 0 7 16 10 9 7.000000 0.500000 0.001376
f2_232
original 10 1206 1992 1166 786 7.000000 0.500000 2.660965
time:21604.212331