rd53_138
original 21 132 216 102 84 5.000000 0.650100 1.170721
4gt13-v1_93
original 50 68 110 63 42 5.000000 0.650100 12.414984
mod5mils_65
original 2 35 56 37 21 5.000000 0.650100 3.752096
mod5d1_63
original 2 22 37 26 15 5.000000 0.650100 18.990368
sym10_262
original 0 64283 115607 68992 51324 5.000000 0.650100 12.142323
aj-e11_165
original 12 151 253 158 102 5.000000 0.650100 2.328187
hwb9_119
original 0 207775 370702 225569 162927 5.000000 0.650100 58.087674
4gt11_83
original 1 23 35 26 12 5.000000 0.650100 3.578077
cm42a_207
improve 22 1776 3036 1724 1260 5.000000 0.650100 21.297127
4gt4-v0_72
original 0 258 465 283 207 5.000000 0.650100 0.016038
max46_240
improve 0 27126 48750 28907 21612 5.000000 0.650100 8.518119
dc2_222
improve 48 9462 16966 10240 7476 5.000000 0.650100 172.512766
sym9_193
improve 0 34881 64509 39967 29517 5.000000 0.650100 13.294192
rd53_135
improve 0 296 530 340 234 5.000000 0.650100 0.027331
mod10_171
original 6 244 412 256 168 5.000000 0.650100 11.143606
ising_model_13
improve 0 633 801 138 168 5.000000 0.650100 2.273713
adr4_197
original 36 3439 6052 3515 2613 5.000000 0.650100 35.679638
4gt11_84
original 11 18 30 20 12 5.000000 0.650100 3.996036
4gt11_82
original 26 27 42 29 15 5.000000 0.650100 4.549454
wim_266
improve 51 986 1686 945 693 5.000000 0.650100 6.101935
rd53_131
improve 0 469 827 525 354 5.000000 0.650100 0.202149
mod8-10_177
original 29 440 734 469 294 5.000000 0.650100 0.609389
4gt10-v1_81
original 66 148 244 153 96 5.000000 0.650100 0.937296
alu-v1_28
original 5 37 61 41 24 5.000000 0.650100 23.761089
cnt3-5_179
original 29 175 307 117 132 5.000000 0.650100 4.307532
square_root_7
original 0 7630 13411 7219 5781 5.000000 0.650100 1.583072
one-two-three-v1_99
original 32 132 216 135 84 5.000000 0.650100 206.164163
mini_alu_305
improve 0 173 290 145 117 5.000000 0.650100 1.619013
rd53_311
improve 0 275 515 251 240 5.000000 0.650100 0.039005
3_17_13
original 0 36 57 38 21 5.000000 0.650100 64.222379
rd73_252
improve 0 5321 9488 5736 4167 5.000000 0.650100 0.349912
4gt4-v0_80
original 11 179 308 194 129 5.000000 0.650100 0.282155
hwb7_59
improve 0 24379 42388 26418 18000 5.000000 0.650100 2.943993
ham3_102
original 2 20 35 21 15 5.000000 0.650100 65.409667
cnt3-5_180
original 22 485 821 415 336 5.000000 0.650100 5.299143
rd53_133
improve 0 580 1033 725 453 5.000000 0.650100 0.073013
4mod7-v0_94
original 8 162 273 174 111 5.000000 0.650100 3.466862
plus63mod4096_163
improve 0 128744 235002 148898 106146 5.000000 0.650100 26.734901
mini-alu_167
original 5 288 486 300 198 5.000000 0.650100 6.153039
root_255
improve 0 17159 31352 18464 14193 5.000000 0.650100 1.348651
z4_268
original 30 3073 5437 3165 2364 5.000000 0.650100 29.547190
majority_239
original 7 612 1020 641 408 5.000000 0.650100 1.048268
ex2_227
original 0 631 1084 671 453 5.000000 0.650100 0.034150
urf2_277
improve 0 20112 36994 23253 16878 5.000000 0.650100 1.933513
one-two-three-v3_101
original 45 70 115 69 45 5.000000 0.650100 32.993492
4gt13_91
original 6 103 172 108 69 5.000000 0.650100 0.632717
4gt12-v1_89
original 46 228 384 242 156 5.000000 0.650100 0.528721
sqrt8_260
original 23 3009 5367 3192 2358 5.000000 0.650100 13.359619
rd32-v0_66
original 0 34 52 34 18 5.000000 0.650100 13.525205
