rd53_138
original 3 132 222 115 90 3.000000 0.300100 0.764174
4gt13-v1_93
original 96 68 107 63 39 3.000000 0.300100 2.302804
mod5mils_65
original 27 35 59 39 24 3.000000 0.300100 4.022408
mod5d1_63
original 73 22 34 22 12 3.000000 0.300100 17.424680
sym10_262
original 0 64283 117638 69079 53355 3.000000 0.300100 18.982952
aj-e11_165
original 1 151 250 161 99 3.000000 0.300100 1.424287
hwb9_119
improve 0 207775 373469 224737 165618 3.000000 0.300100 30.554417
4gt11_83
original 1 23 35 26 12 3.000000 0.300100 34.825317
cm42a_207
improve 34 1776 3084 1760 1308 3.000000 0.300100 17.439531
4gt4-v0_72
original 0 258 453 255 195 3.000000 0.300100 0.018227
max46_240
original 0 27126 48405 27583 21279 3.000000 0.300100 1.958945
dc2_222
improve 13 9462 16769 10295 7299 3.000000 0.300100 342.964280
sym9_193
improve 0 34881 64014 38450 29082 3.000000 0.300100 18.208452
rd53_135
improve 0 296 515 321 219 3.000000 0.300100 0.028532
mod10_171
original 0 244 409 262 165 3.000000 0.300100 12.401410
ising_model_13
original 0 633 765 143 132 3.000000 0.300100 0.812096
adr4_197
improve 13 3439 6148 3552 2697 3.000000 0.300100 79.861045
4gt11_84
original 11 18 30 18 12 3.000000 0.300100 4.129953
4gt11_82
original 3 27 45 36 18 3.000000 0.300100 5.038702
wim_266
original 19 986 1667 916 681 3.000000 0.300100 16.066286
rd53_131
original 0 469 817 500 348 3.000000 0.300100 0.039604
mod8-10_177
original 4 440 734 446 294 3.000000 0.300100 0.731089
4gt10-v1_81
original 37 148 244 149 96 3.000000 0.300100 1.647796
alu-v1_28
original 17 37 61 39 24 3.000000 0.300100 33.145066
cnt3-5_179
improve 13 175 316 133 141 3.000000 0.300100 4.700847
square_root_7
original 0 7630 14005 7760 6375 3.000000 0.300100 3.642944
one-two-three-v1_99
original 44 132 219 132 87 3.000000 0.300100 240.916142
mini_alu_305
original 9 173 293 130 120 3.000000 0.300100 0.573856
rd53_311
improve 0 275 494 255 219 3.000000 0.300100 0.036071
3_17_13
original 0 36 57 38 21 3.000000 0.300100 72.781574
rd73_252
original 0 5321 9605 5571 4284 3.000000 0.300100 2.539619
4gt4-v0_80
original 3 179 302 181 123 3.000000 0.300100 0.308864
hwb7_59
original 0 24379 42736 25335 18357 3.000000 0.300100 5.400408
ham3_102
original 22 20 35 21 15 3.000000 0.300100 73.646373
cnt3-5_180
improve 22 485 839 425 354 3.000000 0.300100 17.407373
rd53_133
improve 0 580 1051 718 471 3.000000 0.300100 0.105725
4mod7-v0_94
original 32 162 267 161 105 3.000000 0.300100 3.894266
plus63mod4096_163
improve 0 128744 236724 145594 107835 3.000000 0.300100 46.848997
mini-alu_167
original 10 288 480 288 192 3.000000 0.300100 10.295533
root_255
original 0 17159 31040 17308 13881 3.000000 0.300100 1.542138
z4_268
improve 0 3073 5383 3177 2310 3.000000 0.300100 28.384787
majority_239
original 12 612 1038 626 426 3.000000 0.300100 1.086188
ex2_227
original 0 631 1105 654 474 3.000000 0.300100 0.048247
urf2_277
original 0 20112 37629 23203 17517 3.000000 0.300100 4.592214
one-two-three-v3_101
original 14 70 118 73 48 3.000000 0.300100 37.813609
4gt13_91
original 6 103 172 110 69 3.000000 0.300100 0.788862
4gt12-v1_89
original 4 228 378 225 150 3.000000 0.300100 0.624152
sqrt8_260
improve 0 3009 5400 3258 2391 3.000000 0.300100 41.462322
rd32-v0_66
original 1 34 52 33 18 3.000000 0.300100 13.981903
sym9_148
original 0 21504 38280 22921 16776 3.000000 0.300100 2.043165
4gt5_75
original 8 83 134 78 51 3.000000 0.300100 3.473240
0410184_169
original 53 211 352 180 141 3.000000 0.300100 358.130328
urf2_152
improve 0 80480 139973 82974 59490 3.000000 0.300100 4.952213
urf1_278
improve 0 54766 101383 61696 46584 3.000000 0.300100 15.321617
sym6_145
original 0 3888 6702 4144 2814 3.000000 0.300100 0.215287
alu-v2_32
original 5 163 268 165 105 3.000000 0.300100 14.206679
4gt12-v0_88
improve 3 194 329 198 135 3.000000 0.300100 0.326925
squar5_261
improve 34 1993 3529 2001 1536 3.000000 0.300100 13.266773
alu-v2_31
original 8 451 745 452 294 3.000000 0.300100 11.150166
hwb5_53
original 0 1336 2317 1450 981 3.000000 0.300100 0.070128
one-two-three-v2_100
original 5 69 117 77 48 3.000000 0.300100 43.689317
cycle10_2_110
original 0 6050 10940 6624 4890 3.000000 0.300100 0.460950
urf6_160
improve 0 171840 314321 183136 142413 3.000000 0.300100 31.633330
ising_model_10
original 0 480 651 110 171 3.000000 0.300100 1.981161
sys6-v0_111
improve 31 215 374 164 153 3.000000 0.300100 3.609820
plus63mod8192_164
improve 0 187112 348544 219208 161097 3.000000 0.300100 140.950841
mod5adder_127
original 0 555 930 557 375 3.000000 0.300100 0.113835
rd73_140
original 37 230 395 185 165 3.000000 0.300100 1.512866
4mod5-v1_23
original 8 69 120 82 51 3.000000 0.300100 8.267313
graycode6_47
original 0 5 29 13 24 3.000000 0.300100 0.020547
ising_model_16
improve 0 786 1062 198 213 3.000000 0.300100 42.932509
ham7_104
original 6 320 542 323 222 3.000000 0.300100 0.654869
ex-1_166
original 0 19 31 21 12 3.000000 0.300100 29.539160
decod24-v3_45
original 1 150 246 150 96 3.000000 0.300100 19.931203
urf4_187
improve 0 512064 914406 527043 402294 3.000000 0.300100 40.795335
life_238
improve 0 22445 40646 24385 18195 3.000000 0.300100 3.462476
con1_216
improve 0 954 1695 1009 741 3.000000 0.300100 0.078932
hwb6_56
improve 0 6723 11655 7155 4932 3.000000 0.300100 0.379246
mod10_176
original 37 178 295 178 117 3.000000 0.300100 10.786972
ex1_226
original 0 7 16 10 9 3.000000 0.300100 0.002463
sf_276
original 47 778 1285 777 507 3.000000 0.300100 1.708598
cm152a_212
improve 0 1221 2145 1296 924 3.000000 0.300100 0.109560
4gt12-v0_87
original 0 247 418 246 171 3.000000 0.300100 0.012763
decod24-enable_126
original 1 338 575 355 237 3.000000 0.300100 0.594418
radd_250
original 0 3213 5829 3447 2616 3.000000 0.300100 1.285725
pm1_249
improve 34 1776 3084 1760 1308 3.000000 0.300100 17.422497
sf_274
original 8 781 1282 757 501 3.000000 0.300100 1.752433
miller_11
original 0 50 86 59 36 3.000000 0.300100 12.020273
rd53_251
original 0 1291 2212 1363 921 3.000000 0.300100 0.081247
mlp4_245
original 14 18852 34500 20435 15648 3.000000 0.300100 692.731505
9symml_195
improve 0 34881 64014 38450 29082 3.000000 0.300100 18.184137
rd84_142
improve 46 343 586 243 243 3.000000 0.300100 69.346391
inc_237
original 0 10619 18938 11381 8319 3.000000 0.300100 70.786086
sqn_258
improve 0 10223 18281 10695 8058 3.000000 0.300100 0.830457
alu-v2_33
original 1 37 61 40 24 3.000000 0.300100 32.594366
sao2_257
original 0 38577 71337 39821 32760 3.000000 0.300100 7.816633
co14_215
improve 0 17936 33689 17960 15699 3.000000 0.300100 27.878096
decod24-v1_41
original 0 85 142 92 57 3.000000 0.300100 1.782476
4mod5-v0_20
original 2 20 29 18 9 3.000000 0.300100 39.643766
alu-v4_37
original 1 37 64 44 27 3.000000 0.300100 4.351091
urf3_155
improve 0 423488 744624 447485 321105 3.000000 0.300100 33.400399
misex1_241
improve 0 4813 8641 5206 3828 3.000000 0.300100 0.564013
alu-v0_27
original 57 36 63 39 27 3.000000 0.300100 4.194191
4mod5-v1_24
original 14 36 60 39 24 3.000000 0.300100 39.385088
4mod7-v1_96
improve 8 164 275 171 111 3.000000 0.300100 24.025509
cm82a_208
improve 0 650 1103 641 453 3.000000 0.300100 1.372645
ham15_107
original 2 8763 15768 9380 7005 3.000000 0.300100 1093.656671
0example
original 3 9 18 13 9 3.000000 0.300100 15.537949
dc1_220
improve 0 1914 3426 2000 1512 3.000000 0.300100 0.153146
4gt4-v1_74
original 0 273 468 290 195 3.000000 0.300100 0.020715
rd32-v1_68
original 1 36 54 33 18 3.000000 0.300100 13.531373
decod24-v0_38
original 15 51 84 53 33 3.000000 0.300100 10.806856
sym6_316
improve 0 270 507 283 237 3.000000 0.300100 0.028117
alu-v0_26
original 1 84 138 84 54 3.000000 0.300100 5.010098
clip_206
improve 0 33827 61930 36238 28095 3.000000 0.300100 5.438813
4mod5-v0_18
original 7 69 114 75 45 3.000000 0.300100 6.319326
cm85a_209
improve 0 11414 20906 12944 9486 3.000000 0.300100 2.049379
alu-v4_36
improve 17 115 193 122 78 3.000000 0.300100 35.135798
one-two-three-v0_97
original 5 290 473 297 183 3.000000 0.300100 2.232837
4gt13_90
original 13 107 179 113 72 3.000000 0.300100 0.777567
mod5d2_64
original 28 53 89 58 36 3.000000 0.300100 6.603759
ground_state_estimation_10
original 0 390180 466206 214590 76026 3.000000 0.300100 12.557280
C17_204
improve 0 467 839 504 372 3.000000 0.300100 0.150792
4gt13_92
original 17 66 111 62 45 3.000000 0.300100 52.219816
rd53_130
original 0 1043 1808 1046 765 3.000000 0.300100 0.091521
alu-v3_34
original 3 52 85 53 33 3.000000 0.300100 2.931241
decod24-bdd_294
original 0 73 118 73 45 3.000000 0.300100 0.005247
4gt5_76
original 1 91 148 95 57 3.000000 0.300100 2.006788
sym9_146
improve 14 328 592 282 264 3.000000 0.300100 3.854324
4mod5-v1_22
original 2 21 33 22 12 3.000000 0.300100 5.319802
rd32_270
original 12 84 135 81 51 3.000000 0.300100 3.085737
hwb4_49
original 1 233 389 239 156 3.000000 0.300100 1.455891
urf5_280
improve 0 49829 90458 55646 40629 3.000000 0.300100 3.934219
4gt5_77
original 19 131 215 130 84 3.000000 0.300100 40.311986
rd84_253
original 0 13658 24875 14263 11217 3.000000 0.300100 2.991730
4_49_16
improve 12 217 370 235 153 3.000000 0.300100 3.154917
qft_10
original 0 200 278 83 78 3.000000 0.300100 2.363071
4mod5-bdd_287
original 1 70 118 78 48 3.000000 0.300100 0.205670
qft_16
original 0 512 791 200 279 3.000000 0.300100 2.365569
urf1_149
improve 0 184864 325301 194032 140427 3.000000 0.300100 12.043131
urf5_158
original 0 164416 285097 168921 120681 3.000000 0.300100 9.785400
urf3_279
improve 0 125362 236098 144550 110655 3.000000 0.300100 32.607970
4gt12-v0_86
improve 0 251 428 258 177 3.000000 0.300100 0.048402
4gt4-v0_73
original 9 395 659 389 264 3.000000 0.300100 0.763761
alu-v1_29
original 0 37 64 44 27 3.000000 0.300100 4.231330
alu-bdd_288
original 42 84 141 83 57 3.000000 0.300100 0.611547
decod24-v2_43
original 1 52 85 55 33 3.000000 0.300100 3.238559
mod8-10_178
original 21 342 576 349 234 3.000000 0.300100 0.668467
one-two-three-v0_98
original 1 146 248 156 102 3.000000 0.300100 57.132639
4gt4-v0_78
original 16 235 397 250 162 3.000000 0.300100 0.422326
4mod5-v0_19
original 27 35 59 36 24 3.000000 0.300100 5.627067
alu-v2_30
original 0 504 885 539 381 3.000000 0.300100 0.034044
alu-v3_35
original 5 37 61 37 24 3.000000 0.300100 2.117406
dist_223
improve 0 38046 69189 39772 31128 3.000000 0.300100 5.486305
4gt4-v0_79
original 16 231 387 239 156 3.000000 0.300100 0.418778
hwb8_113
improve 0 69380 121634 74054 52236 3.000000 0.300100 7.174360
ex3_229
original 5 403 667 407 264 3.000000 0.300100 0.760176
xor5_254
original 0 7 16 10 9 3.000000 0.300100 0.002441
f2_232
original 7 1206 2037 1268 831 3.000000 0.300100 2.161753
time:23419.046417