rd53_138
original 19 132 216 108 84 5.000000 0.150100 0.612951
4gt13-v1_93
original 96 68 110 63 42 5.000000 0.150100 13.477855
mod5mils_65
original 0 35 56 34 21 5.000000 0.150100 4.246875
mod5d1_63
original 2 22 37 26 15 5.000000 0.150100 20.965367
sym10_262
original 0 64283 115235 68765 50952 5.000000 0.150100 12.890775
aj-e11_165
original 1 151 259 171 108 5.000000 0.150100 2.256209
hwb9_119
improve 0 207775 368211 225593 160380 5.000000 0.150100 20.460762
4gt11_83
original 1 23 35 26 12 5.000000 0.150100 4.191315
cm42a_207
original 2 1776 3066 1784 1290 5.000000 0.150100 14.358765
4gt4-v0_72
original 0 258 459 273 201 5.000000 0.150100 0.018424
max46_240
original 0 27126 48135 27799 21009 5.000000 0.150100 2.286231
dc2_222
improve 48 9462 16914 10153 7452 5.000000 0.150100 201.989490
sym9_193
original 0 34881 63288 37684 28407 5.000000 0.150100 10.844689
rd53_135
original 0 296 509 304 213 5.000000 0.150100 0.025401
mod10_171
original 10 244 406 244 162 5.000000 0.150100 12.857229
ising_model_13
improve 0 633 783 124 150 5.000000 0.150100 2.489735
adr4_197
improve 29 3439 6082 3530 2643 5.000000 0.150100 88.872106
4gt11_84
original 1 18 30 20 12 5.000000 0.150100 4.677174
4gt11_82
original 7 27 45 33 18 5.000000 0.150100 3.610924
wim_266
improve 4 986 1688 981 702 5.000000 0.150100 6.348871
rd53_131
improve 0 469 841 531 372 5.000000 0.150100 0.036134
mod8-10_177
original 4 440 737 466 297 5.000000 0.150100 0.717042
4gt10-v1_81
original 10 148 244 150 96 5.000000 0.150100 0.905324
alu-v1_28
original 32 37 58 34 21 5.000000 0.150100 26.908783
cnt3-5_179
original 2 175 319 127 144 5.000000 0.150100 5.609301
square_root_7
original 0 7630 13234 6928 5604 5.000000 0.150100 5.057193
one-two-three-v1_99
original 9 132 222 145 90 5.000000 0.150100 298.642190
mini_alu_305
improve 0 173 284 143 111 5.000000 0.150100 2.060332
rd53_311
original 0 275 500 238 225 5.000000 0.150100 0.070390
3_17_13
original 0 36 57 38 21 5.000000 0.150100 73.442944
rd73_252
improve 0 5321 9419 5651 4098 5.000000 0.150100 0.415741
4gt4-v0_80
original 6 179 299 188 120 5.000000 0.150100 0.302809
hwb7_59
original 0 24379 42268 25261 17889 5.000000 0.150100 1.454417
ham3_102
original 4 20 35 26 15 5.000000 0.150100 72.071002
cnt3-5_180
improve 19 485 824 396 339 5.000000 0.150100 8.178385
rd53_133
improve 0 580 1042 701 462 5.000000 0.150100 0.086686
4mod7-v0_94
original 7 162 258 156 96 5.000000 0.150100 3.709359
plus63mod4096_163
improve 0 128744 233881 146266 105051 5.000000 0.150100 33.279551
mini-alu_167
original 40 288 483 304 195 5.000000 0.150100 5.521789
root_255
original 0 17159 31298 17838 14139 5.000000 0.150100 4.557974
z4_268
improve 12 3073 5335 3088 2262 5.000000 0.150100 21.781639
majority_239
original 8 612 1032 639 420 5.000000 0.150100 1.057566
ex2_227
original 0 631 1069 651 438 5.000000 0.150100 0.054728
urf2_277
improve 0 20112 37302 23619 17160 5.000000 0.150100 9.100347
one-two-three-v3_101
original 1 70 118 76 48 5.000000 0.150100 32.009222
4gt13_91
original 0 103 172 106 69 5.000000 0.150100 0.746164
4gt12-v1_89
original 46 228 372 225 144 5.000000 0.150100 0.605180
sqrt8_260
improve 0 3009 5328 3177 2319 5.000000 0.150100 17.720196
rd32-v0_66
original 0 34 52 33 18 5.000000 0.150100 16.247851
sym9_148
original 0 21504 38052 23256 16548 5.000000 0.150100 3.015234
4gt5_75
original 4 83 140 85 57 5.000000 0.150100 3.360374
0410184_169
improve 18 211 361 208 150 5.000000 0.150100 182.571643
urf2_152
improve 0 80480 138983 83596 58503 5.000000 0.150100 4.843927
urf1_278
improve 0 54766 99963 61641 45180 5.000000 0.150100 7.835076
sym6_145
original 0 3888 6678 4156 2790 5.000000 0.150100 0.211840
alu-v2_32
original 13 163 271 164 108 5.000000 0.150100 10.228147
4gt12-v0_88
original 3 194 317 200 123 5.000000 0.150100 0.331040
squar5_261
improve 51 1993 3514 1997 1521 5.000000 0.150100 27.828431
alu-v2_31
original 3 451 754 473 303 5.000000 0.150100 8.372217
hwb5_53
original 0 1336 2272 1423 936 5.000000 0.150100 0.074893
one-two-three-v2_100
original 10 69 114 68 45 5.000000 0.150100 38.003898
cycle10_2_110
original 0 6050 10790 6524 4740 5.000000 0.150100 5.009598
urf6_160
improve 0 171840 315081 185449 143124 5.000000 0.150100 54.092084
ising_model_10
improve 0 480 618 108 138 5.000000 0.150100 1.174897
sys6-v0_111
improve 36 215 365 155 150 5.000000 0.150100 4.910469
plus63mod8192_164
improve 0 187112 346627 220619 159354 5.000000 0.150100 63.069663
mod5adder_127
original 0 555 954 590 399 5.000000 0.150100 0.083686
rd73_140
original 36 230 389 176 159 5.000000 0.150100 1.660481
4mod5-v1_23
original 2 69 120 79 51 5.000000 0.150100 5.945740
graycode6_47
original 0 5 29 13 24 5.000000 0.150100 0.021308
ising_model_16
improve 0 786 996 140 210 5.000000 0.150100 1.465045
ham7_104
original 35 320 560 358 240 5.000000 0.150100 0.704301
ex-1_166
original 0 19 31 21 12 5.000000 0.150100 30.311624
decod24-v3_45
original 9 150 243 147 93 5.000000 0.150100 35.766793
urf4_187
improve 0 512064 917719 523635 405582 5.000000 0.150100 53.290788
life_238
improve 0 22445 39915 24030 17466 5.000000 0.150100 2.083558
con1_216
improve 0 954 1674 1022 720 5.000000 0.150100 0.065887
hwb6_56
improve 0 6723 11694 7499 4971 5.000000 0.150100 0.371206
mod10_176
original 5 178 295 181 117 5.000000 0.150100 18.547230
ex1_226
original 0 7 13 9 6 5.000000 0.150100 0.001875
sf_276
improve 15 778 1306 795 528 5.000000 0.150100 1.938182
cm152a_212
improve 0 1221 2107 1279 882 5.000000 0.150100 0.923919
4gt12-v0_87
original 0 247 409 244 162 5.000000 0.150100 0.015391
decod24-enable_126
original 14 338 593 379 255 5.000000 0.150100 0.559558
radd_250
improve 0 3213 5781 3494 2568 5.000000 0.150100 0.249730
pm1_249
original 2 1776 3066 1784 1290 5.000000 0.150100 14.392123
sf_274
original 9 781 1300 810 519 5.000000 0.150100 2.098236
miller_11
original 109 50 77 50 27 5.000000 0.150100 12.446531
rd53_251
original 0 1291 2209 1328 918 5.000000 0.150100 0.082888
mlp4_245
improve 51 18852 34004 20211 15111 5.000000 0.150100 633.377889
9symml_195
original 0 34881 63288 37684 28407 5.000000 0.150100 10.858847
rd84_142
improve 50 343 589 228 246 5.000000 0.150100 23.302917
inc_237
improve 1 10619 18821 11578 8196 5.000000 0.150100 80.948857
sqn_258
original 0 10223 17894 10417 7671 5.000000 0.150100 3.494765
alu-v2_33
original 95 37 58 37 21 5.000000 0.150100 27.200804
sao2_257
original 0 38577 70725 39890 32148 5.000000 0.150100 13.385635
co14_215
improve 0 17936 33999 18509 16017 5.000000 0.150100 16.441400
decod24-v1_41
original 18 85 142 90 57 5.000000 0.150100 3.689049
4mod5-v0_20
original 2 20 29 18 9 5.000000 0.150100 40.556455
alu-v4_37
original 3 37 61 40 24 5.000000 0.150100 3.834421
urf3_155
improve 0 423488 748147 453754 324594 5.000000 0.150100 42.817443
misex1_241
original 0 4813 8458 5160 3645 5.000000 0.150100 0.416368
alu-v0_27
original 14 36 60 40 24 5.000000 0.150100 4.136272
4mod5-v1_24
original 14 36 60 39 24 5.000000 0.150100 40.265247
4mod7-v1_96
original 9 164 269 171 105 5.000000 0.150100 13.036238
cm82a_208
original 10 650 1112 662 462 5.000000 0.150100 1.421989
ham15_107
original 10 8763 15549 9232 6786 5.000000 0.150100 466.062864
0example
original 3 9 18 13 9 5.000000 0.150100 15.507192
dc1_220
original 0 1914 3354 1966 1440 5.000000 0.150100 0.164043
4gt4-v1_74
original 0 273 471 292 198 5.000000 0.150100 0.022451
rd32-v1_68
original 0 36 54 33 18 5.000000 0.150100 15.988344
decod24-v0_38
original 0 51 84 56 33 5.000000 0.150100 7.719300
sym6_316
original 0 270 504 267 234 5.000000 0.150100 0.071268
alu-v0_26
original 10 84 138 85 54 5.000000 0.150100 1.320364
clip_206
improve 0 33827 61112 36385 27237 5.000000 0.150100 11.835706
4mod5-v0_18
original 34 69 108 69 39 5.000000 0.150100 5.960788
cm85a_209
original 0 11414 20558 12503 9144 5.000000 0.150100 0.980789
alu-v4_36
improve 1 115 193 126 78 5.000000 0.150100 31.609136
one-two-three-v0_97
original 1 290 479 297 189 5.000000 0.150100 2.216936
4gt13_90
original 0 107 179 113 72 5.000000 0.150100 0.836481
mod5d2_64
original 7 53 86 58 33 5.000000 0.150100 5.488172
ground_state_estimation_10
improve 0 390180 462770 220252 72582 5.000000 0.150100 13.050778
C17_204
improve 0 467 827 507 360 5.000000 0.150100 0.145128
4gt13_92
original 3 66 111 74 45 5.000000 0.150100 32.028571
rd53_130
original 0 1043 1793 1055 750 5.000000 0.150100 0.060325
alu-v3_34
original 7 52 85 56 33 5.000000 0.150100 2.903389
decod24-bdd_294
original 0 73 115 71 42 5.000000 0.150100 0.006178
4gt5_76
original 1 91 151 98 60 5.000000 0.150100 2.206500
sym9_146
original 47 328 568 250 240 5.000000 0.150100 49.963429
4mod5-v1_22
original 2 21 33 22 12 5.000000 0.150100 5.451212
rd32_270
original 13 84 135 85 51 5.000000 0.150100 3.484762
hwb4_49
original 13 233 377 238 144 5.000000 0.150100 1.500875
urf5_280
original 0 49829 89573 54243 39744 5.000000 0.150100 5.851328
4gt5_77
original 3 131 215 140 84 5.000000 0.150100 44.963247
rd84_253
original 0 13658 24467 14258 10809 5.000000 0.150100 3.206693
4_49_16
original 3 217 367 234 150 5.000000 0.150100 2.691800
qft_10
improve 0 200 271 70 63 5.000000 0.150100 2.078840
4mod5-bdd_287
original 3 70 115 76 45 5.000000 0.150100 0.230604
qft_16
improve 0 512 955 251 267 5.000000 0.150100 39.998829
urf1_149
improve 0 184864 327523 198435 142635 5.000000 0.150100 12.432752
urf5_158
original 0 164416 284740 168021 120324 5.000000 0.150100 14.874785
urf3_279
improve 0 125362 232849 143404 107421 5.000000 0.150100 21.513525
4gt12-v0_86
original 0 251 419 258 168 5.000000 0.150100 0.052917
4gt4-v0_73
original 9 395 653 402 258 5.000000 0.150100 0.692114
alu-v1_29
original 14 37 61 40 24 5.000000 0.150100 4.092152
alu-bdd_288
original 2 84 144 92 60 5.000000 0.150100 0.630026
decod24-v2_43
original 1 52 85 55 33 5.000000 0.150100 3.572324
mod8-10_178
original 35 342 570 356 228 5.000000 0.150100 0.635342
one-two-three-v0_98
original 5 146 242 153 96 5.000000 0.150100 57.858892
4gt4-v0_78
original 9 235 394 246 159 5.000000 0.150100 0.395905
4mod5-v0_19
original 27 35 56 36 21 5.000000 0.150100 5.665388
alu-v2_30
original 0 504 858 517 354 5.000000 0.150100 0.032697
alu-v3_35
original 3 37 61 39 24 5.000000 0.150100 2.034178
dist_223
improve 0 38046 68421 39725 30360 5.000000 0.150100 5.677603
4gt4-v0_79
original 9 231 387 239 156 5.000000 0.150100 0.515708
hwb8_113
improve 0 69380 120497 74285 51114 5.000000 0.150100 4.940483
ex3_229
original 35 403 664 406 261 5.000000 0.150100 0.787211
xor5_254
original 0 7 13 9 6 5.000000 0.150100 0.001390
f2_232
improve 13 1206 2043 1244 837 5.000000 0.150100 2.360237
time:7147.925496:5885.590344