rd53_138
improve 21 132 213 113 81 2.000000 0.600000 0.479365
4gt13-v1_93
original 1 68 107 69 39 2.000000 0.600000 12.173899
mod5mils_65
original 27 35 53 34 18 2.000000 0.600000 3.398188
mod5d1_63
original 168 22 34 22 12 2.000000 0.600000 16.792069
sym10_262
improve 0 64283 119189 71359 54777 2.000000 0.600000 59.786773
aj-e11_165
original 1 151 241 153 90 2.000000 0.600000 2.327400
hwb9_119
improve 0 207775 374204 225403 166269 2.000000 0.600000 64.666355
4gt11_83
original 1 23 35 26 12 2.000000 0.600000 1.929817
cm42a_207
original 25 1776 3105 1805 1329 2.000000 0.600000 17.384658
4gt4-v0_72
original 0 258 450 259 192 2.000000 0.600000 0.018744
max46_240
improve 0 27126 49554 28660 22416 2.000000 0.600000 4.910725
dc2_222
original 12 9462 17178 10221 7716 2.000000 0.600000 319.193020
sym9_193
improve 0 34881 64333 38446 29415 2.000000 0.600000 13.116294
rd53_135
improve 0 296 530 329 234 2.000000 0.600000 0.031006
mod10_171
original 11 244 403 249 159 2.000000 0.600000 11.524067
ising_model_13
original 0 633 798 143 165 2.000000 0.600000 0.743423
adr4_197
improve 33 3439 6225 3585 2778 2.000000 0.600000 127.125308
4gt11_84
original 11 18 30 20 12 2.000000 0.600000 3.862741
4gt11_82
original 26 27 42 29 15 2.000000 0.600000 4.179996
wim_266
original 13 986 1715 957 729 2.000000 0.600000 47.692642
rd53_131
original 0 469 829 508 360 2.000000 0.600000 0.034417
mod8-10_177
original 4 440 731 446 291 2.000000 0.600000 0.666965
4gt10-v1_81
original 10 148 241 147 93 2.000000 0.600000 1.369815
alu-v1_28
original 41 37 58 37 21 2.000000 0.600000 23.026958
cnt3-5_179
original 6 175 313 124 138 2.000000 0.600000 4.243629
square_root_7
original 0 7630 14122 7888 6492 2.000000 0.600000 6.861012
one-two-three-v1_99
original 34 132 219 130 87 2.000000 0.600000 1414.596701
mini_alu_305
original 0 173 293 152 120 2.000000 0.600000 0.812719
rd53_311
original 0 275 494 236 219 2.000000 0.600000 0.071072
3_17_13
original 0 36 57 38 21 2.000000 0.600000 63.183391
rd73_252
original 0 5321 9650 5556 4329 2.000000 0.600000 2.404662
4gt4-v0_80
improve 6 179 302 203 123 2.000000 0.600000 0.300045
hwb7_59
improve 0 24379 43060 26192 18681 2.000000 0.600000 1.641710
ham3_102
original 5 20 32 22 12 2.000000 0.600000 65.547570
cnt3-5_180
improve 29 485 824 395 339 2.000000 0.600000 9.169834
rd53_133
original 0 580 1033 624 453 2.000000 0.600000 0.619608
4mod7-v0_94
original 9 162 264 165 102 2.000000 0.600000 4.336367
plus63mod4096_163
original 0 128744 237764 143153 109020 2.000000 0.600000 140.248104
mini-alu_167
improve 13 288 480 286 192 2.000000 0.600000 4.546815
root_255
improve 0 17159 31540 18219 14352 2.000000 0.600000 8.528148
z4_268
original 2 3073 5464 3159 2391 2.000000 0.600000 49.864322
majority_239
original 4 612 1062 646 450 2.000000 0.600000 1.272589
ex2_227
improve 0 631 1099 685 468 2.000000 0.600000 0.050796
urf2_277
original 0 20112 37632 23166 17520 2.000000 0.600000 3.517299
one-two-three-v3_101
original 77 70 115 71 45 2.000000 0.600000 35.131829
4gt13_91
original 6 103 169 106 66 2.000000 0.600000 0.697310
4gt12-v1_89
improve 1 228 381 250 153 2.000000 0.600000 0.594150
sqrt8_260
original 32 3009 5379 3236 2370 2.000000 0.600000 89.260851
rd32-v0_66
original 1 34 52 33 18 2.000000 0.600000 12.798497
sym9_148
improve 0 21504 38418 23682 16905 2.000000 0.600000 4.108361
4gt5_75
original 34 83 137 87 54 2.000000 0.600000 10.014082
0410184_169
original 53 211 355 186 144 2.000000 0.600000 573.321908
urf2_152
improve 0 80480 139778 83951 59298 2.000000 0.600000 4.847988
urf1_278
original 0 54766 101929 61684 47163 2.000000 0.600000 6.840800
sym6_145
original 0 3888 6756 4130 2868 2.000000 0.600000 0.257066
alu-v2_32
improve 13 163 271 163 108 2.000000 0.600000 45.119911
4gt12-v0_88
original 0 194 323 196 129 2.000000 0.600000 0.283590
squar5_261
improve 23 1993 3499 1958 1506 2.000000 0.600000 27.087931
alu-v2_31
original 1 451 742 444 291 2.000000 0.600000 6.304909
hwb5_53
improve 0 1336 2266 1404 930 2.000000 0.600000 0.064889
one-two-three-v2_100
original 96 69 111 68 42 2.000000 0.600000 36.880536
cycle10_2_110
original 0 6050 11090 6668 5040 2.000000 0.600000 7.401965
urf6_160
improve 0 171840 316931 185764 144981 2.000000 0.600000 50.839713
ising_model_10
original 0 480 633 110 153 2.000000 0.600000 0.965443
sys6-v0_111
original 37 215 353 150 138 2.000000 0.600000 3.981056
plus63mod8192_164
improve 0 187112 350875 220153 163443 2.000000 0.600000 105.537434
mod5adder_127
original 0 555 945 556 390 2.000000 0.600000 0.082664
rd73_140
improve 37 230 371 187 141 2.000000 0.600000 2.882901
4mod5-v1_23
original 75 69 114 74 45 2.000000 0.600000 10.197974
graycode6_47
original 0 5 29 13 24 2.000000 0.600000 0.017791
ising_model_16
original 0 786 999 176 213 2.000000 0.600000 81.972338
ham7_104
original 0 320 557 337 237 2.000000 0.600000 0.799223
ex-1_166
original 0 19 28 18 9 2.000000 0.600000 25.872819
decod24-v3_45
original 9 150 243 145 93 2.000000 0.600000 12.755281
urf4_187
improve 0 512064 923559 531471 411324 2.000000 0.600000 78.569115
life_238
original 0 22445 41105 24429 18660 2.000000 0.600000 6.753542
con1_216
original 0 954 1734 977 780 2.000000 0.600000 0.066036
hwb6_56
improve 0 6723 11868 7419 5145 2.000000 0.600000 0.447000
mod10_176
original 11 178 292 172 114 2.000000 0.600000 19.308002
ex1_226
original 0 7 16 11 9 2.000000 0.600000 0.002307
sf_276
improve 1 778 1294 839 516 2.000000 0.600000 1.795537
cm152a_212
original 0 1221 2181 1329 960 2.000000 0.600000 0.219296
4gt12-v0_87
original 0 247 418 249 171 2.000000 0.600000 0.019511
decod24-enable_126
improve 6 338 569 348 231 2.000000 0.600000 0.642045
radd_250
original 0 3213 5841 3453 2628 2.000000 0.600000 8.883918
pm1_249
original 25 1776 3105 1805 1329 2.000000 0.600000 17.821306
sf_274
original 24 781 1300 764 519 2.000000 0.600000 26.475657
miller_11
original 0 50 77 50 27 2.000000 0.600000 10.593440
rd53_251
improve 0 1291 2302 1461 1011 2.000000 0.600000 0.082798
mlp4_245
improve 12 18852 34926 20721 15939 2.000000 0.600000 1451.022596
9symml_195
improve 0 34881 64333 38446 29415 2.000000 0.600000 12.751687
rd84_142
improve 49 343 577 225 234 2.000000 0.600000 24.921194
inc_237
improve 10 10619 19010 11295 8388 2.000000 0.600000 171.803106
sqn_258
improve 0 10223 18311 10685 8070 2.000000 0.600000 4.182662
alu-v2_33
original 1 37 61 40 24 2.000000 0.600000 23.019076
sao2_257
improve 0 38577 72153 41921 33522 2.000000 0.600000 22.533643
co14_215
original 0 17936 34235 18142 16299 2.000000 0.600000 26.771070
decod24-v1_41
original 17 85 136 85 51 2.000000 0.600000 3.659762
4mod5-v0_20
original 2 20 29 18 9 2.000000 0.600000 36.368201
alu-v4_37
original 1 37 61 41 24 2.000000 0.600000 8.321406
urf3_155
improve 0 423488 747927 444021 324393 2.000000 0.600000 33.416641
misex1_241
improve 0 4813 8611 5253 3798 2.000000 0.600000 0.437510
alu-v0_27
original 0 36 60 41 24 2.000000 0.600000 8.237910
4mod5-v1_24
original 14 36 60 38 24 2.000000 0.600000 34.645156
4mod7-v1_96
improve 2 164 272 175 108 2.000000 0.600000 16.824287
cm82a_208
improve 6 650 1115 673 465 2.000000 0.600000 1.392495
ham15_107
improve 23 8763 15738 9444 6960 2.000000 0.600000 954.896321
0example
original 3 9 18 13 9 2.000000 0.600000 13.210439
dc1_220
original 0 1914 3414 1956 1500 2.000000 0.600000 0.114482
4gt4-v1_74
original 0 273 462 282 189 2.000000 0.600000 0.015002
rd32-v1_68
original 1 36 54 33 18 2.000000 0.600000 12.856526
decod24-v0_38
original 9 51 81 52 30 2.000000 0.600000 16.943774
sym6_316
improve 0 270 546 312 276 2.000000 0.600000 0.041958
alu-v0_26
original 7 84 135 84 51 2.000000 0.600000 5.183629
clip_206
improve 0 33827 62439 36806 28512 2.000000 0.600000 41.305542
4mod5-v0_18
original 8 69 111 71 42 2.000000 0.600000 10.289329
cm85a_209
improve 0 11414 20988 12791 9564 2.000000 0.600000 2.949446
alu-v4_36
improve 32 115 187 119 72 2.000000 0.600000 30.742299
one-two-three-v0_97
original 5 290 476 294 186 2.000000 0.600000 2.028501
4gt13_90
original 6 107 173 111 66 2.000000 0.600000 0.761608
mod5d2_64
original 17 53 86 56 33 2.000000 0.600000 5.071141
ground_state_estimation_10
improve 0 390180 472302 227215 82122 2.000000 0.600000 10.911072
C17_204
improve 0 467 824 489 357 2.000000 0.600000 0.133269
4gt13_92
original 95 66 108 68 42 2.000000 0.600000 39.416599
rd53_130
original 0 1043 1802 1052 759 2.000000 0.600000 0.087820
alu-v3_34
original 41 52 82 51 30 2.000000 0.600000 2.516838
decod24-bdd_294
original 0 73 124 75 51 2.000000 0.600000 0.006950
4gt5_76
original 1 91 145 91 54 2.000000 0.600000 1.698672
sym9_146
improve 0 328 571 264 243 2.000000 0.600000 5.690403
4mod5-v1_22
original 2 21 30 19 9 2.000000 0.600000 4.905742
rd32_270
original 34 84 132 80 48 2.000000 0.600000 2.804674
hwb4_49
improve 55 233 377 235 144 2.000000 0.600000 1.275168
urf5_280
original 0 49829 91013 54690 41184 2.000000 0.600000 4.598826
4gt5_77
original 8 131 218 127 87 2.000000 0.600000 56.251225
rd84_253
improve 0 13658 25233 14552 11499 2.000000 0.600000 37.596443
4_49_16
original 64 217 355 225 138 2.000000 0.600000 3.006351
qft_10
improve 0 200 260 72 60 2.000000 0.600000 0.102610
4mod5-bdd_287
original 47 70 112 73 42 2.000000 0.600000 0.225058
qft_16
improve 0 512 900 234 261 2.000000 0.600000 24.186671
urf1_149
improve 0 184864 325735 191917 140850 2.000000 0.600000 15.228179
urf5_158
improve 0 164416 285976 166637 121560 2.000000 0.600000 10.395593
urf3_279
improve 0 125362 238880 145812 113430 2.000000 0.600000 41.412390
4gt12-v0_86
original 0 251 431 256 180 2.000000 0.600000 0.049095
4gt4-v0_73
original 9 395 647 398 252 2.000000 0.600000 0.709817
alu-v1_29
original 76 37 61 41 24 2.000000 0.600000 9.572379
alu-bdd_288
original 35 84 141 87 57 2.000000 0.600000 0.564135
decod24-v2_43
original 0 52 82 52 30 2.000000 0.600000 11.807669
mod8-10_178
improve 1 342 576 365 234 2.000000 0.600000 0.615298
one-two-three-v0_98
improve 1 146 239 149 93 2.000000 0.600000 49.686188
4gt4-v0_78
original 6 235 397 247 162 2.000000 0.600000 0.491363
4mod5-v0_19
original 27 35 53 34 18 2.000000 0.600000 4.884642
alu-v2_30
improve 0 504 864 511 360 2.000000 0.600000 0.029095
alu-v3_35
original 7 37 58 33 21 2.000000 0.600000 1.750847
dist_223
original 0 38046 70017 39477 31971 2.000000 0.600000 30.692909
4gt4-v0_79
original 9 231 384 238 153 2.000000 0.600000 0.490432
hwb8_113
original 0 69380 123539 73540 54159 2.000000 0.600000 4.962153
ex3_229
improve 1 403 673 448 270 2.000000 0.600000 0.879202
xor5_254
original 0 7 16 11 9 2.000000 0.600000 0.001299
f2_232
improve 2 1206 2052 1286 846 2.000000 0.600000 2.554581
time:43702.288315