rd53_138
improve 24 132 216 125 84 1.000000 0.100100 0.530792
4gt13-v1_93
original 96 68 107 61 39 1.000000 0.100100 13.312639
mod5mils_65
original 0 35 59 35 24 1.000000 0.100100 3.716344
mod5d1_63
original 2 22 37 26 15 1.000000 0.100100 22.091252
sym10_262
improve 0 64283 121750 73859 57306 1.000000 0.100100 67.872052
aj-e11_165
original 5 151 259 166 108 1.000000 0.100100 1.787945
hwb9_119
improve 0 207775 386125 237979 178209 1.000000 0.100100 41.730931
4gt11_83
original 1 23 35 26 12 1.000000 0.100100 4.034627
cm42a_207
improve 48 1776 3225 1912 1449 1.000000 0.100100 10.420002
4gt4-v0_72
original 0 258 468 295 210 1.000000 0.100100 0.019607
max46_240
improve 0 27126 50314 29773 23163 1.000000 0.100100 8.230939
dc2_222
original 53 9462 17646 11047 8184 1.000000 0.100100 564.843357
sym9_193
original 0 34881 65883 39783 31002 1.000000 0.100100 10.878039
rd53_135
original 0 296 536 343 240 1.000000 0.100100 0.030539
mod10_171
original 6 244 412 266 168 1.000000 0.100100 12.535177
ising_model_13
original 0 633 792 143 159 1.000000 0.100100 0.762118
adr4_197
improve 47 3439 6434 3827 2979 1.000000 0.100100 210.395317
4gt11_84
original 1 18 30 20 12 1.000000 0.100100 4.521313
4gt11_82
original 26 27 42 30 15 1.000000 0.100100 3.118183
wim_266
improve 46 986 1751 1022 765 1.000000 0.100100 20.908796
rd53_131
original 0 469 853 527 384 1.000000 0.100100 0.036417
mod8-10_177
original 4 440 761 485 321 1.000000 0.100100 0.772640
4gt10-v1_81
original 40 148 256 157 108 1.000000 0.100100 1.213760
alu-v1_28
original 32 37 58 34 21 1.000000 0.100100 29.100763
cnt3-5_179
original 14 175 319 126 144 1.000000 0.100100 7.876707
square_root_7
original 0 7630 14152 8015 6522 1.000000 0.100100 9.197987
one-two-three-v1_99
original 9 132 225 142 93 1.000000 0.100100 179.433553
mini_alu_305
improve 7 173 290 144 117 1.000000 0.100100 2.700007
rd53_311
original 0 275 527 273 252 1.000000 0.100100 3.490879
3_17_13
original 2 36 57 37 21 1.000000 0.100100 69.546210
rd73_252
improve 0 5321 9900 6010 4569 1.000000 0.100100 2.095460
4gt4-v0_80
original 3 179 302 196 123 1.000000 0.100100 0.312168
hwb7_59
original 0 24379 44188 27010 19809 1.000000 0.100100 1.838437
ham3_102
original 0 20 32 23 12 1.000000 0.100100 67.691406
cnt3-5_180
original 22 485 857 436 372 1.000000 0.100100 31.845574
rd53_133
original 0 580 1054 658 474 1.000000 0.100100 0.042039
4mod7-v0_94
original 32 162 267 164 105 1.000000 0.100100 4.702968
plus63mod4096_163
improve 0 128744 245195 153696 116256 1.000000 0.100100 67.913423
mini-alu_167
original 64 288 477 287 189 1.000000 0.100100 7.560984
root_255
improve 0 17159 32575 19205 15321 1.000000 0.100100 26.686680
z4_268
improve 1 3073 5605 3410 2532 1.000000 0.100100 55.104954
majority_239
improve 9 612 1086 680 474 1.000000 0.100100 1.682813
ex2_227
improve 0 631 1120 693 489 1.000000 0.100100 0.042351
urf2_277
improve 0 20112 38943 24912 18831 1.000000 0.100100 2.152174
one-two-three-v3_101
original 3 70 118 77 48 1.000000 0.100100 36.599970
4gt13_91
original 40 103 172 114 69 1.000000 0.100100 1.254749
4gt12-v1_89
original 2 228 390 242 162 1.000000 0.100100 0.637040
sqrt8_260
improve 4 3009 5592 3461 2583 1.000000 0.100100 58.329471
rd32-v0_66
original 16 34 52 34 18 1.000000 0.100100 23.727485
sym9_148
improve 0 21504 40335 25543 18813 1.000000 0.100100 5.705617
4gt5_75
improve 8 83 146 95 63 1.000000 0.100100 8.256538
0410184_169
improve 18 211 385 211 174 1.000000 0.100100 199.247918
urf2_152
improve 0 80480 143147 88346 62667 1.000000 0.100100 5.152592
urf1_278
original 0 54766 105190 65612 50424 1.000000 0.100100 10.350301
sym6_145
improve 0 3888 6939 4472 3051 1.000000 0.100100 0.284163
alu-v2_32
original 11 163 277 173 114 1.000000 0.100100 12.096199
4gt12-v0_88
original 16 194 326 193 132 1.000000 0.100100 0.323506
squar5_261
improve 36 1993 3628 2101 1635 1.000000 0.100100 48.864605
alu-v2_31
improve 34 451 754 461 303 1.000000 0.100100 16.044447
hwb5_53
original 0 1336 2350 1476 1014 1.000000 0.100100 0.117647
one-two-three-v2_100
original 13 69 117 73 48 1.000000 0.100100 37.934374
cycle10_2_110
original 0 6050 11375 6969 5325 1.000000 0.100100 2.051786
urf6_160
original 0 171840 324417 189591 152577 1.000000 0.100100 91.864879
ising_model_10
original 0 480 609 110 129 1.000000 0.100100 1.069845
sys6-v0_111
improve 36 215 350 154 135 1.000000 0.100100 3.310138
plus63mod8192_164
improve 0 187112 364294 235104 176931 1.000000 0.100100 85.650450
mod5adder_127
original 0 555 978 613 423 1.000000 0.100100 0.089864
rd73_140
original 37 230 371 178 141 1.000000 0.100100 2.549929
4mod5-v1_23
original 34 69 114 76 45 1.000000 0.100100 6.115445
graycode6_47
original 0 5 29 13 24 1.000000 0.100100 0.018217
ising_model_16
original 0 786 1140 176 354 1.000000 0.100100 220.463364
ham7_104
improve 0 320 575 367 255 1.000000 0.100100 0.876977
ex-1_166
original 4 19 28 18 9 1.000000 0.100100 26.058083
decod24-v3_45
original 9 150 246 149 96 1.000000 0.100100 47.634717
urf4_187
original 0 512064 952254 542337 440190 1.000000 0.100100 111.309845
life_238
improve 0 22445 42110 25888 19635 1.000000 0.100100 8.090098
con1_216
original 0 954 1764 1048 810 1.000000 0.100100 0.095101
hwb6_56
improve 0 6723 12330 7799 5607 1.000000 0.100100 0.440990
mod10_176
original 11 178 298 190 120 1.000000 0.100100 18.735933
ex1_226
original 0 7 13 9 6 1.000000 0.100100 0.001799
sf_276
improve 47 778 1333 835 555 1.000000 0.100100 2.106585
cm152a_212
improve 0 1221 2259 1409 1038 1.000000 0.100100 0.123097
4gt12-v0_87
improve 0 247 457 288 210 1.000000 0.100100 0.018247
decod24-enable_126
original 1 338 581 366 243 1.000000 0.100100 3.390788
radd_250
improve 0 3213 6108 3792 2868 1.000000 0.100100 12.948847
pm1_249
improve 48 1776 3225 1912 1449 1.000000 0.100100 10.648069
sf_274
original 2 781 1333 843 552 1.000000 0.100100 5.528362
miller_11
original 109 50 77 50 27 1.000000 0.100100 34.070072
rd53_251
original 0 1291 2347 1452 1056 1.000000 0.100100 0.101279
mlp4_245
original 24 18852 35754 21469 16902 1.000000 0.100100 1228.156646
9symml_195
original 0 34881 65883 39783 31002 1.000000 0.100100 11.049047
rd84_142
improve 47 343 601 234 258 1.000000 0.100100 47.892456
inc_237
original 2 10619 19751 11909 9132 1.000000 0.100100 154.472347
sqn_258
improve 0 10223 18864 11352 8625 1.000000 0.100100 3.889519
alu-v2_33
original 1 37 61 40 24 1.000000 0.100100 25.594987
sao2_257
improve 0 38577 74866 44837 36234 1.000000 0.100100 16.159334
co14_215
original 0 17936 35234 18893 17298 1.000000 0.100100 42.111467
decod24-v1_41
original 0 85 145 92 60 1.000000 0.100100 3.711782
4mod5-v0_20
original 2 20 29 18 9 1.000000 0.100100 39.629790
alu-v4_37
original 5 37 64 40 27 1.000000 0.100100 7.673602
urf3_155
improve 0 423488 764667 467846 341037 1.000000 0.100100 63.855087
misex1_241
original 0 4813 8833 5358 4020 1.000000 0.100100 0.509649
alu-v0_27
original 89 36 60 36 24 1.000000 0.100100 7.625684
4mod5-v1_24
original 2 36 60 39 24 1.000000 0.100100 34.928604
4mod7-v1_96
original 8 164 269 171 105 1.000000 0.100100 11.879923
cm82a_208
improve 4 650 1139 667 489 1.000000 0.100100 2.804779
ham15_107
improve 3 8763 16273 10128 7506 1.000000 0.100100 606.774884
0example
original 37 9 21 12 12 1.000000 0.100100 15.773525
dc1_220
improve 0 1914 3498 2138 1584 1.000000 0.100100 0.139167
4gt4-v1_74
original 0 273 477 301 204 1.000000 0.100100 0.027285
rd32-v1_68
original 16 36 54 34 18 1.000000 0.100100 15.194132
decod24-v0_38
original 1 51 81 53 30 1.000000 0.100100 7.058561
sym6_316
improve 0 270 540 299 270 1.000000 0.100100 0.079370
alu-v0_26
original 9 84 138 85 54 1.000000 0.100100 1.243348
clip_206
improve 0 33827 64708 38837 30828 1.000000 0.100100 17.257390
4mod5-v0_18
original 32 69 111 70 42 1.000000 0.100100 5.971536
cm85a_209
improve 0 11414 21777 13603 10338 1.000000 0.100100 8.924804
alu-v4_36
original 8 115 196 120 81 1.000000 0.100100 31.121433
one-two-three-v0_97
original 1 290 488 299 198 1.000000 0.100100 3.483060
4gt13_90
original 40 107 179 121 72 1.000000 0.100100 1.288930
mod5d2_64
original 7 53 86 58 33 1.000000 0.100100 7.758580
ground_state_estimation_10
improve 0 390180 516393 267615 126189 1.000000 0.100100 19.150037
C17_204
original 0 467 869 544 402 1.000000 0.100100 0.145677
4gt13_92
original 1 66 114 75 48 1.000000 0.100100 29.496039
rd53_130
original 0 1043 1904 1168 861 1.000000 0.100100 0.072173
alu-v3_34
original 7 52 85 56 33 1.000000 0.100100 3.972224
decod24-bdd_294
original 0 73 118 76 45 1.000000 0.100100 0.005437
4gt5_76
original 1 91 154 108 63 1.000000 0.100100 1.821502
sym9_146
original 46 328 577 298 249 1.000000 0.100100 3.597625
4mod5-v1_22
original 2 21 30 19 9 1.000000 0.100100 5.213278
rd32_270
original 12 84 138 83 54 1.000000 0.100100 3.386075
hwb4_49
original 5 233 398 262 165 1.000000 0.100100 1.522301
urf5_280
improve 0 49829 93422 58954 43575 1.000000 0.100100 8.962419
4gt5_77
original 8 131 221 130 90 1.000000 0.100100 41.979978
rd84_253
improve 0 13658 25733 15290 12060 1.000000 0.100100 6.185570
4_49_16
original 12 217 364 231 147 1.000000 0.100100 2.850866
qft_10
original 0 200 320 124 120 1.000000 0.100100 1.206900
4mod5-bdd_287
original 1 70 115 76 45 1.000000 0.100100 0.250925
qft_16
improve 0 512 877 242 330 1.000000 0.100100 6.371731
urf1_149
improve 0 184864 334039 202903 149154 1.000000 0.100100 12.889202
urf5_158
improve 0 164416 293521 179306 129084 1.000000 0.100100 15.508970
urf3_279
improve 0 125362 244609 152894 119184 1.000000 0.100100 20.500413
4gt12-v0_86
improve 0 251 461 296 210 1.000000 0.100100 0.052715
4gt4-v0_73
original 16 395 674 415 279 1.000000 0.100100 0.817018
alu-v1_29
original 89 37 61 36 24 1.000000 0.100100 7.630149
alu-bdd_288
original 17 84 138 86 54 1.000000 0.100100 0.649854
decod24-v2_43
original 19 52 85 55 33 1.000000 0.100100 8.521230
mod8-10_178
original 35 342 591 375 249 1.000000 0.100100 0.679850
one-two-three-v0_98
original 11 146 245 154 99 1.000000 0.100100 48.351586
4gt4-v0_78
original 6 235 406 264 171 1.000000 0.100100 0.555941
4mod5-v0_19
original 27 35 56 36 21 1.000000 0.100100 6.570615
alu-v2_30
original 0 504 891 551 387 1.000000 0.100100 0.033843
alu-v3_35
original 3 37 61 40 24 1.000000 0.100100 41.313776
dist_223
improve 0 38046 72027 42512 33891 1.000000 0.100100 28.677227
4gt4-v0_79
original 6 231 402 260 171 1.000000 0.100100 0.555984
hwb8_113
improve 0 69380 126203 78887 56778 1.000000 0.100100 15.661085
ex3_229
original 0 403 706 448 303 1.000000 0.100100 0.881695
xor5_254
original 0 7 13 9 6 1.000000 0.100100 0.001935
f2_232
improve 14 1206 2124 1302 918 1.000000 0.100100 2.445127
time:5564.546988