rd53_138
original 33 132 216 102 84 5.000000 1.000000 0.492596
4gt13-v1_93
original 12 68 110 64 42 5.000000 1.000000 13.253843
mod5mils_65
original 0 35 56 34 21 5.000000 1.000000 3.812670
mod5d1_63
original 2 22 37 26 15 5.000000 1.000000 16.567204
sym10_262
original 0 64283 115826 69327 51543 5.000000 1.000000 15.918354
aj-e11_165
original 10 151 253 151 102 5.000000 1.000000 2.585785
hwb9_119
original 0 207775 368818 224340 161043 5.000000 1.000000 23.329161
4gt11_83
original 1 23 35 26 12 5.000000 1.000000 3.658895
cm42a_207
improve 22 1776 3042 1725 1266 5.000000 1.000000 13.296260
4gt4-v0_72
original 0 258 450 267 192 5.000000 1.000000 0.017818
max46_240
original 0 27126 47898 27604 20772 5.000000 1.000000 2.330831
dc2_222
improve 41 9462 16944 10142 7482 5.000000 1.000000 203.582377
sym9_193
improve 0 34881 63900 39838 28902 5.000000 1.000000 37.528028
rd53_135
original 0 296 518 304 222 5.000000 1.000000 0.025525
mod10_171
original 0 244 409 251 165 5.000000 1.000000 11.759139
ising_model_13
improve 0 633 783 121 150 5.000000 1.000000 2.248187
adr4_197
original 36 3439 6085 3527 2646 5.000000 1.000000 52.350944
4gt11_84
original 11 18 30 18 12 5.000000 1.000000 4.014301
4gt11_82
original 26 27 42 29 15 5.000000 1.000000 4.956070
wim_266
improve 51 986 1686 945 693 5.000000 1.000000 7.123584
rd53_131
original 0 469 826 512 357 5.000000 1.000000 0.033861
mod8-10_177
original 29 440 734 469 294 5.000000 1.000000 0.700253
4gt10-v1_81
original 40 148 244 153 96 5.000000 1.000000 1.593568
alu-v1_28
original 1 37 61 41 24 5.000000 1.000000 25.442348
cnt3-5_179
improve 14 175 310 119 135 5.000000 1.000000 5.086756
square_root_7
improve 0 7630 13594 7463 5964 5.000000 1.000000 1.007493
one-two-three-v1_99
original 32 132 216 135 84 5.000000 1.000000 224.644330
mini_alu_305
improve 0 173 290 145 117 5.000000 1.000000 2.863985
rd53_311
improve 0 275 518 269 243 5.000000 1.000000 0.033993
3_17_13
original 0 36 57 38 21 5.000000 1.000000 68.952189
rd73_252
improve 0 5321 9554 5722 4233 5.000000 1.000000 0.373403
4gt4-v0_80
original 11 179 293 188 114 5.000000 1.000000 0.316299
hwb7_59
original 0 24379 42349 25355 17970 5.000000 1.000000 1.406560
ham3_102
original 2 20 35 21 15 5.000000 1.000000 69.450934
cnt3-5_180
original 22 485 827 423 342 5.000000 1.000000 5.849086
rd53_133
original 0 580 1015 624 435 5.000000 1.000000 0.047337
4mod7-v0_94
original 59 162 264 160 102 5.000000 1.000000 3.899616
plus63mod4096_163
improve 0 128744 235486 145739 106632 5.000000 1.000000 46.358247
mini-alu_167
original 5 288 486 296 198 5.000000 1.000000 9.874618
root_255
original 0 17159 30971 17428 13812 5.000000 1.000000 3.561486
z4_268
improve 12 3073 5407 3135 2334 5.000000 1.000000 20.829547
majority_239
original 8 612 1035 649 423 5.000000 1.000000 1.016203
ex2_227
original 0 631 1069 647 438 5.000000 1.000000 0.042002
urf2_277
improve 0 20112 37257 24327 17145 5.000000 1.000000 1.569685
one-two-three-v3_101
original 17 70 115 71 45 5.000000 1.000000 35.434959
4gt13_91
original 2 103 178 119 75 5.000000 1.000000 0.734674
4gt12-v1_89
improve 5 228 384 260 156 5.000000 1.000000 0.598974
sqrt8_260
improve 13 3009 5292 3192 2283 5.000000 1.000000 29.907705
rd32-v0_66
original 0 34 52 34 18 5.000000 1.000000 13.245944
sym9_148
improve 0 21504 38274 23580 16770 5.000000 1.000000 1.346729
4gt5_75
original 8 83 131 80 48 5.000000 1.000000 3.419918
0410184_169
original 102 211 355 187 144 5.000000 1.000000 232.860399
urf2_152
original 0 80480 139535 83802 59055 5.000000 1.000000 4.613317
urf1_278
original 0 54766 100102 61388 45336 5.000000 1.000000 10.209038
sym6_145
original 0 3888 6699 4139 2811 5.000000 1.000000 0.207748
alu-v2_32
original 5 163 268 167 105 5.000000 1.000000 4.112116
4gt12-v0_88
original 11 194 320 202 126 5.000000 1.000000 0.322799
squar5_261
improve 16 1993 3514 2043 1521 5.000000 1.000000 20.478103
alu-v2_31
original 29 451 745 462 294 5.000000 1.000000 6.499057
hwb5_53
original 0 1336 2233 1399 897 5.000000 1.000000 0.069202
one-two-three-v2_100
original 96 69 111 68 42 5.000000 1.000000 41.107070
cycle10_2_110
original 0 6050 10784 6623 4734 5.000000 1.000000 0.818804
urf6_160
improve 0 171840 314872 183147 142941 5.000000 1.000000 35.576104
ising_model_10
improve 0 480 648 115 168 5.000000 1.000000 2.401839
sys6-v0_111
improve 34 215 359 151 144 5.000000 1.000000 3.507275
plus63mod8192_164
improve 0 187112 348936 221678 161631 5.000000 1.000000 56.349931
mod5adder_127
improve 0 555 978 602 423 5.000000 1.000000 0.088212
rd73_140
original 15 230 389 196 159 5.000000 1.000000 1.312147
4mod5-v1_23
original 34 69 117 77 48 5.000000 1.000000 4.513377
graycode6_47
original 0 5 29 13 24 5.000000 1.000000 0.018924
ising_model_16
improve 0 786 1073 190 279 5.000000 1.000000 2.040548
ham7_104
original 0 320 539 348 219 5.000000 1.000000 0.652471
ex-1_166
original 0 19 31 21 12 5.000000 1.000000 28.226606
decod24-v3_45
original 33 150 240 144 90 5.000000 1.000000 49.175171
urf4_187
improve 0 512064 905323 514444 393216 5.000000 1.000000 41.876822
life_238
original 0 22445 40067 24076 17622 5.000000 1.000000 3.486665
con1_216
improve 0 954 1641 979 687 5.000000 1.000000 0.057223
hwb6_56
improve 0 6723 11676 7333 4953 5.000000 1.000000 0.353319
mod10_176
original 5 178 292 177 114 5.000000 1.000000 18.916442
ex1_226
original 0 7 16 10 9 5.000000 1.000000 0.002627
sf_276
improve 11 778 1297 895 519 5.000000 1.000000 1.806607
cm152a_212
original 0 1221 2211 1380 990 5.000000 1.000000 0.114914
4gt12-v0_87
original 0 247 409 243 162 5.000000 1.000000 0.018505
decod24-enable_126
original 29 338 581 353 243 5.000000 1.000000 0.529373
radd_250
original 0 3213 5757 3432 2544 5.000000 1.000000 0.271262
pm1_249
improve 22 1776 3042 1725 1266 5.000000 1.000000 13.411167
sf_274
original 25 781 1303 808 522 5.000000 1.000000 1.901994
miller_11
original 10 50 77 50 27 5.000000 1.000000 11.382144
rd53_251
improve 0 1291 2227 1405 936 5.000000 1.000000 0.071775
mlp4_245
original 47 18852 34215 20337 15363 5.000000 1.000000 660.889284
9symml_195
improve 0 34881 63900 39838 28902 5.000000 1.000000 37.256999
rd84_142
original 46 343 583 209 240 5.000000 1.000000 18.384013
inc_237
improve 21 10619 18812 11416 8193 5.000000 1.000000 84.994384
sqn_258
improve 0 10223 18146 10824 7923 5.000000 1.000000 0.833174
alu-v2_33
original 8 37 61 35 24 5.000000 1.000000 24.963906
sao2_257
improve 0 38577 70916 41652 32277 5.000000 1.000000 16.454507
co14_215
improve 0 17936 33364 18089 15420 5.000000 1.000000 4.146249
decod24-v1_41
original 46 85 139 89 54 5.000000 1.000000 3.783399
4mod5-v0_20
original 2 20 29 18 9 5.000000 1.000000 37.910346
alu-v4_37
original 89 37 61 36 24 5.000000 1.000000 4.077831
urf3_155
improve 0 423488 750962 456468 327453 5.000000 1.000000 30.949708
misex1_241
improve 0 4813 8761 5552 3948 5.000000 1.000000 0.435940
alu-v0_27
original 3 36 63 41 27 5.000000 1.000000 3.991156
4mod5-v1_24
original 32 36 57 36 21 5.000000 1.000000 36.915908
4mod7-v1_96
original 8 164 269 171 105 5.000000 1.000000 22.762136
cm82a_208
improve 10 650 1097 627 447 5.000000 1.000000 5.868480
ham15_107
improve 5 8763 15589 9404 6783 5.000000 1.000000 1140.453498
0example
original 3 9 18 13 9 5.000000 1.000000 14.680068
dc1_220
improve 0 1914 3381 2004 1467 5.000000 1.000000 0.157175
4gt4-v1_74
original 0 273 462 291 189 5.000000 1.000000 0.014277
rd32-v1_68
original 0 36 54 34 18 5.000000 1.000000 12.782902
decod24-v0_38
original 1 51 84 55 33 5.000000 1.000000 8.466319
sym6_316
original 0 270 513 281 243 5.000000 1.000000 0.029487
alu-v0_26
original 9 84 135 82 51 5.000000 1.000000 1.159224
clip_206
original 0 33827 61643 35768 27816 5.000000 1.000000 16.249857
4mod5-v0_18
original 2 69 111 68 42 5.000000 1.000000 4.953860
cm85a_209
improve 0 11414 20702 12927 9288 5.000000 1.000000 0.896624
alu-v4_36
original 17 115 193 122 78 5.000000 1.000000 32.281091
one-two-three-v0_97
original 20 290 482 293 192 5.000000 1.000000 2.367974
4gt13_90
original 10 107 182 111 75 5.000000 1.000000 0.743937
mod5d2_64
original 13 53 89 58 36 5.000000 1.000000 13.246409
ground_state_estimation_10
improve 0 390180 459480 222298 69300 5.000000 1.000000 11.651185
C17_204
improve 0 467 830 505 363 5.000000 1.000000 0.141775
4gt13_92
original 7 66 108 70 42 5.000000 1.000000 50.873944
rd53_130
improve 0 1043 1775 1098 732 5.000000 1.000000 0.056123
alu-v3_34
original 5 52 85 53 33 5.000000 1.000000 2.841557
decod24-bdd_294
original 0 73 115 72 42 5.000000 1.000000 0.006763
4gt5_76
original 1 91 151 98 60 5.000000 1.000000 1.871438
sym9_146
improve 28 328 571 255 243 5.000000 1.000000 19.987908
4mod5-v1_22
original 2 21 33 22 12 5.000000 1.000000 5.134545
rd32_270
original 7 84 132 81 48 5.000000 1.000000 2.899394
hwb4_49
original 40 233 377 243 144 5.000000 1.000000 1.382964
urf5_280
improve 0 49829 89879 55878 40050 5.000000 1.000000 2.876900
4gt5_77
original 1 131 215 132 84 5.000000 1.000000 58.255313
rd84_253
original 0 13658 24464 14231 10806 5.000000 1.000000 1.118908
4_49_16
original 30 217 364 225 147 5.000000 1.000000 2.437152
qft_10
improve 0 200 267 66 60 5.000000 1.000000 1.842899
4mod5-bdd_287
original 48 70 112 73 42 5.000000 1.000000 0.205235
qft_16
original 0 512 788 210 276 5.000000 1.000000 29.737063
urf1_149
original 0 184864 328315 195126 143451 5.000000 1.000000 14.915004
urf5_158
improve 0 164416 285073 169662 120657 5.000000 1.000000 9.924276
urf3_279
original 0 125362 232822 142427 107460 5.000000 1.000000 26.603983
4gt12-v0_86
original 0 251 416 255 165 5.000000 1.000000 0.047919
4gt4-v0_73
original 31 395 650 414 255 5.000000 1.000000 0.638765
alu-v1_29
original 17 37 64 41 27 5.000000 1.000000 3.998995
alu-bdd_288
original 4 84 144 90 60 5.000000 1.000000 0.608572
decod24-v2_43
original 1 52 85 55 33 5.000000 1.000000 3.250748
mod8-10_178
original 35 342 576 357 234 5.000000 1.000000 0.559761
one-two-three-v0_98
original 1 146 233 144 87 5.000000 1.000000 54.106176
4gt4-v0_78
original 6 235 397 251 162 5.000000 1.000000 0.426617
4mod5-v0_19
original 75 35 56 37 21 5.000000 1.000000 5.374485
alu-v2_30
original 0 504 846 522 342 5.000000 1.000000 0.032872
alu-v3_35
original 3 37 61 39 24 5.000000 1.000000 2.009599
dist_223
improve 0 38046 68370 39762 30321 5.000000 1.000000 3.603049
4gt4-v0_79
original 6 231 390 243 159 5.000000 1.000000 0.425742
hwb8_113
original 0 69380 120563 72960 51183 5.000000 1.000000 3.972578
ex3_229
original 0 403 676 407 273 5.000000 1.000000 0.769382
xor5_254
original 0 7 16 10 9 5.000000 1.000000 0.001377
f2_232
original 1 1206 2028 1238 822 5.000000 1.000000 2.092186
time:42667.273531