rd53_138
original 21 132 216 102 84 7.000000 0.200000 0.793679
4gt13-v1_93
original 17 68 104 62 36 7.000000 0.200000 2.145490
mod5mils_65
original 2 35 59 37 24 7.000000 0.200000 3.960109
mod5d1_63
original 2 22 37 26 15 7.000000 0.200000 16.729090
sym10_262
improve 0 64283 114314 67515 49974 7.000000 0.200000 19.990812
aj-e11_165
original 1 151 250 159 99 7.000000 0.200000 1.882869
hwb9_119
original 0 207775 362716 216442 154941 7.000000 0.200000 26.399837
4gt11_83
original 1 23 35 26 12 7.000000 0.200000 33.772017
cm42a_207
improve 17 1776 3036 1728 1260 7.000000 0.200000 10.259962
4gt4-v0_72
improve 0 258 450 263 192 7.000000 0.200000 0.020495
max46_240
original 0 27126 47670 26957 20544 7.000000 0.200000 3.489158
dc2_222
original 36 9462 16590 9702 7128 7.000000 0.200000 313.884642
sym9_193
improve 0 34881 62625 37363 27687 7.000000 0.200000 8.177594
rd53_135
original 0 296 521 317 225 7.000000 0.200000 0.027189
mod10_171
original 11 244 400 252 156 7.000000 0.200000 11.916699
ising_model_13
improve 0 633 816 109 183 7.000000 0.200000 2.507027
adr4_197
original 0 3439 6013 3428 2574 7.000000 0.200000 105.558846
4gt11_84
original 13 18 30 18 12 7.000000 0.200000 4.107575
4gt11_82
original 26 27 42 29 15 7.000000 0.200000 3.853431
wim_266
improve 13 986 1688 979 702 7.000000 0.200000 23.797962
rd53_131
improve 0 469 802 495 333 7.000000 0.200000 0.031599
mod8-10_177
original 4 440 743 453 303 7.000000 0.200000 0.711074
4gt10-v1_81
original 40 148 244 151 96 7.000000 0.200000 1.275984
alu-v1_28
original 41 37 61 37 24 7.000000 0.200000 26.073095
cnt3-5_179
original 14 175 304 123 129 7.000000 0.200000 4.356899
square_root_7
original 0 7630 13492 7105 5862 7.000000 0.200000 3.506926
one-two-three-v1_99
original 32 132 222 142 90 7.000000 0.200000 231.523843
mini_alu_305
improve 9 173 290 138 117 7.000000 0.200000 0.603972
rd53_311
original 0 275 527 263 252 7.000000 0.200000 0.045630
3_17_13
original 0 36 57 38 21 7.000000 0.200000 70.537678
rd73_252
improve 0 5321 9260 5451 3939 7.000000 0.200000 0.330967
4gt4-v0_80
original 21 179 296 180 117 7.000000 0.200000 0.345454
hwb7_59
improve 0 24379 41440 24563 17061 7.000000 0.200000 1.386619
ham3_102
original 2 20 35 21 15 7.000000 0.200000 72.590113
cnt3-5_180
improve 19 485 836 401 351 7.000000 0.200000 4.270542
rd53_133
improve 0 580 1015 663 435 7.000000 0.200000 0.136032
4mod7-v0_94
original 32 162 267 165 105 7.000000 0.200000 4.065508
plus63mod4096_163
improve 0 128744 229615 139685 100773 7.000000 0.200000 38.757331
mini-alu_167
original 5 288 477 289 189 7.000000 0.200000 4.721849
root_255
improve 0 17159 30588 17553 13425 7.000000 0.200000 3.080529
z4_268
original 1 3073 5332 3052 2259 7.000000 0.200000 43.310468
majority_239
original 7 612 1026 622 414 7.000000 0.200000 1.045300
ex2_227
original 0 631 1075 659 444 7.000000 0.200000 0.113064
urf2_277
improve 0 20112 37175 23412 17052 7.000000 0.200000 3.421695
one-two-three-v3_101
original 14 70 115 70 45 7.000000 0.200000 37.274098
4gt13_91
original 10 103 166 105 63 7.000000 0.200000 0.816778
4gt12-v1_89
original 46 228 378 234 150 7.000000 0.200000 0.605576
sqrt8_260
improve 23 3009 5271 3077 2262 7.000000 0.200000 25.816265
rd32-v0_66
original 0 34 52 33 18 7.000000 0.200000 13.133300
sym9_148
improve 0 21504 37767 23118 16254 7.000000 0.200000 3.058859
4gt5_75
original 8 83 134 79 51 7.000000 0.200000 3.482431
0410184_169
improve 24 211 346 175 135 7.000000 0.200000 364.208794
urf2_152
improve 0 80480 137570 81839 57090 7.000000 0.200000 4.768726
urf1_278
improve 0 54766 99652 61751 44868 7.000000 0.200000 9.205569
sym6_145
improve 0 3888 6564 4128 2676 7.000000 0.200000 0.226723
alu-v2_32
original 37 163 265 162 102 7.000000 0.200000 4.241052
4gt12-v0_88
original 3 194 317 190 123 7.000000 0.200000 0.322339
squar5_261
original 3 1993 3448 1944 1455 7.000000 0.200000 20.882175
alu-v2_31
original 12 451 748 451 297 7.000000 0.200000 8.617023
hwb5_53
improve 0 1336 2278 1403 942 7.000000 0.200000 0.074219
one-two-three-v2_100
original 20 69 114 68 45 7.000000 0.200000 43.405880
cycle10_2_110
improve 0 6050 10655 6498 4605 7.000000 0.200000 0.376474
urf6_160
improve 0 171840 308448 177220 136584 7.000000 0.200000 20.762365
ising_model_10
original 0 480 597 110 117 7.000000 0.200000 0.619816
sys6-v0_111
original 8 215 368 152 153 7.000000 0.200000 1.639335
plus63mod8192_164
improve 0 187112 338650 210278 151341 7.000000 0.200000 64.515255
mod5adder_127
original 0 555 963 590 408 7.000000 0.200000 0.085111
rd73_140
original 35 230 389 186 159 7.000000 0.200000 2.467022
4mod5-v1_23
original 2 69 123 81 54 7.000000 0.200000 4.577387
graycode6_47
original 0 5 29 13 24 7.000000 0.200000 0.018877
ising_model_16
original 0 786 1005 176 219 7.000000 0.200000 154.524276
ham7_104
improve 35 320 551 345 231 7.000000 0.200000 0.643895
ex-1_166
original 0 19 31 21 12 7.000000 0.200000 29.257591
decod24-v3_45
original 8 150 234 137 84 7.000000 0.200000 55.541962
urf4_187
original 0 512064 892182 497956 380118 7.000000 0.200000 45.308887
life_238
improve 0 22445 39476 23521 17022 7.000000 0.200000 3.541153
con1_216
original 0 954 1662 948 708 7.000000 0.200000 0.079671
hwb6_56
original 0 6723 11601 6925 4878 7.000000 0.200000 1.183557
mod10_176
original 37 178 286 176 108 7.000000 0.200000 9.479372
ex1_226
original 0 7 16 10 9 7.000000 0.200000 0.002349
sf_276
original 13 778 1270 761 492 7.000000 0.200000 1.879277
cm152a_212
improve 0 1221 2124 1292 903 7.000000 0.200000 0.099580
4gt12-v0_87
original 0 247 415 241 168 7.000000 0.200000 0.018841
decod24-enable_126
original 1 338 581 371 243 7.000000 0.200000 0.569570
radd_250
improve 0 3213 5667 3460 2454 7.000000 0.200000 0.208141
pm1_249
improve 17 1776 3036 1728 1260 7.000000 0.200000 10.677231
sf_274
improve 23 781 1300 778 519 7.000000 0.200000 1.996062
miller_11
original 0 50 86 59 36 7.000000 0.200000 11.948701
rd53_251
original 0 1291 2221 1379 930 7.000000 0.200000 0.073049
mlp4_245
improve 10 18852 33222 19909 14370 7.000000 0.200000 454.655790
9symml_195
improve 0 34881 62625 37363 27687 7.000000 0.200000 8.427516
rd84_142
original 49 343 595 233 252 7.000000 0.200000 10.301910
inc_237
improve 2 10619 18323 10853 7704 7.000000 0.200000 62.189820
sqn_258
original 0 10223 17747 10201 7524 7.000000 0.200000 0.794418
alu-v2_33
original 2 37 61 39 24 7.000000 0.200000 25.745574
sao2_257
original 0 38577 69150 38231 30573 7.000000 0.200000 5.775255
co14_215
improve 0 17936 32985 17472 15045 7.000000 0.200000 3.507574
decod24-v1_41
original 17 85 136 83 51 7.000000 0.200000 1.612872
4mod5-v0_20
original 2 20 29 18 9 7.000000 0.200000 38.959500
alu-v4_37
original 3 37 61 40 24 7.000000 0.200000 4.245326
urf3_155
improve 0 423488 734210 438156 310695 7.000000 0.200000 31.459456
misex1_241
improve 0 4813 8686 5405 3873 7.000000 0.200000 0.451206
alu-v0_27
original 89 36 60 36 24 7.000000 0.200000 3.972144
4mod5-v1_24
original 14 36 60 39 24 7.000000 0.200000 38.203006
4mod7-v1_96
original 32 164 266 159 102 7.000000 0.200000 18.931802
cm82a_208
original 10 650 1094 660 444 7.000000 0.200000 1.409312
ham15_107
original 3 8763 15411 8948 6648 7.000000 0.200000 1088.020339
0example
original 3 9 18 13 9 7.000000 0.200000 14.850833
dc1_220
improve 0 1914 3318 1918 1404 7.000000 0.200000 0.119832
4gt4-v1_74
original 0 273 462 282 189 7.000000 0.200000 0.020020
rd32-v1_68
original 0 36 54 33 18 7.000000 0.200000 12.957853
decod24-v0_38
original 1 51 84 55 33 7.000000 0.200000 9.319482
sym6_316
improve 0 270 513 282 243 7.000000 0.200000 0.040952
alu-v0_26
original 9 84 135 84 51 7.000000 0.200000 1.244514
clip_206
original 0 33827 60332 34110 26505 7.000000 0.200000 6.291842
4mod5-v0_18
original 2 69 111 69 42 7.000000 0.200000 5.028763
cm85a_209
improve 0 11414 20135 12260 8721 7.000000 0.200000 0.935100
alu-v4_36
original 9 115 187 115 72 7.000000 0.200000 34.155666
one-two-three-v0_97
original 40 290 476 288 186 7.000000 0.200000 2.209424
4gt13_90
original 10 107 176 115 69 7.000000 0.200000 0.772846
mod5d2_64
original 18 53 89 60 36 7.000000 0.200000 5.657545
ground_state_estimation_10
improve 0 390180 446346 200511 56166 7.000000 0.200000 11.978964
C17_204
improve 0 467 809 497 342 7.000000 0.200000 0.143413
4gt13_92
original 28 66 111 65 45 7.000000 0.200000 56.335273
rd53_130
original 0 1043 1757 1026 714 7.000000 0.200000 0.056108
alu-v3_34
original 32 52 85 52 33 7.000000 0.200000 2.925104
decod24-bdd_294
original 0 73 115 71 42 7.000000 0.200000 0.007750
4gt5_76
original 32 91 148 91 57 7.000000 0.200000 1.992070
sym9_146
improve 3 328 571 276 243 7.000000 0.200000 5.823142
4mod5-v1_22
original 2 21 33 22 12 7.000000 0.200000 5.223743
rd32_270
original 9 84 135 85 51 7.000000 0.200000 3.000508
hwb4_49
original 1 233 380 240 147 7.000000 0.200000 1.466706
urf5_280
improve 0 49829 88880 54806 39048 7.000000 0.200000 4.359987
4gt5_77
original 19 131 215 130 84 7.000000 0.200000 65.002166
rd84_253
original 0 13658 24191 13695 10533 7.000000 0.200000 4.323284
4_49_16
original 24 217 358 225 141 7.000000 0.200000 2.596273
qft_10
original 0 200 266 69 66 7.000000 0.200000 0.461676
4mod5-bdd_287
original 1 70 118 77 48 7.000000 0.200000 0.217414
qft_16
improve 0 512 854 199 282 7.000000 0.200000 12.303566
urf1_149
improve 0 184864 320719 191009 135837 7.000000 0.200000 15.142087
urf5_158
improve 0 164416 280906 168420 116490 7.000000 0.200000 10.218871
urf3_279
improve 0 125362 231930 141383 106497 7.000000 0.200000 28.047669
4gt12-v0_86
original 0 251 422 251 171 7.000000 0.200000 0.049270
4gt4-v0_73
original 9 395 656 395 261 7.000000 0.200000 0.685092
alu-v1_29
original 5 37 61 40 24 7.000000 0.200000 4.147731
alu-bdd_288
original 17 84 144 82 60 7.000000 0.200000 0.685430
decod24-v2_43
original 1 52 85 54 33 7.000000 0.200000 5.758486
mod8-10_178
original 21 342 570 343 228 7.000000 0.200000 0.619256
one-two-three-v0_98
original 40 146 233 142 87 7.000000 0.200000 56.082145
4gt4-v0_78
original 16 235 391 235 156 7.000000 0.200000 0.408818
4mod5-v0_19
original 2 35 59 38 24 7.000000 0.200000 5.519647
alu-v2_30
original 0 504 876 528 372 7.000000 0.200000 0.034008
alu-v3_35
original 3 37 61 40 24 7.000000 0.200000 2.039382
dist_223
original 0 38046 67332 37458 29286 7.000000 0.200000 7.936997
4gt4-v0_79
original 20 231 381 227 150 7.000000 0.200000 0.399473
hwb8_113
improve 0 69380 118958 71973 49578 7.000000 0.200000 3.995787
ex3_229
original 1 403 673 421 270 7.000000 0.200000 0.794220
xor5_254
original 0 7 16 10 9 7.000000 0.200000 0.001375
f2_232
original 10 1206 1992 1166 786 7.000000 0.200000 2.668498
time:8655.534359