rd53_138
improve 19 132 219 124 87 6.000000 0.200100 0.554899
4gt13-v1_93
original 13 68 113 69 45 6.000000 0.200100 2.259758
mod5mils_65
original 2 35 59 37 24 6.000000 0.200100 4.250528
mod5d1_63
original 168 22 34 22 12 6.000000 0.200100 18.658689
sym10_262
original 0 64283 116777 69425 52494 6.000000 0.200100 11.720084
aj-e11_165
original 23 151 256 162 105 6.000000 0.200100 3.085441
hwb9_119
improve 0 207775 370881 225481 163047 6.000000 0.200100 29.575444
4gt11_83
original 1 23 35 26 12 6.000000 0.200100 35.569076
cm42a_207
original 2 1776 3087 1803 1311 6.000000 0.200100 8.830367
4gt4-v0_72
improve 0 258 462 270 204 6.000000 0.200100 0.019525
max46_240
improve 0 27126 48441 28279 21312 6.000000 0.200100 2.408088
dc2_222
improve 37 9462 16965 10214 7494 6.000000 0.200100 182.783448
sym9_193
improve 0 34881 63746 38568 28821 6.000000 0.200100 10.227841
rd53_135
original 0 296 512 304 216 6.000000 0.200100 0.033050
mod10_171
original 14 244 418 258 174 6.000000 0.200100 12.595617
ising_model_13
improve 0 633 807 133 174 6.000000 0.200100 2.569100
adr4_197
improve 25 3439 6133 3559 2694 6.000000 0.200100 65.242511
4gt11_84
original 13 18 30 18 12 6.000000 0.200100 4.218383
4gt11_82
original 26 27 42 29 15 6.000000 0.200100 5.148431
wim_266
improve 40 986 1712 968 726 6.000000 0.200100 13.790345
rd53_131
improve 0 469 823 528 354 6.000000 0.200100 0.038003
mod8-10_177
original 8 440 743 471 303 6.000000 0.200100 0.739545
4gt10-v1_81
original 10 148 244 148 96 6.000000 0.200100 1.301110
alu-v1_28
original 17 37 61 39 24 6.000000 0.200100 27.293200
cnt3-5_179
original 14 175 313 137 138 6.000000 0.200100 4.482423
square_root_7
original 0 7630 13774 7370 6144 6.000000 0.200100 1.122689
one-two-three-v1_99
original 32 132 219 138 87 6.000000 0.200100 232.890511
mini_alu_305
original 0 173 293 135 120 6.000000 0.200100 2.074777
rd53_311
improve 0 275 527 296 252 6.000000 0.200100 0.041725
3_17_13
original 0 36 57 38 21 6.000000 0.200100 75.403746
rd73_252
improve 0 5321 9386 5656 4065 6.000000 0.200100 0.351347
4gt4-v0_80
original 3 179 296 186 117 6.000000 0.200100 0.337030
hwb7_59
improve 0 24379 42517 25475 18138 6.000000 0.200100 1.523585
ham3_102
original 2 20 35 21 15 6.000000 0.200100 73.691505
cnt3-5_180
original 15 485 842 413 357 6.000000 0.200100 7.904770
rd53_133
improve 0 580 1006 657 426 6.000000 0.200100 0.036782
4mod7-v0_94
original 61 162 270 169 108 6.000000 0.200100 3.935018
plus63mod4096_163
original 0 128744 235190 142772 106446 6.000000 0.200100 27.540107
mini-alu_167
original 5 288 486 300 198 6.000000 0.200100 4.844231
root_255
original 0 17159 31064 17629 13905 6.000000 0.200100 4.804172
z4_268
improve 8 3073 5419 3200 2346 6.000000 0.200100 16.934145
majority_239
original 7 612 1026 617 414 6.000000 0.200100 1.127398
ex2_227
improve 0 631 1090 689 459 6.000000 0.200100 0.040656
urf2_277
original 0 20112 37356 22963 17244 6.000000 0.200100 1.756584
one-two-three-v3_101
original 80 70 115 73 45 6.000000 0.200100 38.245128
4gt13_91
original 10 103 166 106 63 6.000000 0.200100 0.802021
4gt12-v1_89
original 13 228 390 229 162 6.000000 0.200100 0.629088
sqrt8_260
improve 2 3009 5358 3190 2349 6.000000 0.200100 21.876467
rd32-v0_66
original 0 34 52 34 18 6.000000 0.200100 13.590125
sym9_148
improve 0 21504 38831 24268 17304 6.000000 0.200100 6.353578
4gt5_75
original 8 83 134 82 51 6.000000 0.200100 3.592134
0410184_169
original 9 211 358 184 147 6.000000 0.200100 359.252660
urf2_152
improve 0 80480 139164 83633 58680 6.000000 0.200100 5.079215
urf1_278
improve 0 54766 100607 61834 45801 6.000000 0.200100 15.621647
sym6_145
improve 0 3888 6768 4386 2880 6.000000 0.200100 0.222202
alu-v2_32
original 13 163 271 169 108 6.000000 0.200100 4.434696
4gt12-v0_88
original 3 194 323 202 129 6.000000 0.200100 0.360608
squar5_261
original 30 1993 3475 1980 1482 6.000000 0.200100 10.890600
alu-v2_31
original 1 451 751 461 300 6.000000 0.200100 8.282146
hwb5_53
original 0 1336 2287 1433 951 6.000000 0.200100 0.110367
one-two-three-v2_100
original 96 69 108 66 39 6.000000 0.200100 43.080976
cycle10_2_110
original 0 6050 10805 6501 4755 6.000000 0.200100 0.440577
urf6_160
improve 0 171840 312717 183485 140796 6.000000 0.200100 37.516152
ising_model_10
improve 0 480 588 108 108 6.000000 0.200100 0.961390
sys6-v0_111
improve 1 215 362 163 147 6.000000 0.200100 1.602208
plus63mod8192_164
improve 0 187112 347025 219225 159759 6.000000 0.200100 52.527381
mod5adder_127
original 0 555 957 585 402 6.000000 0.200100 0.090617
rd73_140
original 14 230 392 194 162 6.000000 0.200100 1.572601
4mod5-v1_23
original 75 69 120 75 51 6.000000 0.200100 4.457350
graycode6_47
original 0 5 29 13 24 6.000000 0.200100 0.019131
ising_model_16
original 0 786 1017 176 231 6.000000 0.200100 126.258938
ham7_104
original 0 320 560 359 240 6.000000 0.200100 0.667021
ex-1_166
original 0 19 31 21 12 6.000000 0.200100 30.181373
decod24-v3_45
original 2 150 246 147 96 6.000000 0.200100 51.220900
urf4_187
original 0 512064 908493 509052 396429 6.000000 0.200100 46.360387
life_238
improve 0 22445 40112 24128 17655 6.000000 0.200100 4.106406
con1_216
improve 0 954 1683 1028 729 6.000000 0.200100 0.060667
hwb6_56
original 0 6723 11757 7177 5034 6.000000 0.200100 0.371858
mod10_176
original 67 178 292 179 114 6.000000 0.200100 10.978746
ex1_226
original 0 7 16 10 9 6.000000 0.200100 0.002589
sf_276
improve 0 778 1318 827 540 6.000000 0.200100 1.993868
cm152a_212
improve 0 1221 2164 1354 933 6.000000 0.200100 2.122315
4gt12-v0_87
improve 0 247 445 281 198 6.000000 0.200100 0.021688
decod24-enable_126
original 29 338 578 358 240 6.000000 0.200100 0.578547
radd_250
original 0 3213 5814 3480 2601 6.000000 0.200100 0.959074
pm1_249
original 2 1776 3087 1803 1311 6.000000 0.200100 9.109803
sf_274
improve 35 781 1315 796 534 6.000000 0.200100 2.069483
miller_11
original 10 50 83 53 33 6.000000 0.200100 12.322475
rd53_251
original 0 1291 2251 1399 960 6.000000 0.200100 0.067755
mlp4_245
original 42 18852 34332 20256 15480 6.000000 0.200100 551.151233
9symml_195
improve 0 34881 63746 38568 28821 6.000000 0.200100 10.122479
rd84_142
improve 42 343 598 225 255 6.000000 0.200100 40.888337
inc_237
original 11 10619 18881 11360 8262 6.000000 0.200100 53.320128
sqn_258
improve 0 10223 18041 10702 7815 6.000000 0.200100 2.367432
alu-v2_33
original 2 37 61 39 24 6.000000 0.200100 26.686413
sao2_257
improve 0 38577 70841 41346 32220 6.000000 0.200100 15.415555
co14_215
improve 0 17936 33456 17858 15513 6.000000 0.200100 5.384800
decod24-v1_41
original 47 85 139 90 54 6.000000 0.200100 4.039265
4mod5-v0_20
original 2 20 29 18 9 6.000000 0.200100 40.686981
alu-v4_37
original 3 37 61 40 24 6.000000 0.200100 4.320730
urf3_155
improve 0 423488 743999 451288 320487 6.000000 0.200100 32.828861
misex1_241
original 0 4813 8836 5465 4023 6.000000 0.200100 0.484584
alu-v0_27
original 5 36 60 40 24 6.000000 0.200100 4.207749
4mod5-v1_24
original 14 36 60 39 24 6.000000 0.200100 38.440885
4mod7-v1_96
original 2 164 272 168 108 6.000000 0.200100 24.547140
cm82a_208
improve 10 650 1106 644 456 6.000000 0.200100 1.387081
ham15_107
improve 24 8763 15747 9421 6984 6.000000 0.200100 1256.610512
0example
original 3 9 18 13 9 6.000000 0.200100 15.576292
dc1_220
improve 0 1914 3414 2021 1500 6.000000 0.200100 0.126929
4gt4-v1_74
original 0 273 471 288 198 6.000000 0.200100 0.021599
rd32-v1_68
original 0 36 54 34 18 6.000000 0.200100 13.290709
decod24-v0_38
original 1 51 84 55 33 6.000000 0.200100 9.703887
sym6_316
improve 0 270 507 279 237 6.000000 0.200100 0.034054
alu-v0_26
original 9 84 138 86 54 6.000000 0.200100 1.256525
clip_206
original 0 33827 61544 35739 27717 6.000000 0.200100 5.737825
4mod5-v0_18
original 8 69 111 72 42 6.000000 0.200100 4.493803
cm85a_209
improve 0 11414 20769 12816 9339 6.000000 0.200100 3.763165
alu-v4_36
original 8 115 190 113 75 6.000000 0.200100 35.134125
one-two-three-v0_97
original 11 290 473 295 183 6.000000 0.200100 2.281848
4gt13_90
original 10 107 173 113 66 6.000000 0.200100 0.792845
mod5d2_64
original 14 53 89 57 36 6.000000 0.200100 5.501152
ground_state_estimation_10
improve 0 390180 449064 204998 58884 6.000000 0.200100 12.104589
C17_204
original 0 467 851 515 384 6.000000 0.200100 0.147343
4gt13_92
original 96 66 111 69 45 6.000000 0.200100 58.271940
rd53_130
original 0 1043 1805 1076 762 6.000000 0.200100 0.093734
alu-v3_34
original 98 52 82 49 30 6.000000 0.200100 2.928718
decod24-bdd_294
original 0 73 115 71 42 6.000000 0.200100 0.006227
4gt5_76
original 1 91 148 96 57 6.000000 0.200100 2.078063
sym9_146
original 0 328 565 255 237 6.000000 0.200100 4.962626
4mod5-v1_22
original 2 21 33 22 12 6.000000 0.200100 5.518874
rd32_270
original 13 84 135 84 51 6.000000 0.200100 3.184649
hwb4_49
original 40 233 377 240 144 6.000000 0.200100 1.420888
urf5_280
improve 0 49829 90090 55939 40236 6.000000 0.200100 7.970047
4gt5_77
original 1 131 224 143 93 6.000000 0.200100 63.378441
rd84_253
original 0 13658 24725 14356 11067 6.000000 0.200100 2.849146
4_49_16
original 61 217 367 238 150 6.000000 0.200100 2.802807
qft_10
improve 0 200 275 74 63 6.000000 0.200100 6.021281
4mod5-bdd_287
original 2 70 118 78 48 6.000000 0.200100 0.272427
qft_16
improve 0 512 823 200 255 6.000000 0.200100 14.447891
urf1_149
improve 0 184864 324482 195911 139587 6.000000 0.200100 17.141358
urf5_158
original 0 164416 284551 168814 120135 6.000000 0.200100 10.391594
urf3_279
original 0 125362 234298 143239 108936 6.000000 0.200100 32.436136
4gt12-v0_86
improve 0 251 449 281 198 6.000000 0.200100 0.070717
4gt4-v0_73
original 16 395 653 409 258 6.000000 0.200100 0.658026
alu-v1_29
original 5 37 61 40 24 6.000000 0.200100 4.286510
alu-bdd_288
original 35 84 141 87 57 6.000000 0.200100 0.644887
decod24-v2_43
original 1 52 85 54 33 6.000000 0.200100 3.678236
mod8-10_178
original 10 342 579 350 237 6.000000 0.200100 0.653822
one-two-three-v0_98
original 37 146 245 153 99 6.000000 0.200100 58.627588
4gt4-v0_78
improve 10 235 400 250 165 6.000000 0.200100 0.488764
4mod5-v0_19
original 2 35 59 38 24 6.000000 0.200100 5.651504
alu-v2_30
original 0 504 885 547 381 6.000000 0.200100 0.031088
alu-v3_35
original 3 37 61 40 24 6.000000 0.200100 2.118549
dist_223
improve 0 38046 69021 39963 30969 6.000000 0.200100 6.331571
4gt4-v0_79
original 10 231 390 242 159 6.000000 0.200100 0.460746
hwb8_113
original 0 69380 121244 73048 51864 6.000000 0.200100 4.880373
ex3_229
original 35 403 679 422 276 6.000000 0.200100 0.819119
xor5_254
original 0 7 16 10 9 6.000000 0.200100 0.002338
f2_232
original 10 1206 2058 1271 852 6.000000 0.200100 2.190856
time:13251.864243