rd53_138
original 28 132 219 105 87 8.000000 0.951000 2.821127
4gt13-v1_93
original 12 68 113 65 45 8.000000 0.951000 13.364389
mod5mils_65
original 0 35 59 36 24 8.000000 0.951000 4.445799
mod5d1_63
original 2 22 37 26 15 8.000000 0.951000 21.079447
sym10_262
original 0 64283 115511 66418 51228 8.000000 0.951000 10.568953
aj-e11_165
original 1 151 244 150 93 8.000000 0.951000 2.272122
hwb9_119
improve 0 207775 364702 214504 156894 8.000000 0.951000 20.021576
4gt11_83
original 1 23 35 26 12 8.000000 0.951000 4.194804
cm42a_207
improve 6 1776 3009 1671 1233 8.000000 0.951000 11.164457
4gt4-v0_72
original 0 258 435 242 177 8.000000 0.951000 0.019714
max46_240
improve 0 27126 47418 26956 20289 8.000000 0.951000 2.406232
dc2_222
original 21 9462 16662 9665 7200 8.000000 0.951000 219.531747
sym9_193
original 0 34881 61950 35514 27069 8.000000 0.951000 11.264487
rd53_135
original 0 296 515 291 219 8.000000 0.951000 0.026499
mod10_171
original 0 244 409 254 165 8.000000 0.951000 12.867367
ising_model_13
original 0 633 705 143 72 8.000000 0.951000 0.951004
adr4_197
original 36 3439 6034 3376 2595 8.000000 0.951000 151.632463
4gt11_84
original 1 18 30 20 12 8.000000 0.951000 4.773937
4gt11_82
original 7 27 42 33 15 8.000000 0.951000 3.096814
wim_266
original 2 986 1694 934 708 8.000000 0.951000 7.933817
rd53_131
original 0 469 814 484 345 8.000000 0.951000 0.549130
mod8-10_177
original 14 440 725 452 285 8.000000 0.951000 0.775410
4gt10-v1_81
original 10 148 244 154 96 8.000000 0.951000 1.073516
alu-v1_28
original 41 37 61 39 24 8.000000 0.951000 25.277816
cnt3-5_179
original 13 175 316 125 141 8.000000 0.951000 4.740825
square_root_7
original 0 7630 13624 7272 5994 8.000000 0.951000 3.629025
one-two-three-v1_99
original 8 132 225 148 93 8.000000 0.951000 223.817997
mini_alu_305
improve 7 173 287 139 114 8.000000 0.951000 1.283495
rd53_311
original 0 275 512 266 237 8.000000 0.951000 0.037840
3_17_13
original 0 36 60 41 24 8.000000 0.951000 73.539146
rd73_252
original 0 5321 9287 5283 3966 8.000000 0.951000 0.431725
4gt4-v0_80
original 21 179 305 189 126 8.000000 0.951000 0.343829
hwb7_59
original 0 24379 41941 24348 17562 8.000000 0.951000 3.092356
ham3_102
original 7 20 35 21 15 8.000000 0.951000 74.678675
cnt3-5_180
original 0 485 836 388 351 8.000000 0.951000 14.975229
rd53_133
original 0 580 988 593 408 8.000000 0.951000 0.062462
4mod7-v0_94
original 8 162 267 163 105 8.000000 0.951000 3.893278
plus63mod4096_163
improve 0 128744 230165 138701 101349 8.000000 0.951000 26.823513
mini-alu_167
original 13 288 480 295 192 8.000000 0.951000 5.883403
root_255
improve 0 17159 30626 17083 13446 8.000000 0.951000 5.846960
z4_268
original 12 3073 5320 3021 2247 8.000000 0.951000 29.790473
majority_239
original 4 612 1002 603 390 8.000000 0.951000 1.076949
ex2_227
improve 0 631 1069 642 438 8.000000 0.951000 0.043455
urf2_277
improve 0 20112 37521 23639 17409 8.000000 0.951000 1.972253
one-two-three-v3_101
original 17 70 118 77 48 8.000000 0.951000 28.613838
4gt13_91
original 6 103 172 111 69 8.000000 0.951000 0.833817
4gt12-v1_89
original 46 228 381 233 153 8.000000 0.951000 0.644419
sqrt8_260
improve 13 3009 5268 3122 2259 8.000000 0.951000 55.853324
rd32-v0_66
original 0 34 52 33 18 8.000000 0.951000 16.685891
sym9_148
improve 0 21504 38556 23423 17031 8.000000 0.951000 5.768823
4gt5_75
original 1 83 140 84 57 8.000000 0.951000 3.543844
0410184_169
original 37 211 346 184 135 8.000000 0.951000 288.194938
urf2_152
original 0 80480 138941 81973 58461 8.000000 0.951000 4.933594
urf1_278
improve 0 54766 101338 63190 46545 8.000000 0.951000 11.775865
sym6_145
original 0 3888 6645 4061 2757 8.000000 0.951000 0.237106
alu-v2_32
original 1 163 277 168 114 8.000000 0.951000 10.329689
4gt12-v0_88
original 11 194 320 192 126 8.000000 0.951000 0.347372
squar5_261
original 2 1993 3454 1973 1461 8.000000 0.951000 10.271635
alu-v2_31
original 12 451 730 437 279 8.000000 0.951000 8.380405
hwb5_53
original 0 1336 2296 1416 960 8.000000 0.951000 0.077025
one-two-three-v2_100
original 13 69 117 77 48 8.000000 0.951000 42.391327
cycle10_2_110
original 0 6050 10628 6218 4578 8.000000 0.951000 0.433872
urf6_160
improve 0 171840 310533 179488 138654 8.000000 0.951000 24.122313
ising_model_10
original 0 480 606 110 126 8.000000 0.951000 1.190225
sys6-v0_111
original 14 215 368 141 153 8.000000 0.951000 1.638068
plus63mod8192_164
improve 0 187112 340781 209503 153387 8.000000 0.951000 81.731902
mod5adder_127
original 0 555 966 586 411 8.000000 0.951000 0.089802
rd73_140
original 28 230 389 177 159 8.000000 0.951000 5.096473
4mod5-v1_23
original 1 69 126 84 57 8.000000 0.951000 6.161901
graycode6_47
original 0 5 29 13 24 8.000000 0.951000 0.017673
ising_model_16
improve 0 786 1074 171 288 8.000000 0.951000 2.566594
ham7_104
original 26 320 557 348 237 8.000000 0.951000 0.660022
ex-1_166
original 0 19 31 21 12 8.000000 0.951000 30.414305
decod24-v3_45
original 8 150 243 143 93 8.000000 0.951000 38.218247
urf4_187
improve 0 512064 897696 498721 385599 8.000000 0.951000 40.790320
life_238
improve 0 22445 39650 23175 17205 8.000000 0.951000 1.782271
con1_216
original 0 954 1647 939 693 8.000000 0.951000 0.062771
hwb6_56
original 0 6723 11625 6882 4902 8.000000 0.951000 0.384731
mod10_176
original 14 178 280 171 102 8.000000 0.951000 17.230523
ex1_226
original 0 7 13 9 6 8.000000 0.951000 0.001811
sf_276
original 23 778 1309 786 531 8.000000 0.951000 2.015764
cm152a_212
original 0 1221 2136 1247 915 8.000000 0.951000 1.454468
4gt12-v0_87
original 0 247 424 257 177 8.000000 0.951000 0.023043
decod24-enable_126
original 6 338 581 358 243 8.000000 0.951000 0.583133
radd_250
improve 0 3213 5703 3335 2490 8.000000 0.951000 0.278584
pm1_249
improve 6 1776 3009 1671 1233 8.000000 0.951000 11.127187
sf_274
original 48 781 1324 788 543 8.000000 0.951000 2.122451
miller_11
original 109 50 83 53 33 8.000000 0.951000 12.354096
rd53_251
original 0 1291 2248 1325 957 8.000000 0.951000 0.098268
