Fri Mar 18 17:36:01 2022
('QFilter, GVal, SIZE, initial_mapping  =', '01y', True, 'small', 'top')
('lev, slayer, gamma, stop, anchor =', 3, 0, 0, 10, True)
In this test, we use Type 01y filter and top initial mapping for small circuits on sycamore
*****************************************
Fri Mar 18 17:36:13 2022
(1, 'rd53_138', 8, 60, 144, 84, 0.24, 2.4)
(2, '4gt13-v1_93', 5, 30, 120, 90, 0.02, 4.0)
(3, 'mod5mils_65', 5, 16, 34, 18, 0.01, 2.125)
(4, 'mod5d1_63', 5, 13, 31, 18, 0.01, 2.3846)
(5, 'sym10_262', 12, 28084, 81367, 53283, 236.89, 2.8973)
(6, 'aj-e11_165', 5, 69, 159, 90, 0.05, 2.3043)
(7, 'hwb9_119', 10, 90955, 246022, 155067, 1120.31, 2.7049)
(8, '4gt11_83', 5, 14, 23, 9, 0.0, 1.6429)
(9, 'cm42a_207', 14, 771, 2325, 1554, 5.63, 3.0156)
(10, '4gt4-v0_72', 6, 113, 275, 162, 0.19, 2.4336)
(11, 'max46_240', 10, 11844, 33339, 21495, 58.81, 2.8148)
(12, 'dc2_222', 15, 4131, 11742, 7611, 72.73, 2.8424)
(13, 'sym9_193', 11, 15232, 42700, 27468, 102.31, 2.8033)
(14, 'rd53_135', 7, 134, 362, 228, 0.23, 2.7015)
(15, 'mod10_171', 5, 108, 303, 195, 0.11, 2.8056)
(16, 'ising_model_13', 13, 120, 120, 0, 0.0, 1.0)
(17, 'adr4_197', 13, 1498, 4507, 3009, 20.96, 3.0087)
(18, '4gt11_84', 4, 9, 18, 9, 0.0, 2.0)
(19, '4gt11_82', 5, 18, 30, 12, 0.01, 1.6667)
(20, 'wim_266', 11, 427, 1261, 834, 1.22, 2.9532)
(21, 'rd53_131', 7, 200, 668, 468, 0.25, 3.34)
(22, 'mod8-10_177', 6, 196, 508, 312, 0.29, 2.5918)
(23, '4gt10-v1_81', 5, 66, 180, 114, 0.04, 2.7273)
(24, 'alu-v1_28', 5, 18, 42, 24, 0.02, 2.3333)
(25, 'cnt3-5_179', 16, 85, 220, 135, 0.35, 2.5882)
(26, 'square_root_7', 15, 3089, 9629, 6540, 61.57, 3.1172)
(27, 'one-two-three-v1_99', 5, 59, 173, 114, 0.04, 2.9322)
(28, 'mini_alu_305', 10, 77, 194, 117, 0.3, 2.5195)
(29, 'rd53_311', 13, 124, 331, 207, 0.91, 2.6694)
(30, '3_17_13', 3, 17, 35, 18, 0.01, 2.0588)
(31, 'rd73_252', 10, 2319, 6408, 4089, 8.64, 2.7633)
(32, '4gt4-v0_80', 6, 79, 193, 114, 0.06, 2.443)
(33, 'hwb7_59', 8, 10681, 27313, 16632, 26.17, 2.5572)
(34, 'ham3_102', 3, 11, 20, 9, 0.0, 1.8182)
(35, 'cnt3-5_180', 16, 215, 545, 330, 3.39, 2.5349)
(36, 'rd53_133', 7, 256, 814, 558, 0.23, 3.1797)
(37, '4mod7-v0_94', 5, 72, 240, 168, 0.06, 3.3333)
(38, 'plus63mod4096_163', 13, 56329, 168640, 112311, 665.48, 2.9938)
(39, 'mini-alu_167', 5, 126, 303, 177, 0.12, 2.4048)
(40, 'root_255', 13, 7493, 21947, 14454, 104.57, 2.929)
(41, 'z4_268', 11, 1343, 4031, 2688, 7.71, 3.0015)
(42, 'majority_239', 7, 267, 834, 567, 0.29, 3.1236)
(43, 'ex2_227', 7, 275, 821, 546, 0.37, 2.9855)
(44, 'urf2_277', 8, 10066, 26065, 15999, 33.75, 2.5894)
(45, 'one-two-three-v3_101', 5, 32, 71, 39, 0.02, 2.2188)
(46, '4gt13_91', 5, 49, 106, 57, 0.05, 2.1633)
(47, '4gt12-v1_89', 6, 100, 244, 144, 0.1, 2.44)
(48, 'sqrt8_260', 12, 1314, 3951, 2637, 9.65, 3.0068)
(49, 'rd32-v0_66', 4, 16, 34, 18, 0.01, 2.125)
(50, 'sym9_148', 10, 9408, 26547, 17139, 52.79, 2.8217)
(51, '4gt5_75', 5, 38, 86, 48, 0.02, 2.2632)
(52, '0410184_169', 14, 104, 311, 207, 1.13, 2.9904)
(53, 'urf2_152', 8, 35210, 90344, 55134, 116.51, 2.5659)
(54, 'urf1_278', 9, 26692, 70174, 43482, 116.95, 2.629)
(55, 'sym6_145', 7, 1701, 4503, 2802, 2.78, 2.6473)
(56, 'alu-v2_32', 5, 72, 168, 96, 0.07, 2.3333)
(57, '4gt12-v0_88', 6, 86, 209, 123, 0.09, 2.4302)
(58, 'squar5_261', 13, 869, 2360, 1491, 9.09, 2.7158)
(59, 'alu-v2_31', 5, 198, 474, 276, 0.49, 2.3939)
(60, 'hwb5_53', 6, 598, 1471, 873, 0.9, 2.4599)
(61, 'one-two-three-v2_100', 5, 32, 77, 45, 0.02, 2.4062)
(62, 'cycle10_2_110', 12, 2648, 7586, 4938, 8.8, 2.8648)
(63, 'urf6_160', 15, 75180, 220560, 145380, 1005.94, 2.9338)
(64, 'ising_model_10', 10, 90, 90, 0, 0.0, 1.0)
(65, 'sys6-v0_111', 10, 98, 251, 153, 0.79, 2.5612)
(66, 'plus63mod8192_164', 14, 81865, 236767, 154902, 1364.05, 2.8922)
(67, 'mod5adder_127', 6, 239, 830, 591, 0.21, 3.4728)
(68, 'rd73_140', 10, 104, 263, 159, 0.54, 2.5288)
(69, '4mod5-v1_23', 5, 32, 77, 45, 0.03, 2.4062)
(70, 'graycode6_47', 6, 5, 5, 0, 0.0, 1.0)
(71, 'ising_model_16', 16, 150, 150, 0, 0.0, 1.0)
(72, 'ham7_104', 7, 149, 512, 363, 0.14, 3.4362)
(73, 'ex-1_166', 3, 9, 18, 9, 0.0, 2.0)
(74, 'decod24-v3_45', 5, 64, 214, 150, 0.04, 3.3438)
(75, 'urf4_187', 11, 224028, 615387, 391359, 5542.92, 2.7469)
(76, 'life_238', 11, 9800, 28895, 19095, 50.32, 2.9485)
(77, 'con1_216', 9, 415, 1171, 756, 1.5, 2.8217)
(78, 'hwb6_56', 7, 2952, 7521, 4569, 6.62, 2.5478)
(79, 'mod10_176', 5, 78, 207, 129, 0.04, 2.6538)
(80, 'ex1_226', 6, 5, 8, 3, 0.0, 1.6)
(81, 'sf_276', 6, 336, 1125, 789, 0.29, 3.3482)
(82, 'cm152a_212', 12, 532, 1576, 1044, 1.68, 2.9624)
(83, '4gt12-v0_87', 6, 112, 277, 165, 0.12, 2.4732)
(84, 'decod24-enable_126', 6, 149, 446, 297, 0.14, 2.9933)
(85, 'radd_250', 13, 1405, 3940, 2535, 24.56, 2.8043)
(86, 'pm1_249', 14, 771, 2325, 1554, 5.55, 3.0156)
(87, 'sf_274', 6, 336, 1092, 756, 0.37, 3.25)
(88, 'miller_11', 3, 23, 50, 27, 0.01, 2.1739)
(89, 'rd53_251', 8, 564, 1530, 966, 1.36, 2.7128)
(90, 'mlp4_245', 16, 8232, 23697, 15465, 273.61, 2.8786)
(91, '9symml_195', 11, 15232, 42700, 27468, 98.41, 2.8033)
(92, 'rd84_142', 15, 154, 421, 267, 2.04, 2.7338)
(93, 'inc_237', 16, 4636, 14191, 9555, 140.18, 3.061)
(94, 'sqn_258', 10, 4459, 13135, 8676, 16.19, 2.9457)
(95, 'alu-v2_33', 5, 17, 38, 21, 0.02, 2.2353)
(96, 'sao2_257', 14, 16864, 48811, 31947, 433.55, 2.8944)
(97, 'co14_215', 15, 7840, 27730, 19890, 110.13, 3.537)
(98, 'decod24-v1_41', 5, 38, 140, 102, 0.03, 3.6842)
(99, '4mod5-v0_20', 5, 10, 19, 9, 0.0, 1.9)
(100, 'alu-v4_37', 5, 18, 42, 24, 0.02, 2.3333)
(101, 'urf3_155', 10, 185276, 490703, 305427, 2651.1, 2.6485)
(102, 'misex1_241', 15, 2100, 7305, 5205, 14.33, 3.4786)
(103, 'alu-v0_27', 5, 17, 41, 24, 0.02, 2.4118)
(104, '4mod5-v1_24', 5, 16, 58, 42, 0.01, 3.625)
(105, '4mod7-v1_96', 5, 72, 168, 96, 0.07, 2.3333)
(106, 'cm82a_208', 8, 283, 694, 411, 0.52, 2.4523)
(107, 'ham15_107', 15, 3858, 11094, 7236, 116.78, 2.8756)
(108, '0example', 5, 9, 45, 36, 0.02, 5.0)
(109, 'dc1_220', 11, 833, 2714, 1881, 2.8, 3.2581)
(110, '4gt4-v1_74', 6, 119, 347, 228, 0.12, 2.916)
(111, 'rd32-v1_68', 4, 16, 34, 18, 0.01, 2.125)
(112, 'decod24-v0_38', 4, 23, 50, 27, 0.01, 2.1739)
(113, 'sym6_316', 14, 123, 318, 195, 0.76, 2.5854)
(114, 'alu-v0_26', 5, 38, 92, 54, 0.03, 2.4211)
(115, 'clip_206', 14, 14772, 44841, 30069, 217.03, 3.0355)
(116, '4mod5-v0_18', 5, 31, 73, 42, 0.02, 2.3548)
(117, 'cm85a_209', 14, 4986, 14778, 9792, 27.47, 2.9639)
(118, 'alu-v4_36', 5, 51, 126, 75, 0.03, 2.4706)
(119, 'one-two-three-v0_97', 5, 128, 386, 258, 0.09, 3.0156)
(120, '4gt13_90', 5, 53, 110, 57, 0.05, 2.0755)
(121, 'mod5d2_64', 5, 25, 61, 36, 0.01, 2.44)
(122, 'ground_state_estimation_10', 13, 154209, 203397, 49188, 14692.85, 1.319)
(123, 'C17_204', 7, 205, 538, 333, 0.42, 2.6244)
(124, '4gt13_92', 5, 30, 126, 96, 0.02, 4.2)
(125, 'rd53_130', 7, 448, 1198, 750, 0.99, 2.6741)
(126, 'alu-v3_34', 5, 24, 54, 30, 0.02, 2.25)
(127, 'decod24-bdd_294', 6, 32, 71, 39, 0.02, 2.2188)
(128, '4gt5_76', 5, 46, 112, 66, 0.07, 2.4348)
(129, 'sym9_146', 12, 148, 385, 237, 0.92, 2.6014)
(130, '4mod5-v1_22', 5, 11, 20, 9, 0.0, 1.8182)
(131, 'rd32_270', 5, 36, 96, 60, 0.03, 2.6667)
(132, 'hwb4_49', 5, 107, 254, 147, 0.07, 2.3738)
(133, 'urf5_280', 9, 23764, 61693, 37929, 107.24, 2.5961)
(134, '4gt5_77', 5, 58, 130, 72, 0.06, 2.2414)
(135, 'rd84_253', 12, 5960, 18101, 12141, 40.12, 3.0371)
(136, '4_49_16', 5, 99, 324, 225, 0.07, 3.2727)
(137, 'qft_10', 10, 90, 153, 63, 0.34, 1.7)
(138, '4mod5-bdd_287', 7, 31, 70, 39, 0.02, 2.2581)
(139, 'qft_16', 16, 240, 501, 261, 9.51, 2.0875)
(140, 'urf1_149', 9, 80878, 207793, 126915, 583.01, 2.5692)
(141, 'urf5_158', 9, 71932, 183067, 111135, 520.57, 2.545)
(142, 'urf3_279', 10, 60380, 164630, 104250, 601.16, 2.7266)
(143, '4gt12-v0_86', 6, 116, 290, 174, 0.12, 2.5)
(144, '4gt4-v0_73', 6, 179, 440, 261, 0.2, 2.4581)
(145, 'alu-v1_29', 5, 17, 41, 24, 0.02, 2.4118)
(146, 'alu-bdd_288', 7, 38, 104, 66, 0.03, 2.7368)
(147, 'decod24-v2_43', 4, 22, 49, 27, 0.01, 2.2273)
(148, 'mod8-10_178', 6, 152, 359, 207, 0.18, 2.3618)
(149, 'one-two-three-v0_98', 5, 65, 263, 198, 0.06, 4.0462)
(150, '4gt4-v0_78', 6, 109, 271, 162, 0.09, 2.4862)
(151, '4mod5-v0_19', 5, 16, 34, 18, 0.01, 2.125)
(152, 'alu-v2_30', 6, 223, 772, 549, 0.32, 3.4619)
(153, 'alu-v3_35', 5, 18, 42, 24, 0.02, 2.3333)
(154, 'dist_223', 13, 16624, 47926, 31302, 230.15, 2.8829)
(155, '4gt4-v0_79', 6, 105, 261, 156, 0.09, 2.4857)
(156, 'hwb8_113', 9, 30372, 85416, 55044, 139.97, 2.8123)
(157, 'ex3_229', 6, 175, 694, 519, 0.27, 3.9657)
(158, 'xor5_254', 6, 5, 8, 3, 0.0, 1.6)
(159, 'f2_232', 8, 525, 1461, 936, 0.69, 2.7829)
The average ratio is 3755145:1443585 = 2.6013
The time spent for this test is 31896.24 : 32472.24

