('QFilter, GVal, SIZE, initial_mapping  =', '01y', True, 'small', 'tsa_sycamore')
('lev, slayer, gamma, stop, anchor =', 3, 0, 0, 10, True)
In this test, we use Type 01y filter and tsa_sycamore initial mapping for small circuits on sycamore
*****************************************
Fri Mar 18 17:34:24 2022
(1, 'rd53_138', 8, 60, 138, 78, 0.16, 2.3)
(2, '4gt13-v1_93', 5, 30, 66, 36, 0.03, 2.2)
(3, 'mod5mils_65', 5, 16, 34, 18, 0.0, 2.125)
(4, 'mod5d1_63', 5, 13, 31, 18, 0.02, 2.3846)
(5, 'sym10_262', 12, 28084, 80785, 52701, 214.54, 2.8765)
(6, 'aj-e11_165', 5, 69, 159, 90, 0.04, 2.3043)
(7, 'hwb9_119', 10, 90955, 243844, 152889, 940.66, 2.6809)
(8, '4gt11_83', 5, 14, 23, 9, 0.0, 1.6429)
(9, 'cm42a_207', 14, 771, 2076, 1305, 6.27, 2.6926)
(10, '4gt4-v0_72', 6, 113, 275, 162, 0.11, 2.4336)
(11, 'max46_240', 10, 11844, 32454, 20610, 45.65, 2.7401)
(12, 'dc2_222', 15, 4131, 11754, 7623, 85.42, 2.8453)
(13, 'sym9_193', 11, 15232, 41896, 26664, 72.61, 2.7505)
(14, 'rd53_135', 7, 134, 383, 249, 0.26, 2.8582)
(15, 'mod10_171', 5, 108, 252, 144, 0.07, 2.3333)
(16, 'ising_model_13', 13, 120, 183, 63, 0.37, 1.525)
(17, 'adr4_197', 13, 1498, 4171, 2673, 19.69, 2.7844)
(18, '4gt11_84', 4, 9, 18, 9, 0.01, 2.0)
(19, '4gt11_82', 5, 18, 33, 15, 0.01, 1.8333)
(20, 'wim_266', 11, 427, 1093, 666, 2.05, 2.5597)
(21, 'rd53_131', 7, 200, 506, 306, 0.24, 2.53)
(22, 'mod8-10_177', 6, 196, 493, 297, 0.12, 2.5153)
(23, '4gt10-v1_81', 5, 66, 165, 99, 0.06, 2.5)
(24, 'alu-v1_28', 5, 18, 45, 27, 0.03, 2.5)
(25, 'cnt3-5_179', 16, 85, 292, 207, 0.89, 3.4353)
(26, 'square_root_7', 15, 3089, 12131, 9042, 29.9, 3.9272)
(27, 'one-two-three-v1_99', 5, 59, 143, 84, 0.05, 2.4237)
(28, 'mini_alu_305', 10, 77, 188, 111, 0.59, 2.4416)
(29, 'rd53_311', 13, 124, 436, 312, 0.54, 3.5161)
(30, '3_17_13', 3, 17, 35, 18, 0.01, 2.0588)
(31, 'rd73_252', 10, 2319, 7440, 5121, 6.41, 3.2083)
(32, '4gt4-v0_80', 6, 79, 190, 111, 0.06, 2.4051)
(33, 'hwb7_59', 8, 10681, 28675, 17994, 17.28, 2.6847)
(34, 'ham3_102', 3, 11, 20, 9, 0.0, 1.8182)
(35, 'cnt3-5_180', 16, 215, 518, 303, 3.29, 2.4093)
(36, 'rd53_133', 7, 256, 748, 492, 0.3, 2.9219)
(37, '4mod7-v0_94', 5, 72, 168, 96, 0.06, 2.3333)
(38, 'plus63mod4096_163', 13, 56329, 159082, 102753, 681.71, 2.8242)
(39, 'mini-alu_167', 5, 126, 297, 171, 0.08, 2.3571)
(40, 'root_255', 13, 7493, 24596, 17103, 86.12, 3.2825)
(41, 'z4_268', 11, 1343, 3563, 2220, 6.49, 2.653)
(42, 'majority_239', 7, 267, 669, 402, 0.25, 2.5056)
(43, 'ex2_227', 7, 275, 761, 486, 0.65, 2.7673)
(44, 'urf2_277', 8, 10066, 26398, 16332, 25.8, 2.6225)
(45, 'one-two-three-v3_101', 5, 32, 71, 39, 0.02, 2.2188)
(46, '4gt13_91', 5, 49, 103, 54, 0.02, 2.102)
(47, '4gt12-v1_89', 6, 100, 253, 153, 0.07, 2.53)
(48, 'sqrt8_260', 12, 1314, 3588, 2274, 7.88, 2.7306)
(49, 'rd32-v0_66', 4, 16, 34, 18, 0.01, 2.125)
(50, 'sym9_148', 10, 9408, 24786, 15378, 52.52, 2.6346)
(51, '4gt5_75', 5, 38, 110, 72, 0.05, 2.8947)
(52, '0410184_169', 14, 104, 311, 207, 1.42, 2.9904)
(53, 'urf2_152', 8, 35210, 89030, 53820, 94.47, 2.5285)
(54, 'urf1_278', 9, 26692, 70369, 43677, 103.38, 2.6363)
(55, 'sym6_145', 7, 1701, 4914, 3213, 1.92, 2.8889)
(56, 'alu-v2_32', 5, 72, 171, 99, 0.03, 2.375)
(57, '4gt12-v0_88', 6, 86, 206, 120, 0.05, 2.3953)
(58, 'squar5_261', 13, 869, 2300, 1431, 12.87, 2.6467)
(59, 'alu-v2_31', 5, 198, 477, 279, 0.13, 2.4091)
(60, 'hwb5_53', 6, 598, 1627, 1029, 0.67, 2.7207)
(61, 'one-two-three-v2_100', 5, 32, 68, 36, 0.01, 2.125)
(62, 'cycle10_2_110', 12, 2648, 8015, 5367, 12.15, 3.0268)
(63, 'urf6_160', 15, 75180, 214635, 139455, 1016.62, 2.8549)
(64, 'ising_model_10', 10, 90, 168, 78, 0.35, 1.8667)
(65, 'sys6-v0_111', 10, 98, 245, 147, 0.56, 2.5)
(66, 'plus63mod8192_164', 14, 81865, 252502, 170637, 1086.93, 3.0844)
(67, 'mod5adder_127', 6, 239, 839, 600, 0.22, 3.5105)
(68, 'rd73_140', 10, 104, 263, 159, 0.44, 2.5288)
(69, '4mod5-v1_23', 5, 32, 77, 45, 0.02, 2.4062)
(70, 'graycode6_47', 6, 5, 8, 3, 0.0, 1.6)
(71, 'ising_model_16', 16, 150, 402, 252, 3.33, 2.68)
(72, 'ham7_104', 7, 149, 368, 219, 0.15, 2.4698)
(73, 'ex-1_166', 3, 9, 18, 9, 0.0, 2.0)
(74, 'decod24-v3_45', 5, 64, 160, 96, 0.11, 2.5)
(75, 'urf4_187', 11, 224028, 599367, 375339, 7849.81, 2.6754)
(76, 'life_238', 11, 9800, 28115, 18315, 52.37, 2.8689)
(77, 'con1_216', 9, 415, 1381, 966, 1.36, 3.3277)
(78, 'hwb6_56', 7, 2952, 7653, 4701, 4.36, 2.5925)
(79, 'mod10_176', 5, 78, 192, 114, 0.07, 2.4615)
(80, 'ex1_226', 6, 5, 11, 6, 0.0, 2.2)
(81, 'sf_276', 6, 336, 822, 486, 0.26, 2.4464)
(82, 'cm152a_212', 12, 532, 1573, 1041, 2.81, 2.9568)
(83, '4gt12-v0_87', 6, 112, 307, 195, 0.26, 2.7411)
(84, 'decod24-enable_126', 6, 149, 359, 210, 0.16, 2.4094)
(85, 'radd_250', 13, 1405, 3850, 2445, 15.76, 2.7402)
(86, 'pm1_249', 14, 771, 2076, 1305, 6.21, 2.6926)
(87, 'sf_274', 6, 336, 828, 492, 0.55, 2.4643)
(88, 'miller_11', 3, 23, 50, 27, 0.01, 2.1739)
(89, 'rd53_251', 8, 564, 1614, 1050, 0.79, 2.8617)
(90, 'mlp4_245', 16, 8232, 23292, 15060, 248.41, 2.8294)
(91, '9symml_195', 11, 15232, 41896, 26664, 67.82, 2.7505)
(92, 'rd84_142', 15, 154, 412, 258, 3.72, 2.6753)
(93, 'inc_237', 16, 4636, 13195, 8559, 154.43, 2.8462)
(94, 'sqn_258', 10, 4459, 13024, 8565, 14.06, 2.9208)
(95, 'alu-v2_33', 5, 17, 38, 21, 0.02, 2.2353)
(96, 'sao2_257', 14, 16864, 49261, 32397, 292.21, 2.9211)
(97, 'co14_215', 15, 7840, 24058, 16218, 113.74, 3.0686)
(98, 'decod24-v1_41', 5, 38, 98, 60, 0.02, 2.5789)
(99, '4mod5-v0_20', 5, 10, 19, 9, 0.0, 1.9)
(100, 'alu-v4_37', 5, 18, 42, 24, 0.01, 2.3333)
(101, 'urf3_155', 10, 185276, 490892, 305616, 2108.49, 2.6495)
(102, 'misex1_241', 15, 2100, 6402, 4302, 17.73, 3.0486)
(103, 'alu-v0_27', 5, 17, 41, 24, 0.01, 2.4118)
(104, '4mod5-v1_24', 5, 16, 43, 27, 0.03, 2.6875)
(105, '4mod7-v1_96', 5, 72, 165, 93, 0.04, 2.2917)
(106, 'cm82a_208', 8, 283, 727, 444, 0.57, 2.5689)
(107, 'ham15_107', 15, 3858, 10995, 7137, 154.91, 2.8499)
(108, '0example', 5, 9, 15, 6, 0.01, 1.6667)
(109, 'dc1_220', 11, 833, 2273, 1440, 2.56, 2.7287)
(110, '4gt4-v1_74', 6, 119, 329, 210, 0.1, 2.7647)
(111, 'rd32-v1_68', 4, 16, 34, 18, 0.01, 2.125)
(112, 'decod24-v0_38', 4, 23, 50, 27, 0.01, 2.1739)
(113, 'sym6_316', 14, 123, 486, 363, 0.48, 3.9512)
(114, 'alu-v0_26', 5, 38, 86, 48, 0.02, 2.2632)
(115, 'clip_206', 14, 14772, 46923, 32151, 188.39, 3.1765)
(116, '4mod5-v0_18', 5, 31, 70, 39, 0.01, 2.2581)
(117, 'cm85a_209', 14, 4986, 17427, 12441, 21.97, 3.4952)
(118, 'alu-v4_36', 5, 51, 117, 66, 0.05, 2.2941)
(119, 'one-two-three-v0_97', 5, 128, 314, 186, 0.14, 2.4531)
(120, '4gt13_90', 5, 53, 110, 57, 0.03, 2.0755)
(121, 'mod5d2_64', 5, 25, 58, 33, 0.01, 2.32)
(122, 'ground_state_estimation_10', 13, 154209, 203994, 49785, 13478.47, 1.3228)
(123, 'C17_204', 7, 205, 532, 327, 0.23, 2.5951)
(124, '4gt13_92', 5, 30, 66, 36, 0.03, 2.2)
(125, 'rd53_130', 7, 448, 1282, 834, 0.91, 2.8616)
(126, 'alu-v3_34', 5, 24, 54, 30, 0.02, 2.25)
(127, 'decod24-bdd_294', 6, 32, 86, 54, 0.01, 2.6875)
(128, '4gt5_76', 5, 46, 109, 63, 0.04, 2.3696)
(129, 'sym9_146', 12, 148, 376, 228, 0.98, 2.5405)
(130, '4mod5-v1_22', 5, 11, 20, 9, 0.0, 1.8182)
(131, 'rd32_270', 5, 36, 84, 48, 0.02, 2.3333)
(132, 'hwb4_49', 5, 107, 251, 144, 0.06, 2.3458)
(133, 'urf5_280', 9, 23764, 61207, 37443, 75.86, 2.5756)
(134, '4gt5_77', 5, 58, 139, 81, 0.03, 2.3966)
(135, 'rd84_253', 12, 5960, 16973, 11013, 41.84, 2.8478)
(136, '4_49_16', 5, 99, 243, 144, 0.05, 2.4545)
(137, 'qft_10', 10, 90, 435, 345, 0.12, 4.8333)
(138, '4mod5-bdd_287', 7, 31, 70, 39, 0.02, 2.2581)
(139, 'qft_16', 16, 240, 897, 657, 0.86, 3.7375)
(140, 'urf1_149', 9, 80878, 207409, 126531, 493.93, 2.5645)
(141, 'urf5_158', 9, 71932, 189793, 117861, 428.44, 2.6385)
(142, 'urf3_279', 10, 60380, 168635, 108255, 425.13, 2.7929)
(143, '4gt12-v0_86', 6, 116, 314, 198, 0.24, 2.7069)
(144, '4gt4-v0_73', 6, 179, 425, 246, 0.21, 2.3743)
(145, 'alu-v1_29', 5, 17, 41, 24, 0.02, 2.4118)
(146, 'alu-bdd_288', 7, 38, 89, 51, 0.07, 2.3421)
(147, 'decod24-v2_43', 4, 22, 49, 27, 0.01, 2.2273)
(148, 'mod8-10_178', 6, 152, 365, 213, 0.12, 2.4013)
(149, 'one-two-three-v0_98', 5, 65, 161, 96, 0.05, 2.4769)
(150, '4gt4-v0_78', 6, 109, 274, 165, 0.13, 2.5138)
(151, '4mod5-v0_19', 5, 16, 34, 18, 0.01, 2.125)
(152, 'alu-v2_30', 6, 223, 610, 387, 0.15, 2.7354)
(153, 'alu-v3_35', 5, 18, 42, 24, 0.01, 2.3333)
(154, 'dist_223', 13, 16624, 54352, 37728, 175.93, 3.2695)
(155, '4gt4-v0_79', 6, 105, 261, 156, 0.13, 2.4857)
(156, 'hwb8_113', 9, 30372, 82827, 52455, 115.81, 2.7271)
(157, 'ex3_229', 6, 175, 442, 267, 0.21, 2.5257)
(158, 'xor5_254', 6, 5, 11, 6, 0.0, 2.2)
(159, 'f2_232', 8, 525, 1323, 798, 1.12, 2.52)
The average ratio is 3748710:1443585 = 2.5968
The time spent for this test is 31211.36 : 60573.72
