alu-v4_36
51 15 0.02518939971923828
4gt12-v0_86
116 51 0.10261678695678711
C17_204
205 120 0.22978663444519043
cm42a_207
771 369 2.420536756515503
4mod5-bdd_287
31 30 0.015923023223876953
4gt11_82
18 3 0.005502462387084961
4mod5-v1_24
16 0 0.004270076751708984
rd53_311
124 105 0.12850022315979004
f2_232
525 345 1.2129852771759033
sym9_148
9408 2691 358.4606237411499
ex1_226
5 3 0.015480995178222656
sao2_257
16864 12444 1194.659563779831
decod24-v1_41
38 3 0.04058337211608887
graycode6_47
5 6 0.003733396530151367
4mod5-v0_19
16 15 0.007588863372802734
hwb6_56
2952 2355 36.19406175613403
4gt13-v1_93
30 21 0.02004528045654297
ising_model_13
120 102 0.10994172096252441
inc_237
4636 1902 74.23017406463623
z4_268
1343 894 6.822596549987793
rd32-v1_68
16 21 0.009855508804321289
alu-v2_33
17 21 0.008958101272583008
ex2_227
275 273 0.4678077697753906
4gt5_75
38 6 0.01655435562133789
rd84_142
154 183 0.1567211151123047
4gt5_76
46 33 0.23144817352294922
square_root_7
3089 1245 29.785801649093628
one-two-three-v3_101
32 33 0.018740177154541016
life_238
9800 5634 419.01967310905457
cm152a_212
532 231 1.7733700275421143
4gt11_84
9 0 0.004745006561279297
dc1_220
833 453 3.9837939739227295
urf2_277
10066 7767 482.15385723114014
qft_10
90 135 0.12888026237487793
4gt10-v1_81
66 33 0.05391216278076172
alu-v4_37
18 12 0.010648965835571289
hwb7_59
10681 7026 530.5293772220612
0example
9 6 0.026639938354492188
max46_240
11844 8445 643.721403837204
one-two-three-v0_97
128 126 0.212416410446167
rd32_270
36 21 0.0301663875579834
alu-v1_28
18 21 0.013784170150756836
alu-v3_35
18 9 0.008743762969970703
cm85a_209
4986 4545 89.16656541824341
ex3_229
175 162 0.19374632835388184
alu-v1_29
17 42 0.011214971542358398
4gt4-v0_80
79 93 0.09478950500488281
qft_16
240 357 0.32862257957458496
4gt12-v0_87
112 114 0.09208226203918457
hwb4_49
107 96 0.0915989875793457
4gt4-v0_79
105 132 0.07969880104064941
mod5mils_65
16 18 0.009021282196044922
miller_11
23 36 0.013272523880004883
rd32-v0_66
16 12 0.00819706916809082
decod24-v0_38
23 30 0.011133432388305664
rd53_133
256 114 0.3464338779449463
dist_223
16624 11025 1198.26216506958
rd53_138
60 48 0.06478023529052734
0410184_169
9 3 0.0038671493530273438
cnt3-5_179
85 114 0.06883430480957031
aj-e11_165
69 75 0.05105900764465332
mod8-10_177
196 153 0.2200450897216797
mod5d1_63
13 0 0.005394697189331055
ising_model_16
150 63 0.12634611129760742
decod24-bdd_294
32 21 0.015925884246826172
rd53_135
134 123 0.2123861312866211
rd73_140
104 141 0.08157515525817871
sym9_193
15232 9315 1047.9272241592407
alu-v2_30
223 147 0.3183460235595703
4gt11_83
14 0 0.005950450897216797
4mod7-v1_96
72 36 0.06485557556152344
sys6-v0_111
98 81 0.09415936470031738
4gt5_77
58 72 0.05212998390197754
sym9_146
148 162 0.19005727767944336
radd_250
1405 1164 10.596684455871582
rd84_253
5960 3870 168.6162130832672
4gt12-v0_88
86 153 0.10085725784301758
rd73_252
2319 1308 26.982041597366333
ising_model_10
90 33 0.08789944648742676
mod10_176
78 54 0.07091951370239258
cnt3-5_180
215 213 0.24786734580993652
mini-alu_167
126 48 0.10843396186828613
sf_276
336 330 0.6364719867706299
squar5_261
869 603 3.9790446758270264
4_49_16
99 114 0.11935925483703613
4mod5-v0_20
10 9 0.0065648555755615234
one-two-three-v2_100
32 15 0.022929668426513672
co14_215
7840 6396 246.43763494491577
mod8-10_178
152 123 0.22720050811767578
wim_266
427 306 1.113344430923462
ham3_102
11 0 0.005318880081176758
decod24-enable_126
149 45 0.18149590492248535
alu-bdd_288
38 30 0.028723478317260742
mod5d2_64
25 27 0.019453763961791992
4gt4-v0_72
113 99 0.12932229042053223
ham7_104
149 84 0.19742822647094727
9symml_195
15232 12525 1155.5672998428345
cycle10_2_110
2648 1878 23.638044118881226
4gt4-v0_73
179 147 0.19177675247192383
4gt4-v1_74
119 96 0.09092855453491211
alu-v3_34
24 42 0.014858007431030273
3_17_13
17 21 0.0086517333984375
decod24-v3_45
64 57 0.04044079780578613
xor5_254
5 0 0.001130819320678711
alu-v2_31
198 234 0.2481372356414795
hwb8_113
30372 18582 3392.684270143509
misex1_241
2100 549 15.469400405883789
sqn_258
4459 2808 71.16724061965942
rd53_130
448 363 1.1596152782440186
root_255
7493 4578 236.8506863117218
4mod5-v1_22
11 0 0.016636371612548828
hwb5_53
598 549 2.277402400970459
alu-v0_26
38 3 0.02941608428955078
mini_alu_305
77 105 0.08650422096252441
rd53_131
200 102 0.2993893623352051
dc2_222
4131 2040 65.99928188323975
4gt4-v0_78
109 69 0.18240737915039062
adr4_197
1498 1473 8.221622228622437
cm82a_208
283 243 0.40424346923828125
4gt13_90
53 27 0.03429412841796875
ex-1_166
9 12 0.004041433334350586
urf5_280
23764 16002 1992.9933500289917
4gt12-v1_89
100 48 0.10249018669128418
4mod7-v0_94
72 30 0.04250669479370117
mod5adder_127
239 216 0.3413269519805908
sqrt8_260
1314 1062 6.121232748031616
sym10_262
28084 19185 2676.18714928627
mlp4_245
8232 4908 205.4396243095398
rd53_251
564 588 1.467944622039795
alu-v0_27
17 9 0.0065877437591552734
4mod5-v1_23
32 33 0.01632857322692871
sym6_145
1701 1254 11.37184476852417
4mod5-v0_18
31 15 0.014559507369995117
decod24-v2_43
22 36 0.012073516845703125
ham15_107
3858 2982 51.79773926734924