4mod5-v1_24
16.0 12.0 0.008926630020141602
decod24-v3_45
64.0 81.0 0.039235830307006836
3_17_13
17.0 24.0 0.0067348480224609375
alu-v1_28
18.0 6.0 0.005860567092895508
decod24-v1_41
38.0 60.0 0.019037723541259766
4mod5-v1_23
32.0 51.0 0.017473936080932617
sys6-v0_111
98.0 90.0 0.057091474533081055
4gt4-v0_80
79.0 75.0 0.046588897705078125
4gt5_75
38.0 36.0 0.01698899269104004
alu-bdd_288
38.0 42.0 0.019241809844970703
4gt13_91
49.0 42.0 0.026859760284423828
mini_alu_305
77.0 114.0 0.044976234436035156
ising_model_10
90.0 90.0 0.053876399993896484
alu-v0_27
17.0 27.0 0.00673365592956543
4mod5-v0_18
31.0 45.0 0.015186786651611328
mod5d1_63
13.0 0.0 0.0043680667877197266
4gt13-v1_93
30.0 24.0 0.015319108963012695
4gt12-v0_88
86.0 93.0 0.05059337615966797
4gt11_83
14.0 21.0 0.005960702896118164
decod24-v0_38
23.0 42.0 0.011435985565185547
one-two-three-v2_100
32.0 0.0 0.011154651641845703
rd32_270
36.0 36.0 0.019053936004638672
4gt11_84
9.0 18.0 0.0037353038787841797
4gt11_82
18.0 33.0 0.008238077163696289
alu-v4_36
51.0 18.0 0.022847652435302734
graycode6_47
5.0 9.0 0.002512216567993164
rd32-v0_66
16.0 21.0 0.006505250930786133
4mod5-v0_19
16.0 21.0 0.007978677749633789
4gt10-v1_81
66.0 48.0 0.03435921669006348
0example
9.0 15.0 0.004072666168212891
ham3_102
11.0 15.0 0.004058122634887695
alu-v2_32
72.0 108.0 0.04634499549865723
cnt3-5_179
85.0 36.0 0.06123089790344238
alu-v4_37
18.0 27.0 0.007253408432006836
alu-v1_29
17.0 42.0 0.008219480514526367
4gt13_90
53.0 84.0 0.02864670753479004
one-two-three-v0_98
65.0 51.0 0.03614473342895508
xor5_254
5.0 9.0 0.0024585723876953125
0410184_169
9.0 15.0 0.003846406936645508
alu-v3_35
18.0 24.0 0.006780862808227539
rd32-v1_68
16.0 21.0 0.006569623947143555
mod5d2_64
25.0 27.0 0.011530160903930664
4gt5_77
58.0 66.0 0.030792236328125
qft_10
90.0 138.0 0.06223320960998535
one-two-three-v1_99
59.0 51.0 0.03330230712890625
4mod5-v0_20
10.0 12.0 0.004469156265258789
one-two-three-v3_101
32.0 15.0 0.013408899307250977
ex-1_166
9.0 12.0 0.0032873153686523438
mod10_176
78.0 45.0 0.045401573181152344
4mod5-bdd_287
31.0 27.0 0.013054847717285156
decod24-v2_43
22.0 36.0 0.010316133499145508
rd53_138
60.0 33.0 0.03225111961364746
4mod7-v1_96
72.0 78.0 0.042345523834228516
4_49_16
99.0 84.0 0.08757185935974121
mod5mils_65
16.0 15.0 0.006863832473754883
ex1_226
5.0 9.0 0.002477884292602539
alu-v0_26
38.0 57.0 0.018980979919433594
alu-v2_33
17.0 24.0 0.00761103630065918
4mod5-v1_22
11.0 12.0 0.004850625991821289
4gt5_76
46.0 57.0 0.022911787033081055
alu-v3_34
24.0 42.0 0.011520147323608398
4mod7-v0_94
72.0 72.0 0.04307842254638672
aj-e11_165
69.0 81.0 0.0402071475982666
decod24-bdd_294
32.0 57.0 0.016400814056396484
miller_11
23.0 36.0 0.010260820388793945
4gt13_92
30.0 51.0 0.01407480239868164
wim_266
427.0 396.0 0.6794869899749756
rd53_131
200.0 303.0 0.2044687271118164
rd53_251
564.0 363.0 1.224609613418579
mini-alu_167
126.0 48.0 0.09383440017700195
sf_274
336.0 378.0 0.5030612945556641
hwb5_53
598.0 402.0 1.3856353759765625
rd53_133
256.0 195.0 0.28703975677490234
4gt4-v0_79
105.0 78.0 0.0710902214050293
con1_216
415.0 357.0 0.6446263790130615
4gt12-v0_87
112.0 114.0 0.07579827308654785
cm82a_208
283.0 303.0 0.3335399627685547
4gt12-v1_89
100.0 129.0 0.07274270057678223
4gt4-v1_74
119.0 135.0 0.08356261253356934
4gt4-v0_78
109.0 84.0 0.07199287414550781
cm152a_212
532.0 588.0 1.068288803100586
rd53_130
448.0 366.0 0.7827556133270264
majority_239
267.0 261.0 0.3227689266204834
C17_204
205.0 138.0 0.19909930229187012
ex2_227
275.0 234.0 0.30864691734313965
ex3_229
175.0 201.0 0.16761326789855957
cnt3-5_180
215.0 294.0 0.20919060707092285
alu-v2_30
223.0 153.0 0.21959137916564941
mod8-10_177
196.0 195.0 0.1896967887878418
ham7_104
149.0 150.0 0.12563014030456543
cm42a_207
771.0 492.0 2.0714612007141113
decod24-enable_126
149.0 174.0 0.11350870132446289
4gt4-v0_73
179.0 183.0 0.16855931282043457
rd53_135
134.0 96.0 0.09804630279541016
f2_232
525.0 297.0 0.9918160438537598
alu-v2_31
198.0 237.0 0.22287583351135254
dc1_220
833.0 768.0 2.3677680492401123
rd84_142
154.0 138.0 0.11535453796386719
mod10_171
108.0 132.0 0.08365154266357422
4gt12-v0_86
116.0 150.0 0.08176755905151367
pm1_249
771.0 492.0 2.0893452167510986
sym9_146
148.0 168.0 0.12518668174743652
one-two-three-v0_97
128.0 111.0 0.10215282440185547
mod8-10_178
152.0 120.0 0.14545989036560059
sym6_316
123.0 138.0 0.08426213264465332
mod5adder_127
239.0 228.0 0.26625776290893555
rd73_140
104.0 102.0 0.0688779354095459
4gt4-v0_72
113.0 114.0 0.07645392417907715
hwb4_49
107.0 114.0 0.0789480209350586
squar5_261
869.0 507.0 2.4256696701049805
sf_276
336.0 345.0 0.5175995826721191
rd53_311
124.0 93.0 0.07593560218811035
urf2_277
10066.0 7815.0 334.02557373046875
sqrt8_260
1314.0 912.0 5.231855869293213
misex1_241
2100.0 1971.0 13.311945676803589
radd_250
1405.0 882.0 6.141743183135986
hwb6_56
2952.0 1818.0 29.126878261566162
cycle10_2_110
2648.0 1701.0 20.51193618774414
sym6_145
1701.0 1479.0 9.916074514389038
hwb7_59
10681.0 8178.0 358.5906000137329
ising_model_16
150.0 21.0 0.10632181167602539
ising_model_13
120.0 39.0 0.0757906436920166
qft_16
240.0 417.0 0.27630162239074707