rd53_138
original 0.0 132.0 195.0 90.0 63.0 3.0 0.69 0.011434
4gt13-v1_93
original 0.0 68.0 92.0 47.0 24.0 5.0 0.93 0.004963
mod5mils_65
original 0.0 35.0 47.0 28.0 12.0 3.0 0.69 0.002553
mod5d1_63
original 0.0 22.0 31.0 22.0 9.0 3.0 0.69 0.002017
sym10_262
improve 0.0 64283.0 90587.0 48800.0 26304.0 2.0 0.63 1.967956
aj-e11_165
original 0.0 151.0 214.0 122.0 63.0 2.0 0.47 0.027354
hwb9_119
improve 0.0 207775.0 288799.0 160309.0 81024.0 2.0 0.73 6.521913
4gt11_83
original 0.0 23.0 26.0 17.0 3.0 5.0 0.93 0.060433
cm42a_207
original 0.0 1776.0 2301.0 1083.0 525.0 2.0 0.8 0.045074
4gt4-v0_72
original 0.0 258.0 324.0 149.0 66.0 2.0 0.47 0.012529
max46_240
improve 0.0 27126.0 37698.0 21065.0 10572.0 2.0 0.27 0.856036
dc2_222
improve 0.0 9462.0 12771.0 6852.0 3309.0 2.0 0.1 0.334012
sym9_193
original 0.0 34881.0 45330.0 22143.0 10449.0 5.0 0.5 1.149087
rd53_135
improve 0.0 296.0 380.0 200.0 84.0 5.0 0.93 0.023688
mod10_171
original 0.0 244.0 271.0 136.0 27.0 3.0 0.69 0.009915
ising_model_13
original 0.0 633.0 666.0 143.0 33.0 3.0 0.69 0.01107
adr4_197
original 0.0 3439.0 4387.0 2047.0 948.0 2.0 0.73 0.096367
4gt11_84
original 0.0 18.0 21.0 12.0 3.0 5.0 0.93 0.002703
4gt11_82
original 0.0 27.0 30.0 21.0 3.0 5.0 0.93 0.002131
wim_266
improve 0.0 986.0 1298.0 675.0 312.0 8.0 0.59 0.042088
rd53_131
original 0.0 469.0 589.0 280.0 120.0 4.0 0.99 0.038851
mod8-10_177
original 0.0 440.0 662.0 390.0 222.0 7.0 0.29 0.023293
4gt10-v1_81
original 0.0 148.0 184.0 98.0 36.0 3.0 0.69 0.007899
alu-v1_28
original 0.0 37.0 52.0 31.0 15.0 5.0 0.93 0.00285
cnt3-5_179
original 0.0 175.0 241.0 90.0 66.0 1.0 0.3111 0.034269
square_root_7
original 0.0 7630.0 10366.0 4686.0 2736.0 1.0 0.2 0.257079
one-two-three-v1_99
original 0.0 132.0 162.0 85.0 30.0 5.0 0.93 0.010675
mini_alu_305
original 0.0 173.0 248.0 98.0 75.0 5.0 0.93 0.011201
rd53_311
improve 0.0 275.0 392.0 210.0 117.0 4.0 1.0 0.017764
3_17_13
original 0.0 36.0 54.0 34.0 18.0 1.0 0.1511 0.003279
rd73_252
original 0.0 5321.0 7301.0 3651.0 1980.0 4.0 0.89 0.175125
4gt4-v0_80
original 0.0 179.0 254.0 141.0 75.0 1.0 0.1511 0.010916
hwb7_59
original 0.0 24379.0 34237.0 18105.0 9858.0 6.0 0.37 0.87985
ham3_102
original 0.0 20.0 23.0 14.0 3.0 5.0 0.93 0.009918
cnt3-5_180
original 0.0 485.0 644.0 275.0 159.0 7.0 0.91 0.019901
rd53_133
original 0.0 580.0 769.0 408.0 189.0 5.0 0.93 0.023948
4mod7-v0_94
original 0.0 162.0 207.0 114.0 45.0 3.0 0.69 0.009259
plus63mod4096_163
original 0.0 128744.0 184493.0 97605.0 55749.0 2.0 0.57 4.168505
mini-alu_167
original 0.0 288.0 426.0 243.0 138.0 5.0 0.93 0.047147
root_255
original 0.0 17159.0 22886.0 10943.0 5727.0 7.0 0.91 0.560215
z4_268
improve 0.0 3073.0 4132.0 2219.0 1059.0 2.0 0.47 0.090642
majority_239
original 0.0 612.0 837.0 447.0 225.0 4.0 0.89 0.025462
ex2_227
original 0.0 631.0 805.0 409.0 174.0 7.0 0.59 0.024525
urf2_277
improve 0.0 20112.0 28827.0 17576.0 8715.0 8.0 0.99 0.788191
one-two-three-v3_101
original 0.0 70.0 88.0 46.0 18.0 1.0 0.1511 0.010289
4gt13_91
original 0.0 103.0 127.0 67.0 24.0 5.0 0.93 0.005475
4gt12-v1_89
original 0.0 228.0 291.0 146.0 63.0 1.0 0.1511 0.010733
sqrt8_260
original 0.0 3009.0 3936.0 1900.0 927.0 8.0 0.99 0.103158
rd32-v0_66
original 0.0 34.0 46.0 28.0 12.0 1.0 0.1511 0.003611
sym9_148
improve 0.0 21504.0 28119.0 15836.0 6615.0 7.0 0.8 0.716884
4gt5_75
original 0.0 83.0 122.0 69.0 39.0 2.0 0.47 0.013561
0410184_169
improve 0.0 211.0 331.0 155.0 120.0 3.0 0.19 0.015948
urf2_152
improve 0.0 80480.0 113357.0 65359.0 32877.0 2.0 0.1 2.428128
urf1_278
improve 0.0 54766.0 81919.0 48810.0 27153.0 2.0 0.27 2.047033
sym6_145
original 0.0 3888.0 4692.0 2237.0 804.0 6.0 0.91 0.114849
alu-v2_32
original 0.0 163.0 199.0 98.0 36.0 1.0 0.1511 0.007647
4gt12-v0_88
original 0.0 194.0 248.0 123.0 54.0 5.0 0.93 0.010404
squar5_261
original 0.0 1993.0 2572.0 1176.0 579.0 7.0 0.29 0.072297
alu-v2_31
original 0.0 451.0 511.0 253.0 60.0 6.0 0.91 0.015387
hwb5_53
improve 0.0 1336.0 1852.0 1052.0 516.0 4.0 0.89 0.046445
one-two-three-v2_100
original 0.0 69.0 102.0 55.0 33.0 1.0 0.2 0.004436
cycle10_2_110
original 0.0 6050.0 8717.0 4702.0 2667.0 7.0 0.19 0.238357
urf6_160
original 0.0 171840.0 245250.0 126654.0 73410.0 7.0 0.39 6.333817
ising_model_10
original 0.0 480.0 483.0 110.0 3.0 5.0 0.93 0.049881
sys6-v0_111
improve 0.0 215.0 305.0 139.0 90.0 1.0 0.71 0.006829
plus63mod8192_164
improve 0.0 187112.0 266426.0 148323.0 79314.0 3.0 0.5 6.318183
mod5adder_127
original 0.0 555.0 675.0 316.0 120.0 7.0 0.29 0.071178
rd73_140
original 0.0 230.0 326.0 145.0 96.0 7.0 0.29 0.01377
4mod5-v1_23
original 0.0 69.0 99.0 61.0 30.0 5.0 0.93 0.00503
graycode6_47
original 0.0 5.0 8.0 7.0 3.0 5.0 0.93 0.001283
ising_model_16
original 0.0 786.0 813.0 176.0 27.0 5.0 0.31 0.01159
ham7_104
original 0.0 320.0 377.0 180.0 57.0 1.0 0.1511 0.013221
ex-1_166
original 0.0 19.0 31.0 21.0 12.0 2.0 0.47 0.001992
decod24-v3_45
original 0.0 150.0 168.0 86.0 18.0 2.0 0.47 0.006625
urf4_187
improve 0.0 512064.0 691056.0 366287.0 178992.0 2.0 0.59 15.082225
life_238
original 0.0 22445.0 33155.0 17806.0 10710.0 3.0 0.1 0.915084
con1_216
improve 0.0 954.0 1203.0 623.0 249.0 2.0 0.8 0.03376
hwb6_56
original 0.0 6723.0 9483.0 5005.0 2760.0 3.0 0.69 0.213495
mod10_176
original 0.0 178.0 232.0 120.0 54.0 2.0 0.47 0.01245
ex1_226
original 0.0 7.0 16.0 10.0 9.0 5.0 0.93 0.001612
sf_276
original 0.0 778.0 1024.0 527.0 246.0 3.0 0.69 0.02657
cm152a_212
improve 0.0 1221.0 1557.0 758.0 336.0 3.0 0.69 0.041485
4gt12-v0_87
original 0.0 247.0 352.0 194.0 105.0 5.0 0.93 0.013988
decod24-enable_126
original 0.0 338.0 452.0 247.0 114.0 2.0 0.47 0.01467
radd_250
improve 0.0 3213.0 4341.0 2394.0 1128.0 3.0 0.69 0.101865
pm1_249
original 0.0 1776.0 2307.0 1099.0 531.0 5.0 0.93 0.057229
sf_274
original 0.0 781.0 1117.0 551.0 336.0 8.0 0.59 0.034085
miller_11
original 0.0 50.0 77.0 50.0 27.0 2.0 0.47 0.004649
rd53_251
original 0.0 1291.0 1912.0 1075.0 621.0 2.0 0.47 0.043186
mlp4_245
improve 0.0 18852.0 26202.0 14081.0 7350.0 7.0 0.59 0.72556
9symml_195
original 0.0 34881.0 48666.0 25077.0 13785.0 6.0 0.91 1.252091
rd84_142
original 0.0 343.0 496.0 189.0 153.0 5.0 0.93 0.031064
inc_237
original 0.0 10619.0 13919.0 6908.0 3300.0 2.0 0.8 0.302655
sqn_258
improve 0.0 10223.0 13883.0 7525.0 3660.0 5.0 0.93 0.323059
alu-v2_33
original 0.0 37.0 52.0 30.0 15.0 5.0 0.93 0.006397
sao2_257
improve 0.0 38577.0 51336.0 26293.0 12759.0 6.0 0.33 1.270166
co14_215
improve 0.0 17936.0 25583.0 12398.0 7647.0 3.0 0.9 0.706673
decod24-v1_41
original 0.0 85.0 127.0 70.0 42.0 2.0 0.8 0.009845
4mod5-v0_20
original 0.0 20.0 35.0 22.0 15.0 5.0 0.93 0.002502
alu-v4_37
original 0.0 37.0 43.0 24.0 6.0 5.0 0.93 0.00233
urf3_155
original 0.0 423488.0 616091.0 327864.0 192603.0 7.0 0.91 15.776125
misex1_241
improve 0.0 4813.0 6100.0 3208.0 1287.0 2.0 0.8 0.246105
alu-v0_27
original 0.0 36.0 48.0 27.0 12.0 5.0 0.93 0.002559
4mod5-v1_24
original 0.0 36.0 39.0 20.0 3.0 5.0 0.93 0.002205
4mod7-v1_96
original 0.0 164.0 263.0 156.0 99.0 2.0 0.47 0.010828
cm82a_208
original 0.0 650.0 890.0 425.0 240.0 3.0 0.69 0.028385
ham15_107
original 0.0 8763.0 12066.0 6203.0 3303.0 2.0 0.73 0.303212
0example
original 0.0 9.0 15.0 13.0 6.0 5.0 0.93 0.004476
dc1_220
original 0.0 1914.0 2412.0 1106.0 498.0 2.0 0.8 0.061024
4gt4-v1_74
original 0.0 273.0 396.0 231.0 123.0 2.0 0.47 0.015567
rd32-v1_68
original 0.0 36.0 48.0 28.0 12.0 5.0 0.93 0.003125
decod24-v0_38
original 0.0 51.0 51.0 28.0 0.0 5.0 0.93 0.002528
sym6_316
original 0.0 270.0 414.0 198.0 144.0 7.0 0.91 0.016196
alu-v0_26
original 0.0 84.0 135.0 82.0 51.0 2.0 0.47 0.005898
clip_206
original 0.0 33827.0 46151.0 22309.0 12324.0 3.0 0.49 1.064084
4mod5-v0_18
original 0.0 69.0 84.0 43.0 15.0 5.0 0.93 0.014302
cm85a_209
improve 0.0 11414.0 15074.0 8025.0 3660.0 7.0 0.91 0.374009
alu-v4_36
original 0.0 115.0 142.0 76.0 27.0 1.0 0.1511 0.009233
one-two-three-v0_97
original 0.0 290.0 362.0 188.0 72.0 3.0 0.69 0.01202
4gt13_90
original 0.0 107.0 122.0 65.0 15.0 5.0 0.93 0.005681
mod5d2_64
original 0.0 53.0 71.0 42.0 18.0 5.0 0.93 0.004108
ground_state_estimation_10
original 0.0 390180.0 417513.0 206409.0 27333.0 8.0 0.59 9.719971
C17_204
original 0.0 467.0 599.0 289.0 132.0 7.0 0.29 0.134977
4gt13_92
original 0.0 66.0 105.0 66.0 39.0 5.0 0.93 0.003094
rd53_130
original 0.0 1043.0 1331.0 627.0 288.0 7.0 0.29 0.038065
alu-v3_34
original 0.0 52.0 85.0 55.0 33.0 6.0 0.91 0.004541
decod24-bdd_294
original 0.0 73.0 103.0 56.0 30.0 5.0 0.93 0.005534
4gt5_76
original 0.0 91.0 103.0 53.0 12.0 5.0 0.93 0.004985
sym9_146
improve 0.0 328.0 475.0 212.0 147.0 2.0 0.8 0.018971
4mod5-v1_22
original 0.0 21.0 27.0 17.0 6.0 3.0 0.69 0.001823
rd32_270
original 0.0 84.0 114.0 59.0 30.0 5.0 0.93 0.005304
hwb4_49
original 0.0 233.0 314.0 166.0 81.0 5.0 0.93 0.013458
urf5_280
improve 0.0 49829.0 73820.0 44910.0 23991.0 3.0 0.23 1.766638
4gt5_77
original 0.0 131.0 206.0 127.0 75.0 1.0 0.1511 0.020976
rd84_253
improve 0.0 13658.0 18455.0 9519.0 4797.0 7.0 0.29 0.499543
4_49_16
original 0.0 217.0 337.0 204.0 120.0 2.0 0.47 0.015618
qft_10
improve 0.0 200.0 275.0 91.0 75.0 3.0 0.49 0.026603
4mod5-bdd_287
original 0.0 70.0 97.0 55.0 27.0 2.0 0.47 0.004096
qft_16
improve 0.0 512.0 779.0 230.0 267.0 5.0 0.93 0.124627
urf1_149
original 0.0 184864.0 257977.0 135705.0 73113.0 7.0 0.91 6.432221
urf5_158
original 0.0 164416.0 233179.0 122227.0 68763.0 2.0 0.57 5.119027
urf3_279
improve 0.0 125362.0 187777.0 110564.0 62415.0 5.0 0.15 4.920181
4gt12-v0_86
original 0.0 251.0 347.0 180.0 96.0 5.0 0.93 0.044058
4gt4-v0_73
original 0.0 395.0 563.0 308.0 168.0 2.0 0.47 0.011124
alu-v1_29
original 0.0 37.0 64.0 42.0 27.0 5.0 0.93 0.003973
alu-bdd_288
original 0.0 84.0 123.0 73.0 39.0 5.0 0.93 0.006134
decod24-v2_43
original 0.0 52.0 76.0 43.0 24.0 2.0 0.47 0.00439
mod8-10_178
original 0.0 342.0 372.0 190.0 30.0 5.0 0.31 0.012685
one-two-three-v0_98
original 0.0 146.0 188.0 96.0 42.0 5.0 0.93 0.007857
4gt4-v0_78
original 0.0 235.0 391.0 244.0 156.0 5.0 0.93 0.015182
4mod5-v0_19
original 0.0 35.0 44.0 25.0 9.0 2.0 0.47 0.002337
alu-v2_30
improve 0.0 504.0 720.0 398.0 216.0 2.0 0.8 0.021318
alu-v3_35
original 0.0 37.0 52.0 27.0 15.0 6.0 0.91 0.003389
dist_223
improve 0.0 38046.0 53862.0 28935.0 15816.0 7.0 0.91 1.408107
4gt4-v0_79
original 0.0 231.0 243.0 126.0 12.0 1.0 0.1511 0.017384
hwb8_113
original 0.0 69380.0 99560.0 53128.0 30180.0 2.0 0.57 2.1871
ex3_229
original 0.0 403.0 568.0 294.0 165.0 7.0 0.91 0.037357
xor5_254
original 0.0 7.0 7.0 5.0 0.0 5.0 0.93 0.001272
f2_232
original 0.0 1206.0 1593.0 822.0 387.0 1.0 0.1511 0.033925
