rd53_138
original 0.0 132.0 171.0 71.0 39.0 4.0 0.581111 0.004885
4gt13-v1_93
original 0.0 68.0 68.0 39.0 0.0 4.0 0.581111 0.001837
mod5mils_65
original 0.0 35.0 35.0 21.0 0.0 4.0 0.581111 0.001869
mod5d1_63
original 0.0 22.0 22.0 13.0 0.0 4.0 0.581111 0.001515
sym10_262
improve 0.0 64283.0 85934.0 42110.0 21651.0 5.0 0.2401 1.678607
aj-e11_165
original 0.0 151.0 175.0 95.0 24.0 4.0 0.581111 0.013781
hwb9_119
original 0.0 207775.0 271387.0 133646.0 63612.0 2.0 0.351 13.302983
4gt11_83
original 0.0 23.0 23.0 16.0 0.0 4.0 0.581111 0.044269
cm42a_207
original 0.0 1776.0 2172.0 1080.0 396.0 3.0 0.79722 0.067919
4gt4-v0_72
original 0.0 258.0 321.0 177.0 63.0 6.0 0.492711 0.011149
max46_240
original 0.0 27126.0 34509.0 16349.0 7383.0 4.0 0.2001 0.630298
dc2_222
improve 0.0 9462.0 12537.0 6367.0 3075.0 6.0 0.01411 0.346718
sym9_193
original 0.0 34881.0 44628.0 20838.0 9747.0 2.0 0.591 0.758744
rd53_135
original 0.0 296.0 416.0 200.0 120.0 3.0 0.19322 0.015573
mod10_171
original 0.0 244.0 304.0 153.0 60.0 3.0 0.21522 0.018065
ising_model_13
original 0.0 633.0 633.0 47.0 0.0 1.0 0.258711 0.00702
adr4_197
original 0.0 3439.0 4537.0 2254.0 1098.0 5.0 0.11976 0.115414
4gt11_84
original 0.0 18.0 18.0 11.0 0.0 4.0 0.581111 0.001007
4gt11_82
original 0.0 27.0 30.0 21.0 3.0 4.0 0.581111 0.002039
wim_266
improve 0.0 986.0 1274.0 632.0 288.0 4.0 0.19922 0.049403
rd53_131
original 0.0 469.0 589.0 303.0 120.0 6.0 0.18522 0.01563
mod8-10_177
original 0.0 440.0 566.0 319.0 126.0 5.0 0.076711 0.01749
4gt10-v1_81
improve 0.0 148.0 178.0 93.0 30.0 3.0 0.00722 0.004719
alu-v1_28
original 0.0 37.0 43.0 22.0 6.0 4.0 0.581111 0.006284
cnt3-5_179
original 0.0 175.0 196.0 64.0 21.0 4.0 0.581111 0.005363
square_root_7
improve 0.0 7630.0 9619.0 4410.0 1989.0 7.0 0.8401 0.248041
one-two-three-v1_99
improve 0.0 132.0 165.0 76.0 33.0 3.0 0.19422 0.005211
mini_alu_305
original 0.0 173.0 209.0 80.0 36.0 1.0 0.96622 0.018732
rd53_311
improve 0.0 275.0 350.0 138.0 75.0 5.0 0.123511 0.010244
3_17_13
original 0.0 36.0 36.0 22.0 0.0 4.0 0.581111 0.001572
rd73_252
improve 0.0 5321.0 6674.0 3257.0 1353.0 6.0 1.09174 0.290101
4gt4-v0_80
original 0.0 179.0 191.0 104.0 12.0 4.0 0.581111 0.009356
hwb7_59
improve 0.0 24379.0 31705.0 16777.0 7326.0 3.0 0.3301 0.600068
ham3_102
original 0.0 20.0 20.0 13.0 0.0 4.0 0.581111 0.005667
cnt3-5_180
original 0.0 485.0 575.0 212.0 90.0 4.0 0.00322 0.009708
rd53_133
improve 0.0 580.0 808.0 458.0 228.0 5.0 0.581 0.022059
4mod7-v0_94
original 0.0 162.0 210.0 138.0 48.0 4.0 0.581111 0.408504
plus63mod4096_163
improve 0.0 128744.0 180119.0 85113.0 51375.0 3.0 0.83818 3.876512
mini-alu_167
original 0.0 288.0 327.0 168.0 39.0 1.0 0.76322 0.035978
root_255
original 0.0 17159.0 22391.0 10941.0 5232.0 3.0 0.4401 0.459826
z4_268
original 0.0 3073.0 4000.0 1878.0 927.0 2.0 0.501 0.080919
majority_239
improve 0.0 612.0 774.0 456.0 162.0 4.0 0.00322 0.015144
ex2_227
original 0.0 631.0 763.0 401.0 132.0 5.0 0.34522 0.063498
urf2_277
improve 0.0 20112.0 29385.0 15309.0 9273.0 7.0 0.5201 0.727309
one-two-three-v3_101
improve 0.0 70.0 79.0 48.0 9.0 3.0 0.25321 0.003966
4gt13_91
original 0.0 103.0 109.0 61.0 6.0 4.0 0.581111 0.008451
4gt12-v1_89
original 0.0 228.0 240.0 133.0 12.0 4.0 0.00322 0.006838
sqrt8_260
improve 0.0 3009.0 4050.0 1832.0 1041.0 7.0 1.09174 0.097565
rd32-v0_66
original 0.0 34.0 34.0 20.0 0.0 4.0 0.581111 0.001796
sym9_148
original 0.0 21504.0 27609.0 14815.0 6105.0 7.0 0.18315 0.602165
4gt5_75
original 0.0 83.0 92.0 54.0 9.0 4.0 0.581111 0.008972
0410184_169
original 0.0 211.0 217.0 104.0 6.0 4.0 0.00322 0.004055
urf2_152
improve 0.0 80480.0 111257.0 58467.0 30777.0 3.0 0.85931 2.258595
urf1_278
improve 0.0 54766.0 78976.0 41007.0 24210.0 7.0 0.1201 1.840255
sym6_145
improve 0.0 3888.0 4782.0 2709.0 894.0 3.0 1.07061 0.218755
alu-v2_32
improve 0.0 163.0 226.0 119.0 63.0 3.0 0.19422 0.005666
4gt12-v0_88
improve 0.0 194.0 221.0 114.0 27.0 3.0 0.00722 0.014808
squar5_261
original 0.0 1993.0 2458.0 1208.0 465.0 3.0 0.14321 0.04364
alu-v2_31
improve 0.0 451.0 568.0 350.0 117.0 3.0 0.84222 0.047372
hwb5_53
improve 0.0 1336.0 1795.0 967.0 459.0 9.0 0.929511 0.058406
one-two-three-v2_100
original 0.0 69.0 78.0 45.0 9.0 4.0 0.581111 0.002046
cycle10_2_110
improve 0.0 6050.0 8216.0 3687.0 2166.0 3.0 0.841 0.16236
urf6_160
original 0.0 171840.0 246837.0 113150.0 74997.0 2.0 0.711 4.927966
ising_model_10
original 0.0 480.0 480.0 45.0 0.0 4.0 0.581111 0.032523
sys6-v0_111
improve 0.0 215.0 272.0 112.0 57.0 3.0 0.00722 0.030051
plus63mod8192_164
original 0.0 187112.0 263795.0 130213.0 76683.0 2.0 0.671 5.221423
mod5adder_127
original 0.0 555.0 618.0 330.0 63.0 3.0 0.21522 0.043314
rd73_140
improve 0.0 230.0 317.0 138.0 87.0 3.0 0.70922 0.007148
4mod5-v1_23
original 0.0 69.0 84.0 42.0 15.0 4.0 0.581111 0.00673
graycode6_47
original 0.0 5.0 5.0 5.0 0.0 4.0 0.581111 0.001972
ising_model_16
original 0.0 786.0 786.0 52.0 0.0 1.0 0.258711 0.007144
ham7_104
original 0.0 320.0 374.0 214.0 54.0 1.0 0.258711 0.010273
ex-1_166
original 0.0 19.0 19.0 12.0 0.0 4.0 0.581111 0.001003
decod24-v3_45
improve 0.0 150.0 189.0 92.0 39.0 3.0 0.19422 0.015216
urf4_187
improve 0.0 512064.0 686067.0 331345.0 174003.0 3.0 0.8201 24.203926
life_238
improve 0.0 22445.0 28562.0 13511.0 6117.0 3.0 0.22541 0.67119
con1_216
original 0.0 954.0 1170.0 587.0 216.0 5.0 0.076711 0.026864
hwb6_56
original 0.0 6723.0 8244.0 4651.0 1521.0 3.0 0.26767 0.160296
mod10_176
original 0.0 178.0 253.0 123.0 75.0 5.0 0.315911 0.007453
ex1_226
original 0.0 7.0 7.0 5.0 0.0 4.0 0.581111 0.001294
sf_276
original 0.0 778.0 802.0 444.0 24.0 4.0 0.00322 0.018111
cm152a_212
original 0.0 1221.0 1506.0 710.0 285.0 3.0 0.54122 0.036054
4gt12-v0_87
original 0.0 247.0 253.0 131.0 6.0 4.0 0.00322 0.006003
decod24-enable_126
improve 0.0 338.0 455.0 239.0 117.0 3.0 0.19822 0.014101
radd_250
improve 0.0 3213.0 4191.0 2118.0 978.0 3.0 0.841 0.085388
pm1_249
original 0.0 1776.0 2172.0 1080.0 396.0 3.0 0.79722 0.128141
sf_274
original 0.0 781.0 805.0 448.0 24.0 4.0 0.00322 0.020794
miller_11
original 0.0 50.0 50.0 29.0 0.0 4.0 0.581111 0.001964
rd53_251
improve 0.0 1291.0 1519.0 863.0 228.0 3.0 0.14522 0.030511
mlp4_245
original 0.0 18852.0 25017.0 11864.0 6165.0 2.0 0.20428 0.522999
9symml_195
original 0.0 34881.0 44628.0 20838.0 9747.0 2.0 0.591 0.766835
rd84_142
original 0.0 343.0 463.0 148.0 120.0 2.0 0.58122 0.059272
inc_237
original 0.0 10619.0 13142.0 6674.0 2523.0 2.0 0.621 0.225384
sqn_258
original 0.0 10223.0 13739.0 6420.0 3516.0 8.0 0.2701 0.450531
alu-v2_33
original 0.0 37.0 43.0 22.0 6.0 4.0 0.581111 0.002529
sao2_257
original 0.0 38577.0 52095.0 23343.0 13518.0 8.0 0.0301 1.184965
co14_215
improve 0.0 17936.0 25706.0 10150.0 7770.0 8.0 0.7501 0.791497
decod24-v1_41
improve 0.0 85.0 112.0 61.0 27.0 3.0 0.00722 0.186288
4mod5-v0_20
original 0.0 20.0 20.0 12.0 0.0 4.0 0.581111 0.0015
alu-v4_37
original 0.0 37.0 43.0 22.0 6.0 4.0 0.581111 0.002105
urf3_155
improve 0.0 423488.0 594425.0 286981.0 170937.0 3.0 0.6801 11.184985
misex1_241
original 0.0 4813.0 5782.0 2933.0 969.0 2.0 0.88044 0.239475
alu-v0_27
original 0.0 36.0 42.0 21.0 6.0 4.0 0.581111 0.002284
4mod5-v1_24
original 0.0 36.0 36.0 21.0 0.0 4.0 0.581111 0.00175
4mod7-v1_96
improve 0.0 164.0 185.0 99.0 21.0 3.0 0.25321 0.00493
cm82a_208
improve 0.0 650.0 752.0 408.0 102.0 8.0 0.534311 0.015997
ham15_107
original 0.0 8763.0 11898.0 5736.0 3135.0 2.0 0.031 0.226849
0example
original 0.0 9.0 15.0 9.0 6.0 4.0 0.581111 0.002793
dc1_220
original 0.0 1914.0 2250.0 1149.0 336.0 4.0 0.55522 0.097371
4gt4-v1_74
improve 0.0 273.0 300.0 159.0 27.0 1.0 0.258711 0.008053
rd32-v1_68
original 0.0 36.0 36.0 21.0 0.0 4.0 0.581111 0.001581
decod24-v0_38
original 0.0 51.0 51.0 30.0 0.0 4.0 0.581111 0.002245
sym6_316
original 0.0 270.0 372.0 163.0 102.0 1.0 0.76322 0.014986
alu-v0_26
original 0.0 84.0 93.0 49.0 9.0 4.0 0.581111 0.003103
clip_206
improve 0.0 33827.0 45674.0 21740.0 11847.0 3.0 1.04948 0.991033
4mod5-v0_18
original 0.0 69.0 81.0 52.0 12.0 4.0 0.581111 0.010796
cm85a_209
original 0.0 11414.0 14831.0 7209.0 3417.0 8.0 0.2701 0.345715
alu-v4_36
improve 0.0 115.0 139.0 66.0 24.0 3.0 0.19422 0.004499
one-two-three-v0_97
original 0.0 290.0 419.0 206.0 129.0 2.0 0.41322 0.009276
4gt13_90
original 0.0 107.0 116.0 65.0 9.0 4.0 0.581111 0.002692
mod5d2_64
original 0.0 53.0 62.0 33.0 9.0 6.0 0.18971 0.003214
ground_state_estimation_10
original 0.0 390180.0 417123.0 223794.0 26943.0 9.0 0.481 8.521178
C17_204
improve 0.0 467.0 623.0 310.0 156.0 5.0 0.456311 0.100148
4gt13_92
original 0.0 66.0 66.0 38.0 0.0 4.0 0.581111 0.001775
rd53_130
original 0.0 1043.0 1316.0 726.0 273.0 5.0 0.34422 0.064332
alu-v3_34
original 0.0 52.0 58.0 30.0 6.0 4.0 0.581111 0.002163
decod24-bdd_294
original 0.0 73.0 94.0 51.0 21.0 4.0 0.581111 0.004269
4gt5_76
original 0.0 91.0 115.0 66.0 24.0 5.0 0.315911 0.003461
sym9_146
original 0.0 328.0 424.0 159.0 96.0 4.0 0.94622 0.038541
4mod5-v1_22
original 0.0 21.0 21.0 12.0 0.0 4.0 0.581111 0.001058
rd32_270
original 0.0 84.0 108.0 55.0 24.0 4.0 0.581111 0.003984
hwb4_49
original 0.0 233.0 284.0 169.0 51.0 1.0 0.258711 0.004919
urf5_280
improve 0.0 49829.0 71981.0 36755.0 22152.0 3.0 0.43671 1.434038
4gt5_77
original 0.0 131.0 164.0 84.0 33.0 4.0 0.581111 0.015475
rd84_253
improve 0.0 13658.0 18728.0 8784.0 5070.0 4.0 0.1801 0.369463
4_49_16
original 0.0 217.0 259.0 145.0 42.0 9.0 0.021 0.012496
qft_10
original 0.0 200.0 257.0 74.0 57.0 2.0 0.009111 0.011948
4mod5-bdd_287
original 0.0 70.0 88.0 54.0 18.0 5.0 0.695511 0.002734
qft_16
improve 0.0 512.0 719.0 164.0 207.0 4.0 0.32371 0.064228
urf1_149
original 0.0 184864.0 259237.0 130556.0 74373.0 2.0 0.101 5.138234
urf5_158
improve 0.0 164416.0 220528.0 108959.0 56112.0 3.0 0.7701 4.276429
urf3_279
original 0.0 125362.0 180121.0 87969.0 54759.0 2.0 0.561 7.413361
4gt12-v0_86
original 0.0 251.0 260.0 135.0 9.0 4.0 0.00322 0.046711
4gt4-v0_73
original 0.0 395.0 536.0 304.0 141.0 2.0 0.336711 0.015135
alu-v1_29
original 0.0 37.0 43.0 22.0 6.0 4.0 0.581111 0.001473
alu-bdd_288
original 0.0 84.0 108.0 66.0 24.0 5.0 0.315911 0.011593
decod24-v2_43
original 0.0 52.0 52.0 30.0 0.0 4.0 0.581111 0.001677
mod8-10_178
original 0.0 342.0 387.0 196.0 45.0 3.0 0.21522 0.010699
one-two-three-v0_98
original 0.0 146.0 179.0 86.0 33.0 5.0 0.315911 0.004472
4gt4-v0_78
original 0.0 235.0 250.0 137.0 15.0 1.0 0.258711 0.006356
4mod5-v0_19
original 0.0 35.0 35.0 21.0 0.0 4.0 0.581111 0.001166
alu-v2_30
improve 0.0 504.0 684.0 356.0 180.0 5.0 0.92322 0.016281
alu-v3_35
original 0.0 37.0 43.0 22.0 6.0 4.0 0.581111 0.00128
dist_223
improve 0.0 38046.0 51876.0 24242.0 13830.0 3.0 0.7501 2.967424
4gt4-v0_79
original 0.0 231.0 243.0 132.0 12.0 1.0 0.258711 0.012929
hwb8_113
original 0.0 69380.0 92240.0 47275.0 22860.0 2.0 0.251 1.814759
ex3_229
original 0.0 403.0 436.0 236.0 33.0 4.0 0.00322 0.023297
xor5_254
original 0.0 7.0 7.0 5.0 0.0 4.0 0.581111 0.000927
f2_232
original 0.0 1206.0 1359.0 680.0 153.0 4.0 0.49521 0.055323