rd53_138
improve 0.0 132.0 192.0 97.0 60.0 4.0 0.630801 0.005898
4gt13-v1_93
original 0.0 68.0 92.0 45.0 24.0 2.0 0.765001 0.004372
mod5mils_65
improve 0.0 35.0 59.0 24.0 24.0 1.0 0.933401 0.003412
mod5d1_63
improve 0.0 22.0 43.0 19.0 21.0 2.0 0.51622 0.005115
aj-e11_165
improve 0.0 151.0 223.0 133.0 72.0 3.0 0.053001 0.025248
4gt11_83
original 0.0 23.0 59.0 36.0 36.0 4.0 0.24722 0.04843
cm42a_207
original 0.0 1776.0 2256.0 1023.0 480.0 3.0 0.4741 0.044253
4gt4-v0_72
improve 0.0 258.0 354.0 143.0 96.0 8.0 0.855901 0.00818
rd53_135
improve 0.0 296.0 440.0 181.0 144.0 1.0 0.421211 0.015303
mod10_171
original 0.0 244.0 325.0 143.0 81.0 1.0 0.611 0.009016
4gt11_84
original 0.0 18.0 45.0 26.0 27.0 4.0 0.24722 0.00147
4gt11_82
original 0.0 27.0 75.0 48.0 48.0 4.0 0.24722 0.003193
wim_266
improve 0.0 986.0 1238.0 608.0 252.0 7.0 0.995831 0.024524
rd53_131
original 0.0 469.0 637.0 290.0 168.0 8.0 0.855901 0.019601
mod8-10_177
original 0.0 440.0 620.0 266.0 180.0 1.0 0.89322 0.021759
4gt10-v1_81
improve 0.0 148.0 190.0 89.0 42.0 1.0 0.933401 0.004067
alu-v1_28
improve 0.0 37.0 55.0 31.0 18.0 4.0 0.136011 0.003542
cnt3-5_179
improve 0.0 175.0 259.0 84.0 84.0 4.0 0.680401 0.015953
one-two-three-v1_99
improve 0.0 132.0 228.0 101.0 96.0 1.0 0.427411 0.011934
mini_alu_305
original 0.0 173.0 260.0 124.0 87.0 4.0 0.24722 0.01054
rd53_311
improve 0.0 275.0 494.0 203.0 219.0 1.0 0.73222 0.016874
3_17_13
improve 0.0 36.0 57.0 45.0 21.0 4.0 0.24722 0.002631
4gt4-v0_80
improve 0.0 179.0 272.0 123.0 93.0 4.0 0.24722 0.006378
hwb7_59
original 0.0 24379.0 30577.0 15741.0 6198.0 3.0 0.746711 0.58458
ham3_102
original 0.0 20.0 29.0 20.0 9.0 4.0 0.24722 0.003957
cnt3-5_180
improve 0.0 485.0 776.0 279.0 291.0 1.0 0.30822 0.021137
rd53_133
original 0.0 580.0 778.0 354.0 198.0 3.0 0.3935 0.025579
4mod7-v0_94
original 0.0 162.0 255.0 107.0 93.0 4.0 0.24722 0.009073
mini-alu_167
improve 0.0 288.0 378.0 171.0 90.0 1.0 0.611 0.024016
majority_239
improve 0.0 612.0 738.0 351.0 126.0 3.0 0.041 0.014789
ex2_227
original 0.0 631.0 811.0 387.0 180.0 2.0 0.14822 0.024792
urf2_277
original 0.0 20112.0 24906.0 11945.0 4794.0 2.0 0.73322 0.692569
one-two-three-v3_101
improve 0.0 70.0 130.0 55.0 60.0 4.0 0.24722 0.005289
4gt13_91
original 0.0 103.0 118.0 63.0 15.0 4.0 0.24722 0.004218
4gt12-v1_89
original 0.0 228.0 411.0 188.0 183.0 1.0 0.096 0.006047
sqrt8_260
improve 0.0 3009.0 3966.0 1800.0 957.0 4.0 0.659601 0.123713
rd32-v0_66
original 0.0 34.0 58.0 31.0 24.0 4.0 0.24722 0.002739
4gt5_75
original 0.0 83.0 140.0 63.0 57.0 4.0 0.24722 0.005424
0410184_169
improve 0.0 211.0 337.0 127.0 126.0 8.0 0.981101 0.021472
urf2_152
original 0.0 80480.0 109838.0 46324.0 29358.0 1.0 0.741 1.690245
sym6_145
original 0.0 3888.0 4800.0 2246.0 912.0 2.0 0.96922 0.229495
alu-v2_32
improve 0.0 163.0 175.0 95.0 12.0 2.0 0.51622 0.004328
4gt12-v0_88
original 0.0 194.0 269.0 116.0 75.0 4.0 0.24722 0.019835
squar5_261
original 0.0 1993.0 2509.0 1168.0 516.0 2.0 0.17522 0.07542
alu-v2_31
improve 0.0 451.0 634.0 262.0 183.0 1.0 0.611 0.014402
hwb5_53
original 0.0 1336.0 1759.0 764.0 423.0 4.0 0.03422 0.041641
one-two-three-v2_100
original 0.0 69.0 111.0 63.0 42.0 4.0 0.24722 0.002857
cycle10_2_110
improve 0.0 6050.0 8249.0 3989.0 2199.0 4.0 0.136 0.158142
ising_model_10
improve 0.0 480.0 546.0 79.0 66.0 1.0 0.49522 0.044101
sys6-v0_111
improve 0.0 215.0 323.0 122.0 108.0 3.0 0.555201 0.011219
mod5adder_127
original 0.0 555.0 765.0 328.0 210.0 6.0 0.711111 0.059385
rd73_140
improve 0.0 230.0 314.0 157.0 84.0 4.0 0.136011 0.012698
4mod5-v1_23
original 0.0 69.0 96.0 46.0 27.0 4.0 0.24722 0.002202
graycode6_47
original 0.0 5.0 29.0 21.0 24.0 4.0 0.24722 0.001598
ham7_104
original 0.0 320.0 473.0 262.0 153.0 2.0 0.60122 0.015499
ex-1_166
improve 0.0 19.0 28.0 21.0 9.0 3.0 0.555201 0.001335
decod24-v3_45
improve 0.0 150.0 195.0 90.0 45.0 1.0 0.421211 0.003893
con1_216
original 0.0 954.0 1287.0 625.0 333.0 2.0 0.88022 0.032629
hwb6_56
original 0.0 6723.0 8277.0 3741.0 1554.0 1.0 0.334511 0.160956
mod10_176
improve 0.0 178.0 325.0 168.0 147.0 3.0 0.555201 0.007589
ex1_226
original 0.0 7.0 22.0 19.0 15.0 4.0 0.24722 0.001357
sf_276
original 0.0 778.0 1006.0 484.0 228.0 4.0 0.59022 0.032655
cm152a_212
original 0.0 1221.0 1629.0 772.0 408.0 1.0 0.0021 0.032721
4gt12-v0_87
improve 0.0 247.0 364.0 165.0 117.0 3.0 0.351 0.011875
decod24-enable_126
original 0.0 338.0 500.0 214.0 162.0 6.0 0.315911 0.01104
radd_250
original 0.0 3213.0 4101.0 2123.0 888.0 5.0 0.60231 0.115316
pm1_249
original 0.0 1776.0 2256.0 1023.0 480.0 3.0 0.4741 0.044543
sf_274
improve 0.0 781.0 982.0 463.0 201.0 1.0 0.77622 0.032196
miller_11
improve 0.0 50.0 77.0 59.0 27.0 3.0 0.555201 0.003432
rd53_251
improve 0.0 1291.0 1771.0 927.0 480.0 3.0 0.830101 0.03192
rd84_142
improve 0.0 343.0 511.0 185.0 168.0 6.0 0.05422 0.022463
alu-v2_33
original 0.0 37.0 85.0 44.0 48.0 4.0 0.24722 0.002729
decod24-v1_41
improve 0.0 85.0 157.0 74.0 72.0 1.0 0.080211 0.007271
4mod5-v0_20
original 0.0 20.0 41.0 25.0 21.0 4.0 0.24722 0.002255
alu-v4_37
original 0.0 37.0 58.0 27.0 21.0 4.0 0.24722 0.003361
misex1_241
original 0.0 4813.0 5791.0 3124.0 978.0 4.0 0.317701 0.208778
alu-v0_27
original 0.0 36.0 69.0 50.0 33.0 4.0 0.24722 0.003255
4mod5-v1_24
original 0.0 36.0 72.0 34.0 36.0 1.0 0.427411 0.002966
4mod7-v1_96
original 0.0 164.0 176.0 95.0 12.0 3.0 0.555201 0.00623
cm82a_208
improve 0.0 650.0 911.0 416.0 261.0 3.0 0.44722 0.030902
0example
original 0.0 9.0 30.0 16.0 21.0 4.0 0.24722 0.00191
dc1_220
improve 0.0 1914.0 2556.0 1307.0 642.0 1.0 0.606901 0.062163
4gt4-v1_74
improve 0.0 273.0 345.0 157.0 72.0 1.0 0.381601 0.006931
rd32-v1_68
original 0.0 36.0 60.0 31.0 24.0 4.0 0.24722 0.002649
decod24-v0_38
original 0.0 51.0 66.0 36.0 15.0 4.0 0.24722 0.003073
sym6_316
improve 0.0 270.0 390.0 189.0 120.0 4.0 0.94122 0.008757
alu-v0_26
original 0.0 84.0 117.0 55.0 33.0 4.0 0.24722 0.005299
4mod5-v0_18
original 0.0 69.0 90.0 44.0 21.0 4.0 0.24722 0.006544
alu-v4_36
improve 0.0 115.0 166.0 91.0 51.0 1.0 0.292901 0.010163
one-two-three-v0_97
improve 0.0 290.0 365.0 172.0 75.0 7.0 0.707101 0.022847
4gt13_90
original 0.0 107.0 149.0 68.0 42.0 4.0 0.24722 0.005084
mod5d2_64
original 0.0 53.0 92.0 41.0 39.0 4.0 0.24722 0.003664
C17_204
improve 0.0 467.0 671.0 312.0 204.0 1.0 0.5141 0.077285
4gt13_92
original 0.0 66.0 114.0 46.0 48.0 4.0 0.24722 0.002436
rd53_130
original 0.0 1043.0 1400.0 637.0 357.0 8.0 0.7991 0.052491
alu-v3_34
improve 0.0 52.0 103.0 47.0 51.0 2.0 0.765001 0.003852
decod24-bdd_294
original 0.0 73.0 124.0 52.0 51.0 4.0 0.24722 0.005484
4gt5_76
original 0.0 91.0 157.0 88.0 66.0 3.0 0.555201 0.00637
sym9_146
improve 0.0 328.0 505.0 186.0 177.0 2.0 0.69622 0.016483
4mod5-v1_22
original 0.0 21.0 45.0 34.0 24.0 4.0 0.24722 0.002786
rd32_270
original 0.0 84.0 90.0 47.0 6.0 4.0 0.24722 0.003681
hwb4_49
original 0.0 233.0 335.0 138.0 102.0 1.0 0.611 0.008683
4gt5_77
improve 0.0 131.0 227.0 109.0 96.0 3.0 0.555201 0.016505
4_49_16
original 0.0 217.0 301.0 135.0 84.0 4.0 0.24722 0.010659
qft_10
improve 0.0 200.0 320.0 118.0 120.0 8.0 0.855901 0.061548
4mod5-bdd_287
original 0.0 70.0 121.0 50.0 51.0 4.0 0.24722 0.003981
4gt12-v0_86
improve 0.0 251.0 398.0 157.0 147.0 1.0 0.66122 0.032348
4gt4-v0_73
original 0.0 395.0 512.0 233.0 117.0 2.0 0.399511 0.013272
alu-v1_29
original 0.0 37.0 70.0 46.0 33.0 4.0 0.24722 0.002283
alu-bdd_288
original 0.0 84.0 141.0 81.0 57.0 3.0 0.017001 0.005166
decod24-v2_43
improve 0.0 52.0 67.0 33.0 15.0 1.0 0.292901 0.003189
mod8-10_178
original 0.0 342.0 480.0 200.0 138.0 3.0 0.555201 0.011556
one-two-three-v0_98
original 0.0 146.0 212.0 101.0 66.0 4.0 0.194601 0.009044
4gt4-v0_78
improve 0.0 235.0 370.0 180.0 135.0 2.0 0.85322 0.01101
4mod5-v0_19
original 0.0 35.0 53.0 27.0 18.0 4.0 0.24722 0.001866
alu-v2_30
improve 0.0 504.0 756.0 318.0 252.0 9.0 0.998601 0.028411
alu-v3_35
original 0.0 37.0 70.0 29.0 33.0 4.0 0.24722 0.0024
4gt4-v0_79
improve 0.0 231.0 327.0 159.0 96.0 1.0 0.051 0.008682
ex3_229
improve 0.0 403.0 490.0 235.0 87.0 1.0 0.56622 0.024942
xor5_254
original 0.0 7.0 22.0 19.0 15.0 4.0 0.24722 0.001409
f2_232
improve 0.0 1206.0 1662.0 800.0 456.0 1.0 0.423101 0.034697