rd53_138
improve 0.0 132.0 171.0 76.0 39.0 3.0 0.13422 0.009995
4gt13-v1_93
original 2.0 68.0 86.0 45.0 18.0 1.0 0.66 0.018368
mod5mils_65
original 2.0 35.0 35.0 19.0 0.0 1.0 0.66 0.007398
mod5d1_63
original 5.0 22.0 25.0 13.0 3.0 1.0 0.66 0.016815
sym10_262
improve 0.0 64283.0 85145.0 41521.0 20862.0 3.0 0.09822 2.432895
aj-e11_165
original 0.0 151.0 169.0 86.0 18.0 7.0 0.0011 0.023931
4gt11_83
original 3.0 23.0 23.0 14.0 0.0 1.0 0.66 0.05249
cm42a_207
original 0.0 1776.0 2190.0 1065.0 414.0 2.0 0.98722 0.089041
4gt4-v0_72
improve 0.0 258.0 312.0 140.0 54.0 3.0 0.40122 0.031163
max46_240
improve 0.0 27126.0 36903.0 16301.0 9777.0 4.0 0.201 0.75706
dc2_222
improve 1.0 9462.0 12477.0 6047.0 3015.0 3.0 0.201 0.454817
rd53_135
original 1.0 296.0 386.0 184.0 90.0 2.0 0.01 0.02165
mod10_171
original 0.0 244.0 271.0 136.0 27.0 4.0 0.81023 0.016447
ising_model_13
original 0.0 633.0 633.0 163.0 0.0 1.0 0.66 0.007503
adr4_197
original 1.0 3439.0 4495.0 2089.0 1056.0 8.0 0.161 0.212816
4gt11_84
original 2.0 18.0 18.0 9.0 0.0 1.0 0.66 0.004927
4gt11_82
original 3.0 27.0 30.0 19.0 3.0 1.0 0.66 0.012308
wim_266
improve 0.0 986.0 1220.0 564.0 234.0 4.0 0.81023 0.064014
rd53_131
original 0.0 469.0 568.0 269.0 99.0 2.0 0.01 0.028618
mod8-10_177
original 1.0 440.0 560.0 374.0 120.0 1.0 0.66 0.029036
4gt10-v1_81
original 4.0 148.0 181.0 95.0 33.0 4.0 0.81023 0.050762
alu-v1_28
original 7.0 37.0 40.0 20.0 3.0 1.0 0.66 0.016403
cnt3-5_179
original 0.0 175.0 241.0 101.0 66.0 2.0 0.01 0.025461
square_root_7
original 0.0 7630.0 9310.0 4203.0 1680.0 5.0 0.811 0.378319
one-two-three-v1_99
original 2.0 132.0 171.0 94.0 39.0 2.0 0.01 0.01726
mini_alu_305
original 4.0 173.0 218.0 96.0 45.0 2.0 0.01 0.051106
rd53_311
original 1.0 275.0 383.0 150.0 108.0 8.0 0.931 0.01836
3_17_13
original 2.0 36.0 36.0 19.0 0.0 1.0 0.66 0.005178
rd73_252
original 1.0 5321.0 6854.0 3216.0 1533.0 3.0 0.03422 0.351849
4gt4-v0_80
original 5.0 179.0 200.0 101.0 21.0 2.0 0.82022 0.046938
ham3_102
original 0.0 20.0 20.0 11.0 0.0 1.0 0.66 0.006034
cnt3-5_180
original 0.0 485.0 614.0 258.0 129.0 3.0 0.75422 0.038092
rd53_133
original 1.0 580.0 703.0 330.0 123.0 2.0 0.61522 0.049193
4mod7-v0_94
original 2.0 162.0 177.0 90.0 15.0 1.0 0.66 0.016446
mini-alu_167
improve 0.0 288.0 411.0 162.0 123.0 5.0 0.55122 0.05462
root_255
original 0.0 17159.0 22670.0 10181.0 5511.0 3.0 0.421 0.870396
z4_268
improve 1.0 3073.0 3904.0 1895.0 831.0 5.0 0.791 0.158853
majority_239
improve 1.0 612.0 732.0 400.0 120.0 8.0 0.3331 0.032558
ex2_227
improve 0.0 631.0 727.0 366.0 96.0 8.0 0.6581 0.034339
urf2_277
original 0.0 20112.0 29250.0 14882.0 9138.0 5.0 0.481 0.690975
one-two-three-v3_101
original 0.0 70.0 88.0 40.0 18.0 2.0 0.670831 0.010561
4gt13_91
original 2.0 103.0 109.0 54.0 6.0 4.0 0.81023 0.032306
4gt12-v1_89
original 2.0 228.0 237.0 128.0 9.0 4.0 0.81023 0.023788
sqrt8_260
original 1.0 3009.0 3999.0 1858.0 990.0 3.0 0.161 0.158192
rd32-v0_66
original 2.0 34.0 43.0 25.0 9.0 1.0 0.66 0.015826
sym9_148
original 0.0 21504.0 25911.0 13935.0 4407.0 3.0 0.03822 1.057433
4gt5_75
original 0.0 83.0 89.0 45.0 6.0 1.0 0.66 0.026364
0410184_169
original 2.0 211.0 298.0 123.0 87.0 4.0 0.43122 0.047675
urf2_152
original 0.0 80480.0 108107.0 52325.0 27627.0 2.0 0.39322 2.062557
urf1_278
improve 0.0 54766.0 77263.0 38158.0 22497.0 3.0 0.451 1.572535
sym6_145
original 0.0 3888.0 4965.0 2644.0 1077.0 4.0 0.331 0.206897
alu-v2_32
original 1.0 163.0 184.0 91.0 21.0 8.0 0.96023 0.027915
4gt12-v0_88
original 2.0 194.0 227.0 108.0 33.0 1.0 0.976 0.048259
squar5_261
improve 1.0 1993.0 2380.0 1119.0 387.0 8.0 0.4331 0.124838
alu-v2_31
original 0.0 451.0 577.0 364.0 126.0 2.0 0.01 0.030586
hwb5_53
original 1.0 1336.0 1732.0 856.0 396.0 6.0 0.081 0.103438
one-two-three-v2_100
original 1.0 69.0 78.0 38.0 9.0 4.0 0.81023 0.023326
cycle10_2_110
original 0.0 6050.0 8078.0 3678.0 2028.0 2.0 0.73422 0.322137
ising_model_10
original 3.0 480.0 480.0 110.0 0.0 1.0 0.66 0.054166
sys6-v0_111
original 6.0 215.0 278.0 117.0 63.0 4.0 0.81023 0.063103
plus63mod8192_164
improve 0.0 187112.0 262910.0 129685.0 75798.0 3.0 0.03922 5.564152
mod5adder_127
improve 1.0 555.0 621.0 307.0 66.0 5.0 0.6831 0.065875
rd73_140
improve 0.0 230.0 314.0 107.0 84.0 4.0 0.236 0.014802
4mod5-v1_23
original 0.0 69.0 81.0 39.0 12.0 8.0 0.96023 0.024587
graycode6_47
original 3.0 5.0 5.0 5.0 0.0 1.0 0.66 0.003031
ising_model_16
original 1.0 786.0 786.0 176.0 0.0 1.0 0.66 0.020329
ham7_104
original 1.0 320.0 407.0 213.0 87.0 2.0 0.01 0.019359
ex-1_166
original 0.0 19.0 19.0 10.0 0.0 1.0 0.66 0.001404
decod24-v3_45
original 6.0 150.0 183.0 84.0 33.0 6.0 0.371 0.035863
life_238
original 0.0 22445.0 30137.0 13436.0 7692.0 2.0 0.32722 1.254663
con1_216
original 0.0 954.0 1158.0 532.0 204.0 4.0 0.43122 0.049958
hwb6_56
original 1.0 6723.0 8769.0 3855.0 2046.0 2.0 0.78022 0.32729
mod10_176
original 0.0 178.0 229.0 117.0 51.0 2.0 0.01 0.020147
ex1_226
original 1.0 7.0 10.0 7.0 3.0 1.0 0.66 0.003347
sf_276
original 0.0 778.0 934.0 457.0 156.0 1.0 0.66 0.044896
cm152a_212
original 0.0 1221.0 1560.0 817.0 339.0 7.0 0.461 0.075387
4gt12-v0_87
original 1.0 247.0 313.0 135.0 66.0 5.0 0.61422 0.022524
decod24-enable_126
original 1.0 338.0 407.0 208.0 69.0 2.0 0.01 0.02566
radd_250
original 0.0 3213.0 4119.0 2118.0 906.0 2.0 0.01822 0.225351
pm1_249
improve 0.0 1776.0 2265.0 1123.0 489.0 2.0 0.84222 0.082686
sf_274
improve 0.0 781.0 835.0 436.0 54.0 1.0 0.91022 0.053843
miller_11
original 0.0 50.0 77.0 50.0 27.0 1.0 0.66 0.013921
rd53_251
original 1.0 1291.0 1558.0 820.0 267.0 2.0 0.95922 0.09375
mlp4_245
original 0.0 18852.0 25299.0 12036.0 6447.0 2.0 0.92022 1.541088
rd84_142
improve 1.0 343.0 463.0 160.0 120.0 4.0 0.85722 0.052867
inc_237
original 1.0 10619.0 13529.0 6297.0 2910.0 4.0 0.671 0.493825
sqn_258
original 1.0 10223.0 13445.0 6405.0 3222.0 2.0 0.05222 0.548045
alu-v2_33
original 1.0 37.0 40.0 20.0 3.0 4.0 0.81023 0.009699
co14_215
improve 0.0 17936.0 24149.0 10714.0 6213.0 3.0 0.581 1.043146
decod24-v1_41
original 1.0 85.0 88.0 47.0 3.0 4.0 0.81023 0.02578
4mod5-v0_20
original 0.0 20.0 20.0 10.0 0.0 1.0 0.66 0.001424
alu-v4_37
original 0.0 37.0 43.0 23.0 6.0 4.0 0.81023 0.006749
misex1_241
improve 0.0 4813.0 5881.0 2890.0 1068.0 3.0 0.681 0.320141
alu-v0_27
original 7.0 36.0 39.0 19.0 3.0 4.0 0.81023 0.014758
4mod5-v1_24
original 1.0 36.0 36.0 20.0 0.0 1.0 0.66 0.003708
4mod7-v1_96
original 2.0 164.0 206.0 111.0 42.0 5.0 0.91023 0.020213
cm82a_208
original 0.0 650.0 743.0 367.0 93.0 6.0 0.31023 0.044998
ham15_107
improve 1.0 8763.0 11703.0 5868.0 2940.0 7.0 0.521 0.489053
0example
original 1.0 9.0 12.0 9.0 3.0 1.0 0.66 0.006742
dc1_220
original 1.0 1914.0 2235.0 1146.0 321.0 4.0 0.77922 0.082098
4gt4-v1_74
improve 1.0 273.0 303.0 154.0 30.0 3.0 0.95422 0.028577
rd32-v1_68
original 0.0 36.0 45.0 25.0 9.0 1.0 0.66 0.008238
decod24-v0_38
original 4.0 51.0 57.0 28.0 6.0 1.0 0.66 0.014741
sym6_316
original 0.0 270.0 372.0 152.0 102.0 4.0 0.04822 0.020573
alu-v0_26
original 3.0 84.0 90.0 46.0 6.0 4.0 0.81023 0.013958
4mod5-v0_18
original 6.0 69.0 87.0 49.0 18.0 2.0 0.01 0.027467
cm85a_209
improve 0.0 11414.0 14741.0 7248.0 3327.0 3.0 0.06722 0.558943
alu-v4_36
original 1.0 115.0 121.0 64.0 6.0 1.0 0.66 0.02995
one-two-three-v0_97
improve 1.0 290.0 380.0 169.0 90.0 1.0 0.391 0.014313
4gt13_90
original 1.0 107.0 122.0 65.0 15.0 4.0 0.81023 0.022993
mod5d2_64
original 0.0 53.0 71.0 42.0 18.0 4.0 0.81023 0.007929
C17_204
original 0.0 467.0 533.0 262.0 66.0 8.0 0.96023 0.118138
4gt13_92
original 3.0 66.0 78.0 48.0 12.0 1.0 0.66 0.014187
rd53_130
original 1.0 1043.0 1307.0 609.0 264.0 2.0 0.94322 0.096031
alu-v3_34
original 2.0 52.0 64.0 35.0 12.0 1.0 0.66 0.00854
decod24-bdd_294
original 0.0 73.0 85.0 41.0 12.0 1.0 0.66 0.01159
4gt5_76
original 0.0 91.0 103.0 54.0 12.0 4.0 0.81023 0.018684
sym9_146
improve 1.0 328.0 433.0 155.0 105.0 3.0 0.40122 0.018332
4mod5-v1_22
original 1.0 21.0 21.0 10.0 0.0 1.0 0.66 0.003135
rd32_270
original 1.0 84.0 93.0 48.0 9.0 4.0 0.81023 0.025774
hwb4_49
original 2.0 233.0 275.0 143.0 42.0 2.0 0.01 0.029624
urf5_280
original 0.0 49829.0 70460.0 36390.0 20631.0 2.0 0.931 1.469141
4gt5_77
original 0.0 131.0 173.0 114.0 42.0 2.0 0.01 0.028866
rd84_253
original 1.0 13658.0 18428.0 8830.0 4770.0 2.0 0.931 0.741508
4_49_16
original 0.0 217.0 253.0 128.0 36.0 2.0 0.01 0.027023
qft_10
original 2.0 200.0 257.0 69.0 57.0 6.0 0.371 0.037796
4mod5-bdd_287
original 1.0 70.0 85.0 43.0 15.0 5.0 0.91023 0.012409
qft_16
original 1.0 512.0 731.0 141.0 219.0 2.0 0.30322 0.473061
urf1_149
original 0.0 184864.0 250585.0 105580.0 65721.0 2.0 0.78022 4.887041
4gt12-v0_86
original 1.0 251.0 329.0 172.0 78.0 5.0 0.91023 0.043801
4gt4-v0_73
original 0.0 395.0 440.0 216.0 45.0 8.0 0.96023 0.022566
alu-v1_29
original 1.0 37.0 49.0 27.0 12.0 1.0 0.66 0.005392
alu-bdd_288
original 3.0 84.0 105.0 57.0 21.0 1.0 0.66 0.026814
decod24-v2_43
original 1.0 52.0 61.0 31.0 9.0 1.0 0.66 0.006412
mod8-10_178
original 1.0 342.0 429.0 193.0 87.0 1.0 0.67322 0.025053
one-two-three-v0_98
improve 1.0 146.0 167.0 92.0 21.0 6.0 0.051 0.01087
4gt4-v0_78
original 0.0 235.0 313.0 177.0 78.0 5.0 0.91023 0.022338
4mod5-v0_19
original 0.0 35.0 35.0 19.0 0.0 1.0 0.66 0.001527
alu-v2_30
original 0.0 504.0 690.0 285.0 186.0 8.0 0.3331 0.039007
alu-v3_35
original 0.0 37.0 52.0 31.0 15.0 8.0 0.96023 0.008212
dist_223
improve 0.0 38046.0 51993.0 22954.0 13947.0 3.0 0.03922 1.172877
4gt4-v0_79
improve 1.0 231.0 306.0 132.0 75.0 1.0 0.85322 0.025241
hwb8_113
original 0.0 69380.0 91616.0 45371.0 22236.0 2.0 0.13822 2.561885
ex3_229
original 0.0 403.0 448.0 228.0 45.0 2.0 0.01 0.042677
xor5_254
original 0.0 7.0 10.0 7.0 3.0 1.0 0.66 0.002934
f2_232
original 0.0 1206.0 1368.0 681.0 162.0 4.0 0.81023 0.071549
