rd53_138
original 93.0 132.0 162.0 56.0 30.0 4.0 0.472 0.49325
4gt13-v1_93
original 0.0 68.0 68.0 39.0 0.0 1.0 0.698 0.004669
mod5mils_65
original 0.0 35.0 35.0 21.0 0.0 1.0 0.698 0.002314
mod5d1_63
original 0.0 22.0 22.0 13.0 0.0 1.0 0.698 0.002849
sym10_262
improve 23.0 64283.0 86075.0 41953.0 21792.0 4.0 0.301 38.421626
aj-e11_165
original 0.0 151.0 175.0 86.0 24.0 1.0 0.698 0.366352
hwb9_119
improve 13.0 207775.0 285433.0 147413.0 77658.0 3.0 0.201 116.272662
4gt11_83
original 0.0 23.0 23.0 16.0 0.0 1.0 0.698 0.053893
cm42a_207
original 11.0 1776.0 2058.0 1045.0 282.0 3.0 0.695511 0.982877
4gt4-v0_72
improve 96.0 258.0 288.0 137.0 30.0 2.0 0.881 0.658358
max46_240
improve 0.0 27126.0 34743.0 16068.0 7617.0 4.0 0.301 15.420009
dc2_222
improve 0.0 9462.0 12441.0 6159.0 2979.0 4.0 0.07017 0.243902
sym9_193
improve 21.0 34881.0 45078.0 21029.0 10197.0 3.0 2.51111 24.23939
rd53_135
improve 84.0 296.0 353.0 159.0 57.0 8.0 0.679911 1.290913
mod10_171
original 0.0 244.0 295.0 160.0 51.0 2.0 0.881 0.552345
ising_model_13
original 0.0 633.0 633.0 47.0 0.0 2.0 0.881 0.00863
adr4_197
original 20.0 3439.0 4468.0 2194.0 1029.0 4.0 0.42053 2.23589
4gt11_84
original 0.0 18.0 18.0 11.0 0.0 1.0 0.698 0.002314
4gt11_82
original 0.0 27.0 30.0 20.0 3.0 1.0 0.698 0.137779
wim_266
improve 18.0 986.0 1214.0 553.0 228.0 7.0 0.180711 0.63462
rd53_131
original 40.0 469.0 532.0 261.0 63.0 3.0 0.261 1.152582
mod8-10_177
original 21.0 440.0 482.0 254.0 42.0 2.0 0.881 1.035649
4gt10-v1_81
original 18.0 148.0 184.0 84.0 36.0 4.0 0.472 0.502919
alu-v1_28
original 67.0 37.0 43.0 22.0 6.0 1.0 0.698 0.182653
cnt3-5_179
original 0.0 175.0 190.0 61.0 15.0 1.0 0.698 0.048355
square_root_7
improve 6.0 7630.0 8938.0 4309.0 1308.0 2.0 0.551 5.74142
one-two-three-v1_99
original 103.0 132.0 162.0 76.0 30.0 1.0 0.698 0.459524
mini_alu_305
original 45.0 173.0 200.0 74.0 27.0 4.0 0.472 1.455896
rd53_311
improve 31.0 275.0 362.0 169.0 87.0 8.0 0.794311 1.000275
3_17_13
original 0.0 36.0 36.0 22.0 0.0 1.0 0.698 0.003264
rd73_252
original 9.0 5321.0 6950.0 3269.0 1629.0 3.0 0.25989 4.362778
4gt4-v0_80
original 12.0 179.0 203.0 110.0 24.0 2.0 0.934 0.660195
hwb7_59
improve 62.0 24379.0 31747.0 14043.0 7368.0 3.0 3.02222 46.211089
ham3_102
original 0.0 20.0 20.0 13.0 0.0 1.0 0.698 0.006381
cnt3-5_180
original 41.0 485.0 611.0 235.0 126.0 4.0 0.57392 0.702696
rd53_133
improve 108.0 580.0 652.0 330.0 72.0 3.0 0.825511 1.55917
4mod7-v0_94
original 64.0 162.0 186.0 92.0 24.0 2.0 0.934 0.593894
plus63mod4096_163
improve 18.0 128744.0 175964.0 88026.0 47220.0 3.0 3.02222 89.88565
mini-alu_167
improve 33.0 288.0 363.0 167.0 75.0 7.0 0.6141 0.847539
root_255
original 13.0 17159.0 22325.0 10496.0 5166.0 3.0 0.101 9.659821
z4_268
original 19.0 3073.0 3988.0 1691.0 915.0 4.0 4.55555 2.01915
majority_239
improve 48.0 612.0 723.0 344.0 111.0 2.0 0.773511 1.837485
ex2_227
improve 100.0 631.0 751.0 366.0 120.0 3.0 0.73597 1.700375
urf2_277
improve 39.0 20112.0 29058.0 12238.0 8946.0 8.0 0.4178 49.914912
one-two-three-v3_101
original 30.0 70.0 79.0 45.0 9.0 2.0 0.934 0.208516
4gt13_91
original 0.0 103.0 124.0 61.0 21.0 1.0 0.698 0.284435
4gt12-v1_89
improve 18.0 228.0 261.0 135.0 33.0 1.0 0.2062 0.649678
sqrt8_260
improve 2.0 3009.0 3939.0 1770.0 930.0 4.0 0.5 2.181837
rd32-v0_66
original 0.0 34.0 34.0 20.0 0.0 1.0 0.698 0.003674
sym9_148
improve 10.0 21504.0 26301.0 13696.0 4797.0 4.0 0.301 10.838349
4gt5_75
original 64.0 83.0 98.0 47.0 15.0 2.0 0.934 0.358415
0410184_169
original 4.0 211.0 238.0 109.0 27.0 1.0 0.4542 0.062863
urf2_152
improve 52.0 80480.0 104798.0 50452.0 24318.0 3.0 0.851 124.550229
urf1_278
improve 25.0 54766.0 76447.0 42517.0 21681.0 3.0 0.501 99.826485
sym6_145
improve 5.0 3888.0 4569.0 2396.0 681.0 5.0 0.51667 11.613483
alu-v2_32
original 109.0 163.0 205.0 92.0 42.0 2.0 0.653 0.552949
4gt12-v0_88
original 12.0 194.0 209.0 114.0 15.0 4.0 0.472 0.627323
squar5_261
original 2.0 1993.0 2431.0 1215.0 438.0 3.0 0.031 1.096991
alu-v2_31
improve 4.0 451.0 565.0 264.0 114.0 3.0 0.371 1.102118
hwb5_53
original 90.0 1336.0 1591.0 758.0 255.0 4.0 0.149511 3.728241
one-two-three-v2_100
original 2.0 69.0 78.0 46.0 9.0 1.0 0.698 0.253686
cycle10_2_110
original 4.0 6050.0 7940.0 3724.0 1890.0 7.0 0.878 4.082903
urf6_160
improve 0.0 171840.0 244929.0 110906.0 73089.0 3.0 0.21032 26.047276
ising_model_10
original 0.0 480.0 480.0 45.0 0.0 1.0 0.698 0.035906
sys6-v0_111
original 68.0 215.0 269.0 100.0 54.0 2.0 0.934 0.953642
plus63mod8192_164
improve 0.0 187112.0 261380.0 129599.0 74268.0 3.0 2.51111 31.565273
mod5adder_127
original 17.0 555.0 618.0 332.0 63.0 2.0 0.881 1.387922
rd73_140
improve 13.0 230.0 290.0 111.0 60.0 7.0 0.180711 0.718567
4mod5-v1_23
original 90.0 69.0 75.0 41.0 6.0 4.0 0.472 0.312917
graycode6_47
original 0.0 5.0 5.0 5.0 0.0 1.0 0.698 0.002671
ising_model_16
original 0.0 786.0 786.0 52.0 0.0 2.0 0.881 0.00967
ham7_104
original 26.0 320.0 392.0 216.0 72.0 3.0 0.261 0.823759
ex-1_166
original 0.0 19.0 19.0 12.0 0.0 1.0 0.698 0.002279
decod24-v3_45
improve 37.0 150.0 189.0 84.0 39.0 7.0 0.83221 0.479323
urf4_187
original 2.0 512064.0 655761.0 285227.0 143697.0 2.0 0.351 261.670482
life_238
original 23.0 22445.0 28898.0 13720.0 6453.0 2.0 0.560761 13.779849
con1_216
improve 18.0 954.0 1146.0 537.0 192.0 3.0 0.061111 0.564458
hwb6_56
improve 92.0 6723.0 8214.0 3736.0 1491.0 4.0 0.5712 19.035409
mod10_176
original 6.0 178.0 220.0 127.0 42.0 1.0 0.698 0.455483
ex1_226
original 0.0 7.0 7.0 5.0 0.0 1.0 0.698 0.002636
sf_276
original 113.0 778.0 814.0 435.0 36.0 2.0 0.881 1.766135
cm152a_212
original 2.0 1221.0 1473.0 762.0 252.0 4.0 0.544711 1.231242
4gt12-v0_87
original 84.0 247.0 259.0 131.0 12.0 4.0 0.149511 0.730904
decod24-enable_126
original 2.0 338.0 419.0 209.0 81.0 2.0 0.881 0.970118
radd_250
improve 14.0 3213.0 4065.0 2165.0 852.0 4.0 0.42053 2.006187
pm1_249
original 11.0 1776.0 2058.0 1045.0 282.0 3.0 0.695511 0.919027
sf_274
original 2.0 781.0 811.0 447.0 30.0 2.0 0.881 1.614143
miller_11
original 0.0 50.0 50.0 29.0 0.0 1.0 0.698 0.002262
rd53_251
original 34.0 1291.0 1552.0 734.0 261.0 8.0 0.32525 1.415045
mlp4_245
improve 0.0 18852.0 25620.0 12193.0 6768.0 5.0 0.35215 0.562579
9symml_195
improve 21.0 34881.0 45078.0 21029.0 10197.0 3.0 2.51111 21.628631
rd84_142
original 12.0 343.0 442.0 163.0 99.0 5.0 0.367911 0.672838
inc_237
improve 0.0 10619.0 13187.0 6662.0 2568.0 3.0 0.5478 0.487859
sqn_258
original 18.0 10223.0 13316.0 6048.0 3093.0 7.0 0.1365 7.305613
alu-v2_33
original 80.0 37.0 43.0 22.0 6.0 4.0 0.472 0.201626
sao2_257
original 3.0 38577.0 50526.0 23754.0 11949.0 4.0 0.7644 18.499525
co14_215
improve 1.0 17936.0 24749.0 10434.0 6813.0 3.0 0.17763 3.258521
decod24-v1_41
original 64.0 85.0 97.0 50.0 12.0 1.0 0.698 0.315651
4mod5-v0_20
original 0.0 20.0 20.0 12.0 0.0 1.0 0.698 0.003051
alu-v4_37
original 68.0 37.0 43.0 22.0 6.0 2.0 0.934 0.167692
urf3_155
improve 21.0 423488.0 571202.0 261529.0 147714.0 3.0 2.51111 259.251778
misex1_241
original 4.0 4813.0 5749.0 2938.0 936.0 2.0 0.351 0.754792
alu-v0_27
original 68.0 36.0 42.0 21.0 6.0 2.0 0.934 0.155158
4mod5-v1_24
original 0.0 36.0 36.0 21.0 0.0 1.0 0.698 0.003103
4mod7-v1_96
original 104.0 164.0 203.0 94.0 39.0 9.0 0.01 0.496658
cm82a_208
original 102.0 650.0 743.0 355.0 93.0 7.0 0.518711 2.404399
ham15_107
improve 0.0 8763.0 12012.0 6053.0 3249.0 3.0 0.09537 0.259916
0example
original 67.0 9.0 12.0 6.0 3.0 2.0 0.934 0.11376
dc1_220
improve 11.0 1914.0 2274.0 1164.0 360.0 3.0 0.284711 0.540111
4gt4-v1_74
original 29.0 273.0 300.0 168.0 27.0 2.0 0.881 0.69296
rd32-v1_68
original 0.0 36.0 36.0 21.0 0.0 1.0 0.698 0.002579
decod24-v0_38
original 0.0 51.0 51.0 30.0 0.0 1.0 0.698 0.002553
sym6_316
original 103.0 270.0 336.0 147.0 66.0 7.0 0.893111 5.375362
alu-v0_26
original 3.0 84.0 105.0 53.0 21.0 2.0 0.934 0.31776
clip_206
original 1.0 33827.0 44990.0 21275.0 11163.0 2.0 0.14024 5.023413
4mod5-v0_18
original 90.0 69.0 75.0 40.0 6.0 2.0 0.934 0.214862
cm85a_209
original 1.0 11414.0 14558.0 7244.0 3144.0 5.0 0.5 5.480141
alu-v4_36
original 103.0 115.0 139.0 66.0 24.0 1.0 0.698 0.331339
one-two-three-v0_97
original 2.0 290.0 353.0 173.0 63.0 2.0 0.881 0.670465
4gt13_90
original 0.0 107.0 128.0 65.0 21.0 1.0 0.698 0.319915
mod5d2_64
original 10.0 53.0 65.0 39.0 12.0 1.0 0.698 0.203074
ground_state_estimation_10
original 8.0 390180.0 413400.0 221941.0 23220.0 9.0 0.911021 164.629078
C17_204
original 61.0 467.0 536.0 265.0 69.0 2.0 0.641 1.296574
4gt13_92
original 0.0 66.0 66.0 38.0 0.0 1.0 0.698 0.003618
rd53_130
improve 75.0 1043.0 1256.0 619.0 213.0 5.0 0.51667 3.086689
alu-v3_34
original 12.0 52.0 58.0 30.0 6.0 2.0 0.934 0.207172
decod24-bdd_294
original 80.0 73.0 79.0 40.0 6.0 4.0 0.472 0.29714
4gt5_76
original 102.0 91.0 112.0 56.0 21.0 2.0 0.934 0.349084
sym9_146
improve 22.0 328.0 424.0 156.0 96.0 6.0 0.243111 0.39789
4mod5-v1_22
original 0.0 21.0 21.0 12.0 0.0 1.0 0.698 0.003023
rd32_270
original 61.0 84.0 93.0 47.0 9.0 1.0 0.698 0.295578
hwb4_49
original 5.0 233.0 275.0 141.0 42.0 2.0 0.881 0.494878
urf5_280
original 25.0 49829.0 67826.0 35005.0 17997.0 3.0 0.34215 94.848112
4gt5_77
original 13.0 131.0 167.0 82.0 36.0 1.0 0.698 0.421459
rd84_253
improve 1.0 13658.0 18263.0 8468.0 4605.0 3.0 2.51111 9.182279
4_49_16
original 92.0 217.0 259.0 125.0 42.0 1.0 0.698 0.531233
qft_10
improve 22.0 200.0 257.0 53.0 57.0 7.0 0.83221 0.364435
4mod5-bdd_287
original 64.0 70.0 73.0 41.0 3.0 2.0 0.934 0.236227
qft_16
original 0.0 512.0 701.0 144.0 189.0 2.0 0.659111 0.127347
urf1_149
original 66.0 184864.0 248608.0 108573.0 63744.0 2.0 0.451 301.896436
urf5_158
original 23.0 164416.0 219964.0 109013.0 55548.0 2.0 0.501 251.141666
urf3_279
improve 16.0 125362.0 181852.0 97649.0 56490.0 3.0 0.70081 84.00863
4gt12-v0_86
original 84.0 251.0 266.0 135.0 15.0 4.0 0.149511 0.750331
4gt4-v0_73
original 111.0 395.0 446.0 227.0 51.0 6.0 0.045511 1.10344
alu-v1_29
original 68.0 37.0 43.0 22.0 6.0 4.0 0.472 0.178177
alu-bdd_288
original 77.0 84.0 96.0 48.0 12.0 2.0 0.934 0.292256
decod24-v2_43
original 0.0 52.0 52.0 30.0 0.0 1.0 0.698 0.002998
mod8-10_178
original 3.0 342.0 357.0 193.0 15.0 2.0 0.881 0.750899
one-two-three-v0_98
original 4.0 146.0 176.0 90.0 30.0 9.0 0.01 0.436658
4gt4-v0_78
improve 19.0 235.0 259.0 144.0 24.0 2.0 0.881 0.550125
4mod5-v0_19
original 0.0 35.0 35.0 21.0 0.0 1.0 0.698 0.00425
alu-v2_30
original 1.0 504.0 567.0 288.0 63.0 2.0 0.881 1.325354
alu-v3_35
original 65.0 37.0 43.0 22.0 6.0 2.0 0.934 0.141503
dist_223
improve 0.0 38046.0 48822.0 23691.0 10776.0 3.0 0.05424 25.910629
4gt4-v0_79
original 26.0 231.0 261.0 145.0 30.0 6.0 0.045511 0.621504
hwb8_113
improve 16.0 69380.0 90863.0 42662.0 21483.0 3.0 3.02222 126.423773
ex3_229
improve 31.0 403.0 424.0 229.0 21.0 2.0 0.881 0.790738
xor5_254
original 0.0 7.0 7.0 5.0 0.0 1.0 0.698 0.002397
f2_232
original 71.0 1206.0 1350.0 668.0 144.0 4.0 0.149511 3.040653