rd53_138
improve 93.0 132.0 162.0 56.0 30.0 5.0 0.83155 0.448568
4gt13-v1_93
original 0.0 68.0 68.0 39.0 0.0 5.0 0.83155 0.003488
mod5mils_65
original 0.0 35.0 35.0 21.0 0.0 5.0 0.83155 0.003457
mod5d1_63
original 0.0 22.0 22.0 13.0 0.0 5.0 0.83155 0.003102
sym10_262
original 13.0 64283.0 89048.0 41589.0 24765.0 4.0 0.41155 38.404865
aj-e11_165
improve 0.0 151.0 175.0 86.0 24.0 5.0 0.83155 0.354099
hwb9_119
original 11.0 207775.0 292186.0 125125.0 84411.0 3.0 0.5455 119.684639
4gt11_83
original 0.0 23.0 23.0 16.0 0.0 5.0 0.83155 0.031691
cm42a_207
improve 11.0 1776.0 2091.0 1043.0 315.0 4.0 0.101 0.933669
4gt4-v0_72
original 57.0 258.0 288.0 137.0 30.0 8.0 0.601 0.710746
max46_240
original 0.0 27126.0 36045.0 16002.0 8919.0 3.0 0.5155 15.789641
dc2_222
original 0.0 9462.0 12918.0 6039.0 3456.0 3.0 0.6255 0.264906
sym9_193
improve 9.0 34881.0 46137.0 21068.0 11256.0 5.0 0.9355 21.451494
rd53_135
original 84.0 296.0 353.0 159.0 57.0 7.0 0.38155 0.970414
mod10_171
original 104.0 244.0 295.0 139.0 51.0 8.0 0.601 0.619688
ising_model_13
original 0.0 633.0 633.0 47.0 0.0 8.0 0.601 0.010395
adr4_197
original 7.0 3439.0 4591.0 2351.0 1152.0 5.0 0.9755 2.09525
4gt11_84
original 0.0 18.0 18.0 11.0 0.0 5.0 0.83155 0.001628
4gt11_82
original 0.0 27.0 30.0 20.0 3.0 5.0 0.83155 0.08719
wim_266
original 3.0 986.0 1217.0 587.0 231.0 4.0 0.33155 0.543027
rd53_131
improve 40.0 469.0 532.0 261.0 63.0 4.0 0.89155 1.173689
mod8-10_177
original 57.0 440.0 479.0 251.0 39.0 9.0 0.65155 1.249907
4gt10-v1_81
improve 18.0 148.0 184.0 84.0 36.0 5.0 0.83155 0.363565
alu-v1_28
original 65.0 37.0 43.0 22.0 6.0 5.0 0.83155 0.114018
cnt3-5_179
original 0.0 175.0 193.0 64.0 18.0 5.0 0.83155 0.042463
square_root_7
improve 16.0 7630.0 9361.0 4485.0 1731.0 3.0 0.501 6.154357
one-two-three-v1_99
improve 103.0 132.0 162.0 76.0 30.0 2.0 0.89655 0.298615
mini_alu_305
original 45.0 173.0 200.0 81.0 27.0 5.0 0.83155 1.023838
rd53_311
original 71.0 275.0 374.0 142.0 99.0 3.0 0.501 0.728591
3_17_13
original 0.0 36.0 36.0 22.0 0.0 5.0 0.83155 0.003148
rd73_252
improve 11.0 5321.0 7139.0 3483.0 1818.0 6.0 0.471055 3.239317
4gt4-v0_80
original 60.0 179.0 206.0 101.0 27.0 5.0 0.83155 0.485489
hwb7_59
original 69.0 24379.0 32467.0 13704.0 8088.0 2.0 0.85055 40.716436
ham3_102
original 0.0 20.0 20.0 13.0 0.0 5.0 0.83155 0.003398
cnt3-5_180
original 9.0 485.0 626.0 244.0 141.0 4.0 0.52155 0.712688
rd53_133
original 108.0 580.0 688.0 334.0 108.0 2.0 0.301 1.430583
4mod7-v0_94
original 64.0 162.0 186.0 92.0 24.0 5.0 0.83155 0.405515
plus63mod4096_163
original 12.0 128744.0 184298.0 87718.0 55554.0 3.0 0.12455 77.494559
mini-alu_167
improve 3.0 288.0 360.0 199.0 72.0 3.0 0.85155 0.684804
root_255
original 15.0 17159.0 22676.0 10467.0 5517.0 3.0 0.5155 10.71414
z4_268
improve 20.0 3073.0 4054.0 1930.0 981.0 5.0 0.7155 1.942729
majority_239
improve 17.0 612.0 720.0 369.0 108.0 7.0 0.12155 1.892609
ex2_227
original 3.0 631.0 733.0 355.0 102.0 4.0 0.89155 1.62165
urf2_277
improve 39.0 20112.0 29298.0 12051.0 9186.0 3.0 0.501 41.160633
one-two-three-v3_101
improve 30.0 70.0 79.0 45.0 9.0 3.0 0.16155 0.143389
4gt13_91
improve 0.0 103.0 124.0 61.0 21.0 5.0 0.83155 0.262024
4gt12-v1_89
improve 18.0 228.0 261.0 137.0 33.0 8.0 0.601 0.580179
sqrt8_260
original 15.0 3009.0 3924.0 1816.0 915.0 4.0 0.43155 1.791768
rd32-v0_66
original 0.0 34.0 34.0 20.0 0.0 5.0 0.83155 0.002159
sym9_148
improve 19.0 21504.0 25491.0 12666.0 3987.0 8.0 0.37055 13.510712
4gt5_75
original 64.0 83.0 98.0 47.0 15.0 5.0 0.83155 0.224624
0410184_169
improve 9.0 211.0 235.0 107.0 24.0 1.0 0.21655 0.03772
urf2_152
improve 45.0 80480.0 106154.0 47383.0 25674.0 3.0 0.7055 128.430897
urf1_278
improve 51.0 54766.0 78700.0 33779.0 23934.0 3.0 0.7055 101.301768
sym6_145
improve 41.0 3888.0 4569.0 2187.0 681.0 6.0 0.251055 10.995197
alu-v2_32
improve 9.0 163.0 205.0 92.0 42.0 3.0 0.16155 0.370176
4gt12-v0_88
original 14.0 194.0 212.0 111.0 18.0 5.0 0.83155 0.502109
squar5_261
improve 17.0 1993.0 2509.0 1130.0 516.0 3.0 0.501 1.046405
alu-v2_31
original 3.0 451.0 559.0 316.0 108.0 2.0 0.301 0.971076
hwb5_53
improve 52.0 1336.0 1579.0 793.0 243.0 3.0 0.54155 3.468709
one-two-three-v2_100
original 2.0 69.0 78.0 42.0 9.0 5.0 0.83155 0.153196
cycle10_2_110
improve 2.0 6050.0 8156.0 3798.0 2106.0 7.0 0.5455 3.800934
urf6_160
improve 3.0 171840.0 249942.0 111828.0 78102.0 8.0 0.7755 29.943895
ising_model_10
original 0.0 480.0 480.0 45.0 0.0 5.0 0.83155 0.032558
sys6-v0_111
improve 68.0 215.0 269.0 100.0 54.0 3.0 0.16155 0.745145
plus63mod8192_164
original 0.0 187112.0 272354.0 129008.0 85242.0 3.0 0.49355 29.598561
mod5adder_127
original 17.0 555.0 624.0 323.0 69.0 8.0 0.601 1.620873
rd73_140
improve 80.0 230.0 302.0 124.0 72.0 3.0 0.39155 0.658098
4mod5-v1_23
original 90.0 69.0 75.0 41.0 6.0 5.0 0.83155 0.175072
graycode6_47
original 0.0 5.0 5.0 5.0 0.0 5.0 0.83155 0.002832
ising_model_16
original 0.0 786.0 786.0 52.0 0.0 8.0 0.601 0.010834
ham7_104
improve 44.0 320.0 392.0 190.0 72.0 4.0 0.101 0.759581
ex-1_166
original 0.0 19.0 19.0 12.0 0.0 5.0 0.83155 0.002958
decod24-v3_45
improve 13.0 150.0 189.0 84.0 39.0 7.0 0.701 0.408188
urf4_187
original 3.0 512064.0 669699.0 294348.0 157635.0 2.0 0.701 274.691025
life_238
original 1.0 22445.0 30782.0 13702.0 8337.0 4.0 0.50155 13.299011
con1_216
improve 23.0 954.0 1149.0 527.0 195.0 4.0 0.33155 0.563506
hwb6_56
improve 96.0 6723.0 8202.0 3742.0 1479.0 3.0 0.9255 17.060091
mod10_176
improve 6.0 178.0 220.0 127.0 42.0 5.0 0.83155 0.423054
ex1_226
original 0.0 7.0 7.0 5.0 0.0 5.0 0.83155 0.002623
sf_276
original 113.0 778.0 814.0 435.0 36.0 8.0 0.601 2.021219
cm152a_212
improve 8.0 1221.0 1479.0 706.0 258.0 8.0 0.24155 1.482888
4gt12-v0_87
original 84.0 247.0 259.0 131.0 12.0 4.0 0.89155 0.694788
decod24-enable_126
improve 0.0 338.0 410.0 207.0 72.0 7.0 0.73155 0.994506
radd_250
improve 14.0 3213.0 4143.0 2111.0 930.0 9.0 0.00155 2.295424
pm1_249
improve 11.0 1776.0 2091.0 1043.0 315.0 4.0 0.101 0.918296
sf_274
original 10.0 781.0 811.0 436.0 30.0 8.0 0.601 1.994298
miller_11
original 0.0 50.0 50.0 29.0 0.0 5.0 0.83155 0.001915
rd53_251
improve 21.0 1291.0 1561.0 736.0 270.0 7.0 0.401 1.25819
mlp4_245
improve 0.0 18852.0 25848.0 12286.0 6996.0 4.0 0.25155 0.472363
9symml_195
improve 9.0 34881.0 46137.0 21068.0 11256.0 5.0 0.9355 21.371026
rd84_142
original 12.0 343.0 457.0 172.0 114.0 7.0 0.56155 0.801378
inc_237
improve 0.0 10619.0 13988.0 6697.0 3369.0 4.0 0.35155 0.533597
sqn_258
improve 18.0 10223.0 13622.0 5971.0 3399.0 4.0 0.51155 5.931814
alu-v2_33
original 68.0 37.0 43.0 22.0 6.0 5.0 0.83155 0.109288
sao2_257
improve 12.0 38577.0 53292.0 23865.0 14715.0 4.0 0.43155 17.630134
co14_215
original 2.0 17936.0 25808.0 10665.0 7872.0 5.0 0.5655 3.420544
decod24-v1_41
original 64.0 85.0 97.0 50.0 12.0 5.0 0.83155 0.195702
4mod5-v0_20
original 0.0 20.0 20.0 12.0 0.0 5.0 0.83155 0.002901
alu-v4_37
original 68.0 37.0 43.0 22.0 6.0 5.0 0.83155 0.113275
urf3_155
original 10.0 423488.0 592583.0 243908.0 169095.0 2.0 0.90055 238.92254
misex1_241
original 0.0 4813.0 5614.0 2796.0 801.0 3.0 0.5555 0.710442
alu-v0_27
original 68.0 36.0 42.0 21.0 6.0 5.0 0.83155 0.104262
4mod5-v1_24
original 0.0 36.0 36.0 21.0 0.0 5.0 0.83155 0.003895
4mod7-v1_96
original 109.0 164.0 203.0 94.0 39.0 5.0 0.83155 0.430331
cm82a_208
improve 103.0 650.0 731.0 346.0 81.0 8.0 0.601 1.8254
ham15_107
improve 0.0 8763.0 11871.0 5507.0 3108.0 9.0 0.9255 0.282722
0example
original 67.0 9.0 12.0 6.0 3.0 5.0 0.83155 0.045577
dc1_220
improve 9.0 1914.0 2289.0 1187.0 375.0 5.0 0.82155 0.566024
4gt4-v1_74
improve 16.0 273.0 303.0 154.0 30.0 8.0 0.601 0.772433
rd32-v1_68
original 0.0 36.0 36.0 21.0 0.0 5.0 0.83155 0.002992
decod24-v0_38
original 0.0 51.0 51.0 30.0 0.0 5.0 0.83155 0.003851
sym6_316
improve 103.0 270.0 336.0 147.0 66.0 8.0 0.24155 3.427863
alu-v0_26
original 1.0 84.0 102.0 49.0 18.0 5.0 0.83155 0.22181
clip_206
improve 1.0 33827.0 46688.0 21248.0 12861.0 4.0 0.01155 5.34035
4mod5-v0_18
original 90.0 69.0 75.0 40.0 6.0 5.0 0.83155 0.166371
cm85a_209
original 11.0 11414.0 14963.0 7329.0 3549.0 3.0 0.601 5.126815
alu-v4_36
improve 103.0 115.0 139.0 66.0 24.0 2.0 0.89655 0.289889
one-two-three-v0_97
original 19.0 290.0 347.0 172.0 57.0 9.0 0.99155 0.782818
4gt13_90
improve 0.0 107.0 128.0 65.0 21.0 5.0 0.83155 0.271343
mod5d2_64
original 4.0 53.0 65.0 43.0 12.0 5.0 0.83155 0.144665
ground_state_estimation_10
original 21.0 390180.0 413295.0 220466.0 23115.0 9.0 0.5555 164.02265
C17_204
improve 62.0 467.0 539.0 262.0 72.0 9.0 0.401 1.496533
4gt13_92
original 0.0 66.0 66.0 38.0 0.0 5.0 0.83155 0.002392
rd53_130
original 107.0 1043.0 1259.0 569.0 216.0 9.0 0.07155 3.380399
alu-v3_34
original 12.0 52.0 58.0 30.0 6.0 5.0 0.83155 0.149102
decod24-bdd_294
original 80.0 73.0 79.0 40.0 6.0 5.0 0.83155 0.174425
4gt5_76
original 102.0 91.0 112.0 56.0 21.0 3.0 0.16155 0.239057
sym9_146
improve 22.0 328.0 427.0 166.0 99.0 7.0 0.75155 0.405055
4mod5-v1_22
original 0.0 21.0 21.0 12.0 0.0 5.0 0.83155 0.002696
rd32_270
original 61.0 84.0 93.0 47.0 9.0 5.0 0.83155 0.195068
hwb4_49
original 5.0 233.0 275.0 141.0 42.0 2.0 0.301 0.452104
urf5_280
improve 52.0 49829.0 70814.0 29723.0 20985.0 3.0 0.9855 90.512645
4gt5_77
improve 110.0 131.0 167.0 74.0 36.0 5.0 0.83155 0.351007
rd84_253
improve 18.0 13658.0 18773.0 8374.0 5115.0 3.0 0.7355 8.120622
4_49_16
original 76.0 217.0 259.0 125.0 42.0 5.0 0.83155 0.5393
qft_10
improve 22.0 200.0 266.0 49.0 66.0 9.0 0.05155 0.367067
4mod5-bdd_287
original 64.0 70.0 73.0 41.0 3.0 5.0 0.83155 0.17976
qft_16
improve 0.0 512.0 737.0 139.0 225.0 3.0 0.44155 0.083585
urf1_149
original 59.0 184864.0 253654.0 125003.0 68790.0 2.0 0.98055 302.49672
urf5_158
original 28.0 164416.0 224533.0 93135.0 60117.0 2.0 0.90055 268.604063
urf3_279
improve 3.0 125362.0 184273.0 77786.0 58911.0 3.0 0.5155 82.231782
4gt12-v0_86
original 84.0 251.0 266.0 135.0 15.0 4.0 0.89155 0.715262
4gt4-v0_73
improve 111.0 395.0 446.0 227.0 51.0 8.0 0.601 1.136338
alu-v1_29
original 68.0 37.0 43.0 22.0 6.0 5.0 0.83155 0.107313
alu-bdd_288
original 77.0 84.0 96.0 48.0 12.0 5.0 0.83155 0.233866
decod24-v2_43
original 0.0 52.0 52.0 30.0 0.0 5.0 0.83155 0.00355
mod8-10_178
original 3.0 342.0 357.0 193.0 15.0 2.0 0.301 0.692089
one-two-three-v0_98
original 4.0 146.0 176.0 87.0 30.0 5.0 0.83155 0.35676
4gt4-v0_78
improve 27.0 235.0 259.0 143.0 24.0 2.0 0.301 0.516058
4mod5-v0_19
original 0.0 35.0 35.0 21.0 0.0 5.0 0.83155 0.003191
alu-v2_30
original 37.0 504.0 567.0 285.0 63.0 2.0 0.301 1.188182
alu-v3_35
original 65.0 37.0 43.0 22.0 6.0 5.0 0.83155 0.108502
dist_223
improve 0.0 38046.0 51513.0 23626.0 13467.0 6.0 0.511055 23.498343
4gt4-v0_79
original 86.0 231.0 261.0 132.0 30.0 8.0 0.601 0.630076
hwb8_113
improve 17.0 69380.0 92522.0 42325.0 23142.0 3.0 0.9855 110.851001
ex3_229
improve 31.0 403.0 424.0 229.0 21.0 2.0 0.301 0.693886
xor5_254
original 0.0 7.0 7.0 5.0 0.0 5.0 0.83155 0.001496
f2_232
improve 67.0 1206.0 1386.0 671.0 180.0 5.0 0.71155 3.051958