rd53_138
210 119 26
4gt13-v1_93
98 67 10
mod5mils_65
38 24 1
mod5d1_63
40 31 6
sym10_262
9999999 9999999 9999999
aj-e11_165
214 146 21
hwb9_119
9999999 9999999 9999999
4gt11_83
26 19 1
cm42a_207
2379 1455 201
4gt4-v0_72
405 262 49
max46_240
9999999 9999999 9999999
dc2_222
9999999 9999999 9999999
sym9_193
9999999 9999999 9999999
rd53_135
398 247 34
mod10_171
319 205 25
ising_model_13
693 150 20
adr4_197
9999999 9999999 9999999
4gt11_84
21 14 1
4gt11_82
30 23 1
wim_266
1556 1005 190
rd53_131
676 445 69
mod8-10_177
725 514 95
4gt10-v1_81
190 120 14
alu-v1_28
52 35 5
cnt3-5_179
298 134 41
square_root_7
9999999 9999999 9999999
one-two-three-v1_99
171 109 13
mini_alu_305
254 117 27
rd53_311
413 229 46
3_17_13
54 40 6
rd73_252
7961 5128 880
4gt4-v0_80
266 185 29
hwb7_59
35287 22755 3636
ham3_102
35 28 5
cnt3-5_180
641 323 52
rd53_133
9999999 9999999 9999999
4mod7-v0_94
213 142 17
plus63mod4096_163
9999999 9999999 9999999
mini-alu_167
435 292 49
root_255
9999999 9999999 9999999
z4_268
4636 2943 521
majority_239
966 683 118
ex2_227
847 554 72
urf2_277
9999999 9999999 9999999
one-two-three-v3_101
106 73 12
4gt13_91
127 83 8
4gt12-v1_89
390 292 54
sqrt8_260
9999999 9999999 9999999
rd32-v0_66
52 38 6
sym9_148
9999999 9999999 9999999
4gt5_75
134 94 17
0410184_169
9999999 9999999 9999999
urf2_152
9999999 9999999 9999999
urf1_278
9999999 9999999 9999999
sym6_145
5640 3736 584
alu-v2_32
193 116 10
4gt12-v0_88
287 190 31
squar5_261
2917 1798 308
alu-v2_31
643 430 64
hwb5_53
1999 1376 221
one-two-three-v2_100
96 67 9
cycle10_2_110
8840 5776 930
urf6_160
9999999 9999999 9999999
ising_model_10
531 134 17
sys6-v0_111
305 144 30
plus63mod8192_164
9999999 9999999 9999999
mod5adder_127
756 484 67
rd73_140
332 162 34
4mod5-v1_23
108 80 13
graycode6_47
8 8 1
ising_model_16
9999999 9999999 9999999
ham7_104
470 318 50
ex-1_166
31 24 4
decod24-v3_45
198 123 16
urf4_187
9999999 9999999 9999999
life_238
9999999 9999999 9999999
con1_216
1302 795 116
hwb6_56
9477 6172 918
mod10_176
229 149 17
ex1_226
10 8 1
sf_276
1108 710 110
cm152a_212
1683 1095 154
4gt12-v0_87
361 230 38
decod24-enable_126
533 376 65
radd_250
4470 2795 419
pm1_249
2343 1411 189
sf_274
1222 837 147
miller_11
77 56 9
rd53_251
1984 1337 231
mlp4_245
9999999 9999999 9999999
9symml_195
9999999 9999999 9999999
rd84_142
496 213 51
inc_237
14489 9064 1290
sqn_258
9999999 9999999 9999999
alu-v2_33
58 40 7
sao2_257
9999999 9999999 9999999
co14_215
9999999 9999999 9999999
decod24-v1_41
103 66 6
4mod5-v0_20
32 24 4
alu-v4_37
49 34 4
urf3_155
9999999 9999999 9999999
misex1_241
6814 4383 667
alu-v0_27
48 33 4
4mod5-v1_24
39 21 1
4mod7-v1_96
260 183 32
cm82a_208
1001 649 117
ham15_107
12600 8028 1279
0example
12 9 1
dc1_220
2679 1689 255
4gt4-v1_74
387 255 38
rd32-v1_68
60 43 8
decod24-v0_38
72 52 7
sym6_316
414 257 48
alu-v0_26
144 108 20
clip_206
9999999 9999999 9999999
4mod5-v0_18
84 52 5
cm85a_209
9999999 9999999 9999999
alu-v4_36
151 102 12
one-two-three-v0_97
380 253 30
4gt13_90
134 86 9
mod5d2_64
71 48 6
ground_state_estimation_10
433710 259104 14510
C17_204
608 384 47
4gt13_92
99 70 11
rd53_130
1568 1036 175
alu-v3_34
85 63 11
decod24-bdd_294
103 65 10
4gt5_76
139 101 16
sym9_146
496 241 56
4mod5-v1_22
21 12 0
rd32_270
114 68 10
hwb4_49
296 195 21
urf5_280
9999999 9999999 9999999
4gt5_77
221 158 30
rd84_253
9999999 9999999 9999999
4_49_16
325 231 36
qft_10
278 107 26
4mod5-bdd_287
112 77 14
qft_16
9999999 9999999 9999999
urf1_149
9999999 9999999 9999999
urf5_158
9999999 9999999 9999999
urf3_279
9999999 9999999 9999999
4gt12-v0_86
392 261 47
4gt4-v0_73
611 423 72
alu-v1_29
49 34 4
alu-bdd_288
129 93 15
decod24-v2_43
85 62 11
mod8-10_178
471 305 43
one-two-three-v0_98
230 156 28
4gt4-v0_78
388 272 51
4mod5-v0_19
56 39 7
alu-v2_30
768 521 88
alu-v3_35
49 28 4
dist_223
9999999 9999999 9999999
4gt4-v0_79
267 168 12
hwb8_113
9999999 9999999 9999999
ex3_229
574 376 57
xor5_254
7 5 0
time : 12157.047
