rd53_138
original 0.0 132.0 195.0 92.0 63.0 4.0 0.69 0.011713
4gt13-v1_93
original 0.0 68.0 92.0 47.0 24.0 5.0 0.73 0.003489
mod5mils_65
original 0.0 35.0 47.0 28.0 12.0 3.0 0.15 0.002619
mod5d1_63
original 0.0 22.0 31.0 22.0 9.0 3.0 0.15 0.001973
sym10_262
improve 0.0 64283.0 92279.0 50053.0 27996.0 9.0 0.01 2.685536
aj-e11_165
original 0.0 151.0 214.0 122.0 63.0 2.0 0.05 0.027069
hwb9_119
original 0.0 207775.0 288850.0 150551.0 81075.0 2.0 0.05 6.928035
4gt11_83
original 0.0 23.0 26.0 17.0 3.0 4.0 0.69 0.066186
cm42a_207
improve 0.0 1776.0 2220.0 1201.0 444.0 2.0 0.05 0.044756
4gt4-v0_72
original 0.0 258.0 324.0 149.0 66.0 2.0 0.05 0.012643
max46_240
improve 0.0 27126.0 38097.0 21447.0 10971.0 3.0 0.15 0.918207
dc2_222
improve 0.0 9462.0 13077.0 7178.0 3615.0 2.0 0.05 0.329956
sym9_193
original 0.0 34881.0 46422.0 23012.0 11541.0 9.0 0.01 1.347148
rd53_135
original 0.0 296.0 389.0 197.0 93.0 2.0 0.05 0.021102
mod10_171
original 0.0 244.0 271.0 136.0 27.0 2.0 0.05 0.01037
ising_model_13
original 0.0 633.0 666.0 143.0 33.0 7.0 0.99 0.013299
adr4_197
improve 0.0 3439.0 4357.0 2230.0 918.0 2.0 0.05 0.097849
4gt11_84
original 0.0 18.0 21.0 12.0 3.0 4.0 0.69 0.002739
4gt11_82
original 0.0 27.0 30.0 21.0 3.0 4.0 0.69 0.002069
wim_266
original 0.0 986.0 1376.0 710.0 390.0 2.0 0.05 0.040384
rd53_131
improve 0.0 469.0 589.0 302.0 120.0 4.0 0.69 0.018418
mod8-10_177
original 0.0 440.0 608.0 343.0 168.0 8.0 0.89 0.020497
4gt10-v1_81
original 0.0 148.0 184.0 98.0 36.0 4.0 0.69 0.007904
alu-v1_28
original 0.0 37.0 52.0 32.0 15.0 4.0 0.69 0.002845
cnt3-5_179
original 0.0 175.0 250.0 90.0 75.0 4.0 0.69 2.718372
square_root_7
original 0.0 7630.0 10216.0 4687.0 2586.0 5.0 0.73 1.097277
one-two-three-v1_99
original 0.0 132.0 162.0 85.0 30.0 4.0 0.69 0.00968
mini_alu_305
improve 0.0 173.0 245.0 96.0 72.0 7.0 0.99 0.012217
rd53_311
original 0.0 275.0 395.0 178.0 120.0 4.0 0.09 0.014758
3_17_13
original 0.0 36.0 54.0 34.0 18.0 1.0 0.33 0.001727
rd73_252
original 0.0 5321.0 7361.0 3710.0 2040.0 5.0 0.73 0.219717
4gt4-v0_80
original 0.0 179.0 254.0 141.0 75.0 1.0 0.33 0.007041
hwb7_59
improve 0.0 24379.0 34180.0 19811.0 9801.0 2.0 0.05 0.791202
ham3_102
original 0.0 20.0 23.0 14.0 3.0 4.0 0.69 0.009448
cnt3-5_180
original 0.0 485.0 644.0 272.0 159.0 7.0 0.99 0.017971
rd53_133
original 0.0 580.0 769.0 408.0 189.0 5.0 0.73 0.02319
4mod7-v0_94
original 0.0 162.0 207.0 111.0 45.0 4.0 0.69 0.00916
plus63mod4096_163
original 0.0 128744.0 185999.0 98276.0 57255.0 3.0 0.15 5.341429
mini-alu_167
original 0.0 288.0 405.0 223.0 117.0 7.0 0.99 0.063346
root_255
original 0.0 17159.0 23936.0 11754.0 6777.0 7.0 0.01 0.625785
z4_268
original 0.0 3073.0 4159.0 2041.0 1086.0 6.0 0.25 0.122443
majority_239
original 0.0 612.0 837.0 447.0 225.0 4.0 0.69 0.024514
ex2_227
original 0.0 631.0 853.0 450.0 222.0 5.0 0.73 0.02626
urf2_277
improve 0.0 20112.0 28803.0 17827.0 8691.0 5.0 0.73 0.783514
one-two-three-v3_101
original 0.0 70.0 88.0 46.0 18.0 1.0 0.33 0.008739
4gt13_91
original 0.0 103.0 127.0 67.0 24.0 4.0 0.69 0.005665
4gt12-v1_89
original 0.0 228.0 291.0 146.0 63.0 2.0 0.05 0.012003
sqrt8_260
improve 0.0 3009.0 4143.0 2175.0 1134.0 2.0 0.05 0.099668
rd32-v0_66
original 0.0 34.0 46.0 28.0 12.0 2.0 0.05 0.003594
sym9_148
original 0.0 21504.0 28836.0 14759.0 7332.0 5.0 0.73 0.72506
4gt5_75
original 0.0 83.0 128.0 74.0 45.0 3.0 0.15 0.013987
0410184_169
original 0.0 211.0 322.0 126.0 111.0 2.0 0.05 0.020992
urf2_152
improve 0.0 80480.0 112199.0 65109.0 31719.0 2.0 0.05 2.575962
urf1_278
original 0.0 54766.0 82768.0 45628.0 28002.0 2.0 0.05 2.148236
sym6_145
original 0.0 3888.0 4746.0 2290.0 858.0 6.0 0.11 0.127314
alu-v2_32
original 0.0 163.0 199.0 98.0 36.0 1.0 0.33 0.006605
4gt12-v0_88
original 0.0 194.0 248.0 123.0 54.0 4.0 0.69 0.009213
squar5_261
original 0.0 1993.0 2635.0 1235.0 642.0 4.0 0.69 0.097583
alu-v2_31
original 0.0 451.0 511.0 253.0 60.0 9.0 0.01 0.01619
hwb5_53
original 0.0 1336.0 1870.0 1015.0 534.0 5.0 0.73 0.049801
one-two-three-v2_100
original 0.0 69.0 105.0 57.0 36.0 9.0 0.01 0.00592
cycle10_2_110
original 0.0 6050.0 8645.0 4650.0 2595.0 6.0 0.11 0.224242
urf6_160
improve 0.0 171840.0 251736.0 138512.0 79893.0 2.0 0.05 6.456732
ising_model_10
original 0.0 480.0 483.0 110.0 3.0 4.0 0.69 0.060456
sys6-v0_111
original 0.0 215.0 314.0 128.0 99.0 2.0 0.05 0.007246
plus63mod8192_164
original 0.0 187112.0 266756.0 139110.0 79644.0 3.0 0.15 6.831283
mod5adder_127
original 0.0 555.0 627.0 316.0 72.0 7.0 0.99 0.071532
rd73_140
original 0.0 230.0 326.0 144.0 96.0 9.0 0.01 0.015537
4mod5-v1_23
original 0.0 69.0 99.0 61.0 30.0 4.0 0.69 0.004799
graycode6_47
original 0.0 5.0 8.0 7.0 3.0 4.0 0.69 0.001252
ising_model_16
original 0.0 786.0 813.0 176.0 27.0 9.0 0.01 0.013651
ham7_104
original 0.0 320.0 377.0 180.0 57.0 2.0 0.05 0.01188
ex-1_166
original 0.0 19.0 31.0 21.0 12.0 2.0 0.05 0.002027
decod24-v3_45
original 0.0 150.0 168.0 86.0 18.0 2.0 0.05 0.006522
urf4_187
original 0.0 512064.0 699030.0 338751.0 186966.0 2.0 0.05 17.807037
life_238
improve 0.0 22445.0 33638.0 19092.0 11193.0 3.0 0.15 0.93395
con1_216
original 0.0 954.0 1227.0 576.0 273.0 2.0 0.05 0.030104
hwb6_56
original 0.0 6723.0 9252.0 4782.0 2529.0 9.0 0.01 0.2956
mod10_176
original 0.0 178.0 232.0 120.0 54.0 2.0 0.05 0.009955
ex1_226
original 0.0 7.0 16.0 10.0 9.0 4.0 0.69 0.001585
sf_276
original 0.0 778.0 1024.0 527.0 246.0 3.0 0.15 0.030066
cm152a_212
improve 0.0 1221.0 1590.0 781.0 369.0 7.0 0.99 0.044857
4gt12-v0_87
original 0.0 247.0 349.0 193.0 102.0 9.0 0.01 0.015871
decod24-enable_126
original 0.0 338.0 452.0 247.0 114.0 2.0 0.05 0.014663
radd_250
improve 0.0 3213.0 4392.0 2389.0 1179.0 3.0 0.15 0.105578
pm1_249
original 0.0 1776.0 2340.0 1138.0 564.0 6.0 0.11 0.062965
sf_274
improve 0.0 781.0 1138.0 689.0 357.0 2.0 0.05 0.033377
miller_11
original 0.0 50.0 77.0 50.0 27.0 2.0 0.05 0.004928
rd53_251
improve 0.0 1291.0 1873.0 1123.0 582.0 2.0 0.05 0.049754
mlp4_245
improve 0.0 18852.0 27219.0 14713.0 8364.0 3.0 0.15 1.364297
9symml_195
improve 0.0 34881.0 48885.0 26241.0 14004.0 3.0 0.15 1.132499
rd84_142
original 0.0 343.0 496.0 189.0 153.0 5.0 0.73 0.029368
inc_237
original 0.0 10619.0 14480.0 7374.0 3861.0 2.0 0.05 0.320908
sqn_258
improve 0.0 10223.0 14075.0 7533.0 3852.0 3.0 0.15 0.345454
alu-v2_33
original 0.0 37.0 52.0 30.0 15.0 2.0 0.05 0.006669
sao2_257
original 0.0 38577.0 51720.0 24434.0 13143.0 7.0 0.99 1.359016
co14_215
improve 0.0 17936.0 26234.0 12875.0 8298.0 3.0 0.15 0.770956
decod24-v1_41
original 0.0 85.0 127.0 70.0 42.0 2.0 0.05 0.010909
4mod5-v0_20
original 0.0 20.0 35.0 22.0 15.0 4.0 0.69 0.002448
alu-v4_37
original 0.0 37.0 43.0 24.0 6.0 4.0 0.69 0.002326
urf3_155
improve 0.0 423488.0 618452.0 350545.0 194964.0 7.0 0.01 16.86292
misex1_241
improve 0.0 4813.0 6178.0 3356.0 1365.0 8.0 0.89 0.302899
alu-v0_27
original 0.0 36.0 48.0 27.0 12.0 4.0 0.69 0.002953
4mod5-v1_24
original 0.0 36.0 39.0 20.0 3.0 4.0 0.69 0.002301
4mod7-v1_96
original 0.0 164.0 263.0 156.0 99.0 2.0 0.05 0.011081
cm82a_208
original 0.0 650.0 890.0 425.0 240.0 3.0 0.15 0.028652
ham15_107
improve 0.0 8763.0 12033.0 6596.0 3270.0 6.0 0.11 0.325203
0example
original 0.0 9.0 15.0 13.0 6.0 4.0 0.69 0.006176
dc1_220
original 0.0 1914.0 2529.0 1213.0 615.0 2.0 0.05 0.062127
4gt4-v1_74
original 0.0 273.0 396.0 231.0 123.0 2.0 0.05 0.014958
rd32-v1_68
original 0.0 36.0 48.0 27.0 12.0 4.0 0.69 0.001774
decod24-v0_38
original 0.0 51.0 51.0 28.0 0.0 4.0 0.69 0.002498
sym6_316
original 0.0 270.0 411.0 186.0 141.0 6.0 0.11 0.015514
alu-v0_26
original 0.0 84.0 135.0 82.0 51.0 2.0 0.05 0.005964
clip_206
original 0.0 33827.0 47651.0 23878.0 13824.0 3.0 0.15 1.185568
4mod5-v0_18
original 0.0 69.0 84.0 43.0 15.0 4.0 0.69 0.014393
cm85a_209
original 0.0 11414.0 15332.0 7739.0 3918.0 4.0 0.69 1.339189
alu-v4_36
original 0.0 115.0 142.0 76.0 27.0 1.0 0.33 0.007318
one-two-three-v0_97
original 0.0 290.0 362.0 188.0 72.0 3.0 0.15 0.012466
4gt13_90
original 0.0 107.0 122.0 65.0 15.0 4.0 0.69 0.005327
mod5d2_64
original 0.0 53.0 71.0 42.0 18.0 5.0 0.73 0.004138
ground_state_estimation_10
improve 0.0 390180.0 420573.0 202140.0 30393.0 9.0 0.01 10.676967
C17_204
original 0.0 467.0 599.0 283.0 132.0 5.0 0.73 0.13921
4gt13_92
improve 0.0 66.0 102.0 57.0 36.0 2.0 0.05 0.003127
rd53_130
original 0.0 1043.0 1334.0 647.0 291.0 2.0 0.05 0.037881
alu-v3_34
original 0.0 52.0 85.0 55.0 33.0 4.0 0.69 0.004294
decod24-bdd_294
original 0.0 73.0 103.0 56.0 30.0 4.0 0.69 0.004719
4gt5_76
original 0.0 91.0 103.0 53.0 12.0 4.0 0.69 0.005002
sym9_146
improve 0.0 328.0 484.0 205.0 156.0 5.0 0.73 0.02155
4mod5-v1_22
original 0.0 21.0 27.0 17.0 6.0 3.0 0.15 0.001864
rd32_270
original 0.0 84.0 114.0 59.0 30.0 4.0 0.69 0.004815
hwb4_49
original 0.0 233.0 314.0 166.0 81.0 5.0 0.73 0.014122
urf5_280
improve 0.0 49829.0 74939.0 45048.0 25110.0 2.0 0.05 1.786429
4gt5_77
improve 0.0 131.0 194.0 123.0 63.0 2.0 0.05 0.021556
rd84_253
original 0.0 13658.0 18944.0 9479.0 5286.0 5.0 0.73 0.466201
4_49_16
original 0.0 217.0 337.0 204.0 120.0 2.0 0.05 0.014433
qft_10
original 0.0 200.0 284.0 105.0 84.0 2.0 0.05 0.018801
4mod5-bdd_287
original 0.0 70.0 97.0 55.0 27.0 2.0 0.05 0.004356
qft_16
original 0.0 512.0 785.0 256.0 273.0 6.0 0.11 0.497941
urf1_149
improve 0.0 184864.0 254467.0 142608.0 69603.0 2.0 0.05 6.01262
urf5_158
original 0.0 164416.0 234598.0 122985.0 70182.0 2.0 0.05 5.652937
urf3_279
original 0.0 125362.0 188404.0 104650.0 63042.0 7.0 0.99 5.65753
4gt12-v0_86
original 0.0 251.0 347.0 179.0 96.0 4.0 0.69 0.048032
4gt4-v0_73
original 0.0 395.0 563.0 308.0 168.0 2.0 0.05 0.012139
alu-v1_29
original 0.0 37.0 64.0 42.0 27.0 4.0 0.69 0.004116
alu-bdd_288
original 0.0 84.0 123.0 73.0 39.0 4.0 0.69 0.006065
decod24-v2_43
original 0.0 52.0 76.0 43.0 24.0 2.0 0.05 0.004394
mod8-10_178
original 0.0 342.0 360.0 190.0 18.0 9.0 0.01 0.016391
one-two-three-v0_98
original 0.0 146.0 188.0 96.0 42.0 5.0 0.73 0.007162
4gt4-v0_78
improve 0.0 235.0 376.0 236.0 141.0 2.0 0.05 0.01343
4mod5-v0_19
original 0.0 35.0 44.0 25.0 9.0 2.0 0.05 0.0024
alu-v2_30
improve 0.0 504.0 645.0 328.0 141.0 8.0 0.89 0.024076
alu-v3_35
original 0.0 37.0 52.0 27.0 15.0 4.0 0.69 0.003312
dist_223
original 0.0 38046.0 54465.0 27410.0 16419.0 4.0 0.69 1.362534
4gt4-v0_79
original 0.0 231.0 243.0 126.0 12.0 1.0 0.33 0.015273
hwb8_113
improve 0.0 69380.0 100457.0 58732.0 31077.0 3.0 0.15 2.418672
ex3_229
original 0.0 403.0 568.0 285.0 165.0 9.0 0.01 0.0399
xor5_254
original 0.0 7.0 7.0 5.0 0.0 4.0 0.69 0.000726
f2_232
original 0.0 1206.0 1515.0 739.0 309.0 9.0 0.01 0.065385
