rd53_138
original 0.0 132.0 171.0 72.0 39.0 4.0 0.33122 0.003416
4gt13-v1_93
original 0.0 68.0 68.0 39.0 0.0 4.0 0.33122 0.001697
mod5mils_65
original 0.0 35.0 35.0 21.0 0.0 4.0 0.33122 0.001531
mod5d1_63
original 0.0 22.0 22.0 13.0 0.0 4.0 0.33122 0.001306
sym10_262
original 0.0 64283.0 86642.0 41869.0 22359.0 2.0 0.01 1.955877
aj-e11_165
original 0.0 151.0 175.0 95.0 24.0 4.0 0.33122 0.028035
hwb9_119
original 0.0 207775.0 275359.0 131222.0 67584.0 2.0 0.01 14.277868
4gt11_83
original 0.0 23.0 23.0 16.0 0.0 4.0 0.33122 0.043001
cm42a_207
original 0.0 1776.0 2187.0 1036.0 411.0 3.0 0.38222 0.619749
4gt4-v0_72
original 0.0 258.0 321.0 183.0 63.0 5.0 0.99722 0.012575
max46_240
original 0.0 27126.0 35193.0 17001.0 8067.0 4.0 0.4368 0.915048
dc2_222
original 0.0 9462.0 13065.0 6412.0 3603.0 2.0 0.01 0.276958
sym9_193
original 0.0 34881.0 44823.0 21215.0 9942.0 2.0 0.01 0.858552
rd53_135
original 0.0 296.0 416.0 200.0 120.0 3.0 0.40722 0.026797
mod10_171
original 0.0 244.0 304.0 164.0 60.0 5.0 0.34722 0.016233
ising_model_13
original 0.0 633.0 633.0 47.0 0.0 2.0 0.73522 0.00463
adr4_197
original 0.0 3439.0 4699.0 2360.0 1260.0 7.0 0.8636 0.158997
4gt11_84
original 0.0 18.0 18.0 11.0 0.0 4.0 0.33122 0.001209
4gt11_82
original 0.0 27.0 30.0 20.0 3.0 4.0 0.33122 0.001987
wim_266
improve 0.0 986.0 1268.0 588.0 282.0 2.0 0.00522 0.052658
rd53_131
improve 0.0 469.0 589.0 303.0 120.0 7.0 0.855831 0.017867
mod8-10_177
original 0.0 440.0 566.0 319.0 126.0 5.0 0.99722 0.018645
4gt10-v1_81
improve 0.0 148.0 178.0 93.0 30.0 3.0 0.58622 0.004421
alu-v1_28
original 0.0 37.0 43.0 22.0 6.0 4.0 0.33122 0.004011
cnt3-5_179
original 0.0 175.0 196.0 64.0 21.0 4.0 0.33122 0.004803
square_root_7
original 0.0 7630.0 9463.0 4331.0 1833.0 7.0 0.8636 0.246568
one-two-three-v1_99
original 0.0 132.0 165.0 96.0 33.0 1.0 0.52022 0.006984
mini_alu_305
improve 0.0 173.0 209.0 80.0 36.0 2.0 0.81822 0.013181
rd53_311
original 0.0 275.0 353.0 142.0 78.0 4.0 0.79822 0.010891
3_17_13
original 0.0 36.0 36.0 22.0 0.0 4.0 0.33122 0.001402
rd73_252
improve 0.0 5321.0 6818.0 3185.0 1497.0 5.0 0.6502 0.298787
4gt4-v0_80
original 0.0 179.0 191.0 104.0 12.0 4.0 0.33122 0.010252
hwb7_59
improve 0.0 24379.0 31630.0 16684.0 7251.0 4.0 0.6502 0.694535
ham3_102
original 0.0 20.0 20.0 13.0 0.0 4.0 0.33122 0.00675
cnt3-5_180
original 0.0 485.0 575.0 212.0 90.0 4.0 0.79822 0.012582
rd53_133
original 0.0 580.0 808.0 429.0 228.0 3.0 0.14222 0.030716
4mod7-v0_94
original 0.0 162.0 210.0 138.0 48.0 4.0 0.33122 0.006197
plus63mod4096_163
improve 0.0 128744.0 183641.0 87099.0 54897.0 4.0 0.2234 3.967033
mini-alu_167
original 0.0 288.0 327.0 168.0 39.0 1.0 0.12122 0.281472
root_255
original 0.0 17159.0 23006.0 10905.0 5847.0 2.0 0.01 0.469816
z4_268
improve 0.0 3073.0 4132.0 1888.0 1059.0 9.0 0.4368 0.102624
majority_239
original 0.0 612.0 774.0 456.0 162.0 3.0 0.40722 0.022816
ex2_227
original 0.0 631.0 763.0 401.0 132.0 5.0 0.78722 0.034744
urf2_277
original 0.0 20112.0 29880.0 15882.0 9768.0 5.0 0.2234 0.725813
one-two-three-v3_101
original 0.0 70.0 79.0 48.0 9.0 2.0 0.81822 0.004749
4gt13_91
original 0.0 103.0 109.0 61.0 6.0 4.0 0.33122 0.008062
4gt12-v1_89
original 0.0 228.0 240.0 133.0 12.0 2.0 0.73522 0.004866
sqrt8_260
original 0.0 3009.0 4095.0 1903.0 1086.0 2.0 0.6502 0.103703
rd32-v0_66
original 0.0 34.0 34.0 20.0 0.0 4.0 0.33122 0.001812
sym9_148
original 0.0 21504.0 27465.0 14341.0 5961.0 8.0 0.6502 0.643113
4gt5_75
original 0.0 83.0 92.0 54.0 9.0 4.0 0.33122 0.014348
0410184_169
original 0.0 211.0 217.0 104.0 6.0 2.0 0.73522 0.004478
urf2_152
improve 0.0 80480.0 111875.0 59564.0 31395.0 3.0 0.4368 2.283154
urf1_278
original 0.0 54766.0 79363.0 39273.0 24597.0 2.0 0.6502 1.841004
sym6_145
improve 0.0 3888.0 4854.0 2689.0 966.0 3.0 0.6502 0.106436
alu-v2_32
improve 0.0 163.0 226.0 121.0 63.0 3.0 0.495831 0.005529
4gt12-v0_88
improve 0.0 194.0 221.0 114.0 27.0 3.0 0.58622 0.025652
squar5_261
original 0.0 1993.0 2458.0 1208.0 465.0 3.0 0.36922 0.064877
alu-v2_31
improve 0.0 451.0 568.0 266.0 117.0 3.0 0.02822 0.037854
hwb5_53
original 0.0 1336.0 1795.0 931.0 459.0 8.0 0.780831 0.063516
one-two-three-v2_100
original 0.0 69.0 78.0 40.0 9.0 4.0 0.33122 0.003291
cycle10_2_110
improve 0.0 6050.0 8462.0 3970.0 2412.0 3.0 0.8636 0.193991
urf6_160
original 0.0 171840.0 246828.0 112531.0 74988.0 2.0 0.01 5.693702
ising_model_10
original 0.0 480.0 480.0 45.0 0.0 4.0 0.33122 0.036219
sys6-v0_111
improve 0.0 215.0 272.0 112.0 57.0 3.0 0.58622 0.024461
plus63mod8192_164
original 0.0 187112.0 265208.0 130824.0 78096.0 2.0 0.01 5.53888
mod5adder_127
original 0.0 555.0 618.0 330.0 63.0 2.0 0.73522 0.043836
rd73_140
improve 0.0 230.0 311.0 133.0 81.0 4.0 0.27122 0.010024
4mod5-v1_23
original 0.0 69.0 84.0 42.0 15.0 4.0 0.33122 0.008209
graycode6_47
original 0.0 5.0 5.0 5.0 0.0 4.0 0.33122 0.000982
ising_model_16
original 0.0 786.0 786.0 52.0 0.0 2.0 0.73522 0.006005
ham7_104
original 0.0 320.0 374.0 215.0 54.0 2.0 0.73522 0.006861
ex-1_166
original 0.0 19.0 19.0 12.0 0.0 4.0 0.33122 0.001127
decod24-v3_45
original 0.0 150.0 189.0 112.0 39.0 4.0 0.232711 0.018425
urf4_187
improve 0.0 512064.0 697146.0 328515.0 185082.0 8.0 0.8636 30.161998
life_238
original 0.0 22445.0 28538.0 13625.0 6093.0 2.0 0.01 0.664996
con1_216
original 0.0 954.0 1170.0 587.0 216.0 5.0 0.855831 0.025246
hwb6_56
improve 0.0 6723.0 8562.0 5030.0 1839.0 1.0 0.76122 0.203675
mod10_176
original 0.0 178.0 253.0 123.0 75.0 5.0 0.029911 0.007098
ex1_226
original 0.0 7.0 7.0 5.0 0.0 4.0 0.33122 0.000948
sf_276
original 0.0 778.0 802.0 444.0 24.0 2.0 0.73522 0.012189
cm152a_212
original 0.0 1221.0 1509.0 716.0 288.0 3.0 0.32322 0.036215
4gt12-v0_87
original 0.0 247.0 253.0 131.0 6.0 2.0 0.73522 0.019084
decod24-enable_126
improve 0.0 338.0 455.0 239.0 117.0 3.0 0.32322 0.013161
radd_250
improve 0.0 3213.0 4347.0 2285.0 1134.0 4.0 0.4368 0.088933
pm1_249
original 0.0 1776.0 2187.0 1036.0 411.0 3.0 0.38222 0.082864
sf_274
original 0.0 781.0 805.0 448.0 24.0 2.0 0.73522 0.022383
miller_11
original 0.0 50.0 50.0 29.0 0.0 4.0 0.33122 0.001291
rd53_251
original 0.0 1291.0 1519.0 863.0 228.0 2.0 0.17822 0.04223
mlp4_245
original 0.0 18852.0 25893.0 12166.0 7041.0 3.0 0.2234 0.694504
9symml_195
original 0.0 34881.0 44823.0 21215.0 9942.0 2.0 0.01 0.836559
rd84_142
improve 0.0 343.0 478.0 174.0 135.0 8.0 0.824 0.028066
inc_237
improve 0.0 10619.0 13376.0 6697.0 2757.0 4.0 0.01 0.288224
sqn_258
original 0.0 10223.0 13892.0 6675.0 3669.0 4.0 0.6502 0.296335
alu-v2_33
original 0.0 37.0 43.0 22.0 6.0 4.0 0.33122 0.002857
sao2_257
improve 0.0 38577.0 51951.0 23731.0 13374.0 6.0 0.6502 1.301385
co14_215
original 0.0 17936.0 26378.0 10835.0 8442.0 3.0 0.8636 0.581165
decod24-v1_41
improve 0.0 85.0 112.0 60.0 27.0 2.0 0.81822 0.013211
4mod5-v0_20
original 0.0 20.0 20.0 12.0 0.0 4.0 0.33122 0.001275
alu-v4_37
original 0.0 37.0 43.0 22.0 6.0 4.0 0.33122 0.002126
urf3_155
original 0.0 423488.0 598910.0 284170.0 175422.0 2.0 0.01 11.666261
misex1_241
original 0.0 4813.0 6001.0 3136.0 1188.0 1.0 0.18322 0.468884
alu-v0_27
original 0.0 36.0 42.0 21.0 6.0 4.0 0.33122 0.002319
4mod5-v1_24
original 0.0 36.0 36.0 21.0 0.0 4.0 0.33122 0.001358
4mod7-v1_96
original 0.0 164.0 185.0 99.0 21.0 2.0 0.81822 0.004915
cm82a_208
original 0.0 650.0 752.0 408.0 102.0 4.0 0.83722 0.01261
ham15_107
original 0.0 8763.0 11952.0 5822.0 3189.0 2.0 0.8636 0.251031
0example
original 0.0 9.0 15.0 9.0 6.0 4.0 0.33122 0.002639
dc1_220
improve 0.0 1914.0 2250.0 1149.0 336.0 5.0 0.89722 0.118223
4gt4-v1_74
original 0.0 273.0 300.0 159.0 27.0 2.0 0.73522 0.009777
rd32-v1_68
original 0.0 36.0 36.0 21.0 0.0 4.0 0.33122 0.00143
decod24-v0_38
original 0.0 51.0 51.0 30.0 0.0 4.0 0.33122 0.002052
sym6_316
improve 0.0 270.0 372.0 163.0 102.0 2.0 0.88922 0.01212
alu-v0_26
original 0.0 84.0 93.0 49.0 9.0 4.0 0.33122 0.003134
clip_206
original 0.0 33827.0 46181.0 21550.0 12354.0 5.0 0.6502 0.964635
4mod5-v0_18
original 0.0 69.0 81.0 52.0 12.0 4.0 0.33122 0.011124
cm85a_209
original 0.0 11414.0 15296.0 7247.0 3882.0 8.0 0.01 0.354789
alu-v4_36
original 0.0 115.0 139.0 66.0 24.0 2.0 0.05322 0.005448
one-two-three-v0_97
improve 0.0 290.0 419.0 206.0 129.0 3.0 0.02822 0.012339
4gt13_90
original 0.0 107.0 116.0 65.0 9.0 4.0 0.33122 0.003773
mod5d2_64
original 0.0 53.0 62.0 33.0 9.0 9.0 0.960711 0.002017
ground_state_estimation_10
original 0.0 390180.0 420282.0 224224.0 30102.0 9.0 0.01 8.708757
C17_204
original 0.0 467.0 623.0 304.0 156.0 3.0 0.08322 0.095669
4gt13_92
original 0.0 66.0 66.0 38.0 0.0 4.0 0.33122 0.001938
rd53_130
improve 0.0 1043.0 1316.0 726.0 273.0 6.0 0.06122 0.049066
alu-v3_34
original 0.0 52.0 58.0 30.0 6.0 4.0 0.33122 0.001726
decod24-bdd_294
original 0.0 73.0 94.0 46.0 21.0 4.0 0.33122 0.002501
4gt5_76
improve 0.0 91.0 115.0 72.0 24.0 3.0 0.58622 0.004483
sym9_146
original 0.0 328.0 424.0 159.0 96.0 4.0 0.79822 0.037968
4mod5-v1_22
original 0.0 21.0 21.0 12.0 0.0 4.0 0.33122 0.001303
rd32_270
original 0.0 84.0 108.0 55.0 24.0 4.0 0.33122 0.00244
hwb4_49
original 0.0 233.0 284.0 158.0 51.0 2.0 0.73522 0.004979
urf5_280
improve 0.0 49829.0 73427.0 38299.0 23598.0 4.0 0.4368 1.694725
4gt5_77
original 0.0 131.0 164.0 84.0 33.0 2.0 0.81822 0.011917
rd84_253
improve 0.0 13658.0 18983.0 9077.0 5325.0 9.0 0.6502 0.446105
4_49_16
original 0.0 217.0 259.0 145.0 42.0 9.0 0.789111 0.008156
qft_10
improve 0.0 200.0 257.0 77.0 57.0 4.0 0.33122 0.009554
4mod5-bdd_287
improve 0.0 70.0 88.0 58.0 18.0 3.0 0.495831 0.004929
qft_16
improve 0.0 512.0 734.0 190.0 222.0 4.0 0.168331 0.060601
urf1_149
original 0.0 184864.0 262510.0 130416.0 77646.0 2.0 0.01 5.319144
urf5_158
original 0.0 164416.0 222838.0 106589.0 58422.0 2.0 0.01 4.390602
urf3_279
original 0.0 125362.0 183904.0 91117.0 58542.0 1.0 0.15122 9.802661
4gt12-v0_86
original 0.0 251.0 260.0 135.0 9.0 2.0 0.73522 0.042689
4gt4-v0_73
original 0.0 395.0 536.0 304.0 141.0 2.0 0.35022 0.015835
alu-v1_29
original 0.0 37.0 43.0 22.0 6.0 4.0 0.33122 0.001288
alu-bdd_288
original 0.0 84.0 108.0 66.0 24.0 9.0 0.960711 0.012337
decod24-v2_43
original 0.0 52.0 52.0 30.0 0.0 4.0 0.33122 0.001708
mod8-10_178
original 0.0 342.0 387.0 196.0 45.0 4.0 0.79822 0.00776
one-two-three-v0_98
original 0.0 146.0 179.0 86.0 33.0 5.0 0.029911 0.00566
4gt4-v0_78
improve 0.0 235.0 250.0 137.0 15.0 2.0 0.73522 0.007561
4mod5-v0_19
original 0.0 35.0 35.0 21.0 0.0 4.0 0.33122 0.001676
alu-v2_30
improve 0.0 504.0 684.0 356.0 180.0 5.0 0.34722 0.046794
alu-v3_35
original 0.0 37.0 43.0 22.0 6.0 4.0 0.33122 0.001876
dist_223
original 0.0 38046.0 52590.0 24537.0 14544.0 4.0 0.2234 3.163694
4gt4-v0_79
improve 0.0 231.0 243.0 132.0 12.0 2.0 0.73522 0.022876
hwb8_113
improve 0.0 69380.0 95108.0 46965.0 25728.0 3.0 0.4368 2.089484
ex3_229
original 0.0 403.0 436.0 235.0 33.0 2.0 0.73522 0.028253
xor5_254
original 0.0 7.0 7.0 5.0 0.0 4.0 0.33122 0.000933
f2_232
improve 0.0 1206.0 1359.0 680.0 153.0 5.0 0.02822 0.076045