rd53_138
improve 0.0 132.0 192.0 97.0 60.0 9.0 0.128711 0.006231
4gt13-v1_93
original 0.0 68.0 101.0 45.0 33.0 2.0 0.73622 0.006785
mod5mils_65
improve 0.0 35.0 59.0 24.0 24.0 1.0 0.56822 0.00303
mod5d1_63
improve 0.0 22.0 43.0 20.0 21.0 1.0 0.68922 0.003049
aj-e11_165
improve 0.0 151.0 223.0 133.0 72.0 3.0 0.90722 0.018344
4gt11_83
original 0.0 23.0 59.0 36.0 36.0 5.0 0.39922 0.085294
cm42a_207
improve 0.0 1776.0 2217.0 1021.0 441.0 8.0 0.722 0.044725
4gt4-v0_72
original 0.0 258.0 354.0 143.0 96.0 3.0 0.12022 0.007028
rd53_135
improve 0.0 296.0 440.0 181.0 144.0 1.0 0.86822 0.025398
mod10_171
original 0.0 244.0 325.0 143.0 81.0 4.0 0.97622 0.007989
4gt11_84
original 0.0 18.0 45.0 26.0 27.0 5.0 0.39922 0.002324
4gt11_82
original 0.0 27.0 75.0 48.0 48.0 5.0 0.39922 0.002799
wim_266
improve 0.0 986.0 1232.0 612.0 246.0 5.0 0.59622 0.027945
rd53_131
original 0.0 469.0 637.0 290.0 168.0 5.0 0.01422 0.012933
mod8-10_177
improve 0.0 440.0 620.0 266.0 180.0 1.0 0.11222 0.014034
4gt10-v1_81
improve 0.0 148.0 199.0 103.0 51.0 1.0 0.48822 0.004095
alu-v1_28
original 0.0 37.0 58.0 34.0 21.0 3.0 0.90722 0.002852
cnt3-5_179
original 0.0 175.0 283.0 90.0 108.0 3.0 0.54822 0.019444
one-two-three-v1_99
original 0.0 132.0 231.0 94.0 99.0 5.0 0.39922 0.010587
mini_alu_305
improve 0.0 173.0 248.0 104.0 75.0 2.0 0.345831 0.00914
rd53_311
original 0.0 275.0 488.0 228.0 213.0 1.0 0.47722 0.014027
3_17_13
original 0.0 36.0 57.0 45.0 21.0 5.0 0.39922 0.002329
4gt4-v0_80
original 0.0 179.0 272.0 123.0 93.0 5.0 0.035111 0.008924
hwb7_59
improve 0.0 24379.0 30979.0 15210.0 6600.0 1.0 0.98922 0.449788
ham3_102
original 0.0 20.0 29.0 20.0 9.0 5.0 0.39922 0.007851
cnt3-5_180
improve 0.0 485.0 788.0 277.0 303.0 1.0 0.14222 0.024224
rd53_133
original 0.0 580.0 778.0 354.0 198.0 3.0 0.16422 0.036083
4mod7-v0_94
original 0.0 162.0 252.0 112.0 90.0 5.0 0.39922 0.009974
mini-alu_167
improve 0.0 288.0 378.0 171.0 90.0 1.0 0.11622 0.037753
majority_239
original 0.0 612.0 756.0 351.0 144.0 2.0 0.45641 0.013369
ex2_227
improve 0.0 631.0 829.0 383.0 198.0 1.0 0.36922 0.023836
urf2_277
original 0.0 20112.0 26169.0 13221.0 6057.0 2.0 0.75422 0.462286
one-two-three-v3_101
original 0.0 70.0 130.0 55.0 60.0 3.0 0.54822 0.006056
4gt13_91
original 0.0 103.0 118.0 63.0 15.0 9.0 0.128711 0.004064
4gt12-v1_89
improve 0.0 228.0 402.0 182.0 174.0 5.0 0.01422 0.010004
sqrt8_260
original 0.0 3009.0 3972.0 1919.0 963.0 7.0 0.12122 0.096961
rd32-v0_66
original 0.0 34.0 58.0 31.0 24.0 5.0 0.39922 0.002712
4gt5_75
original 0.0 83.0 140.0 63.0 57.0 2.0 0.345831 0.006463
0410184_169
improve 0.0 211.0 322.0 121.0 111.0 4.0 0.67522 0.015818
urf2_152
improve 0.0 80480.0 111032.0 46759.0 30552.0 2.0 0.41822 2.323843
sym6_145
improve 0.0 3888.0 4737.0 2234.0 849.0 3.0 0.78522 0.186707
alu-v2_32
improve 0.0 163.0 175.0 95.0 12.0 2.0 0.345831 0.003796
4gt12-v0_88
original 0.0 194.0 269.0 116.0 75.0 5.0 0.39922 0.042869
squar5_261
improve 0.0 1993.0 2533.0 1189.0 540.0 3.0 0.78071 0.048029
alu-v2_31
improve 0.0 451.0 634.0 262.0 183.0 1.0 0.76122 0.016057
hwb5_53
improve 0.0 1336.0 1759.0 764.0 423.0 5.0 0.29322 0.049438
one-two-three-v2_100
original 0.0 69.0 111.0 63.0 42.0 5.0 0.39922 0.004197
cycle10_2_110
improve 0.0 6050.0 8354.0 3800.0 2304.0 5.0 0.07222 0.170469
ising_model_10
improve 0.0 480.0 546.0 79.0 66.0 1.0 0.60922 0.044587
sys6-v0_111
original 0.0 215.0 323.0 122.0 108.0 2.0 0.73622 0.008531
mod5adder_127
original 0.0 555.0 765.0 328.0 210.0 6.0 0.19522 0.092726
rd73_140
original 0.0 230.0 320.0 164.0 90.0 4.0 0.11322 0.023599
4mod5-v1_23
original 0.0 69.0 96.0 46.0 27.0 5.0 0.39922 0.002882
graycode6_47
original 0.0 5.0 29.0 21.0 24.0 5.0 0.39922 0.00231
ham7_104
original 0.0 320.0 479.0 285.0 159.0 5.0 0.56922 0.013884
ex-1_166
original 0.0 19.0 28.0 21.0 9.0 2.0 0.73622 0.001697
decod24-v3_45
improve 0.0 150.0 195.0 90.0 45.0 1.0 0.91422 0.005143
con1_216
improve 0.0 954.0 1302.0 670.0 348.0 3.0 0.87941 0.031797
hwb6_56
improve 0.0 6723.0 8277.0 3741.0 1554.0 2.0 0.67022 0.176702
mod10_176
original 0.0 178.0 325.0 168.0 147.0 2.0 0.73622 0.007218
ex1_226
original 0.0 7.0 22.0 19.0 15.0 5.0 0.39922 0.001582
sf_276
original 0.0 778.0 1006.0 484.0 228.0 4.0 0.97622 0.020983
cm152a_212
improve 0.0 1221.0 1635.0 762.0 414.0 2.0 0.57922 0.048757
4gt12-v0_87
improve 0.0 247.0 364.0 165.0 117.0 3.0 0.54922 0.011022
decod24-enable_126
improve 0.0 338.0 539.0 230.0 201.0 8.0 0.38591 0.011761
radd_250
improve 0.0 3213.0 4128.0 2051.0 915.0 5.0 0.80822 0.093723
pm1_249
improve 0.0 1776.0 2217.0 1021.0 441.0 8.0 0.722 0.043603
sf_274
original 0.0 781.0 1057.0 450.0 276.0 1.0 0.83022 0.026649
miller_11
original 0.0 50.0 77.0 59.0 27.0 2.0 0.73622 0.002177
rd53_251
original 0.0 1291.0 1762.0 916.0 471.0 2.0 0.46522 0.045155
rd84_142
improve 0.0 343.0 511.0 183.0 168.0 6.0 0.13122 0.021642
alu-v2_33
original 0.0 37.0 85.0 44.0 48.0 5.0 0.39922 0.006827
decod24-v1_41
improve 0.0 85.0 157.0 74.0 72.0 1.0 0.009111 0.005355
4mod5-v0_20
original 0.0 20.0 41.0 25.0 21.0 5.0 0.39922 0.002453
alu-v4_37
original 0.0 37.0 58.0 27.0 21.0 5.0 0.39922 0.003353
misex1_241
improve 0.0 4813.0 5785.0 3057.0 972.0 4.0 0.18922 0.248627
alu-v0_27
improve 0.0 36.0 63.0 40.0 27.0 2.0 0.73622 0.003633
4mod5-v1_24
original 0.0 36.0 81.0 40.0 45.0 5.0 0.39922 0.002748
4mod7-v1_96
original 0.0 164.0 176.0 95.0 12.0 1.0 0.91422 0.004544
cm82a_208
original 0.0 650.0 911.0 409.0 261.0 9.0 0.6502 0.027987
0example
original 0.0 9.0 30.0 16.0 21.0 5.0 0.39922 0.003387
dc1_220
original 0.0 1914.0 2559.0 1181.0 645.0 2.0 0.52122 0.065824
4gt4-v1_74
improve 0.0 273.0 345.0 157.0 72.0 1.0 0.27222 0.011363
rd32-v1_68
original 0.0 36.0 60.0 31.0 24.0 5.0 0.39922 0.002176
decod24-v0_38
original 0.0 51.0 66.0 36.0 15.0 5.0 0.39922 0.003548
sym6_316
original 0.0 270.0 396.0 189.0 126.0 7.0 0.220831 0.012517
alu-v0_26
original 0.0 84.0 117.0 55.0 33.0 5.0 0.39922 0.004619
4mod5-v0_18
original 0.0 69.0 90.0 44.0 21.0 5.0 0.39922 0.012719
alu-v4_36
improve 0.0 115.0 172.0 93.0 57.0 1.0 0.68922 0.008602
one-two-three-v0_97
improve 0.0 290.0 365.0 172.0 75.0 3.0 0.12022 0.009945
4gt13_90
original 0.0 107.0 149.0 68.0 42.0 5.0 0.39922 0.004111
mod5d2_64
original 0.0 53.0 92.0 41.0 39.0 5.0 0.39922 0.003018
C17_204
improve 0.0 467.0 677.0 309.0 210.0 2.0 0.44322 0.144591
4gt13_92
original 0.0 66.0 114.0 46.0 48.0 9.0 0.128711 0.002798
rd53_130
improve 0.0 1043.0 1430.0 629.0 387.0 3.0 0.72722 0.062154
alu-v3_34
original 0.0 52.0 103.0 47.0 51.0 1.0 0.91422 0.003338
decod24-bdd_294
original 0.0 73.0 124.0 52.0 51.0 5.0 0.39922 0.003772
4gt5_76
improve 0.0 91.0 157.0 88.0 66.0 4.0 0.80422 0.005305
sym9_146
improve 0.0 328.0 508.0 192.0 180.0 6.0 0.21822 0.027283
4mod5-v1_22
original 0.0 21.0 45.0 34.0 24.0 5.0 0.39922 0.001796
rd32_270
original 0.0 84.0 90.0 47.0 6.0 5.0 0.39922 0.003309
hwb4_49
original 0.0 233.0 335.0 138.0 102.0 4.0 0.97622 0.006537
4gt5_77
improve 0.0 131.0 206.0 101.0 75.0 3.0 0.90722 0.013475
4_49_16
original 0.0 217.0 301.0 135.0 84.0 5.0 0.39922 0.012777
qft_10
improve 0.0 200.0 341.0 137.0 141.0 5.0 0.39922 0.016458
4mod5-bdd_287
original 0.0 70.0 121.0 50.0 51.0 9.0 0.128711 0.00373
4gt12-v0_86
improve 0.0 251.0 398.0 157.0 147.0 1.0 0.64222 0.031244
4gt4-v0_73
improve 0.0 395.0 512.0 233.0 117.0 3.0 0.30722 0.028226
alu-v1_29
improve 0.0 37.0 64.0 37.0 27.0 2.0 0.73622 0.003522
alu-bdd_288
improve 0.0 84.0 147.0 90.0 63.0 4.0 0.80422 0.004995
decod24-v2_43
improve 0.0 52.0 67.0 33.0 15.0 1.0 0.68922 0.001847
mod8-10_178
original 0.0 342.0 480.0 200.0 138.0 2.0 0.69022 0.014484
one-two-three-v0_98
original 0.0 146.0 239.0 101.0 93.0 5.0 0.39922 0.007978
4gt4-v0_78
improve 0.0 235.0 376.0 155.0 141.0 1.0 0.55122 0.009061
4mod5-v0_19
original 0.0 35.0 53.0 27.0 18.0 5.0 0.39922 0.002183
alu-v2_30
improve 0.0 504.0 759.0 312.0 255.0 2.0 0.45641 0.018381
alu-v3_35
original 0.0 37.0 70.0 29.0 33.0 9.0 0.128711 0.003158
4gt4-v0_79
improve 0.0 231.0 327.0 159.0 96.0 1.0 0.92022 0.019372
ex3_229
improve 0.0 403.0 502.0 228.0 99.0 1.0 0.07122 0.021009
xor5_254
original 0.0 7.0 22.0 19.0 15.0 5.0 0.39922 0.001855
f2_232
improve 0.0 1206.0 1710.0 813.0 504.0 2.0 0.69022 0.035332