rd53_138
original 0.0 132.0 171.0 76.0 39.0 2.0 0.79322 0.035917
4gt13-v1_93
original 0.0 68.0 86.0 39.0 18.0 2.0 0.85622 0.016122
mod5mils_65
original 2.0 35.0 35.0 21.0 0.0 9.0 0.804711 0.006748
mod5d1_63
original 5.0 22.0 25.0 16.0 3.0 9.0 0.804711 0.017063
sym10_262
original 0.0 64283.0 85622.0 41721.0 21339.0 2.0 0.30822 1.749046
aj-e11_165
original 0.0 151.0 169.0 86.0 18.0 7.0 0.6502 0.037705
4gt11_83
original 3.0 23.0 23.0 16.0 0.0 9.0 0.804711 0.040486
cm42a_207
original 0.0 1776.0 2190.0 1065.0 414.0 2.0 0.94922 0.0826
4gt4-v0_72
improve 0.0 258.0 312.0 140.0 54.0 3.0 0.924311 0.017706
max46_240
original 0.0 27126.0 36966.0 15699.0 9840.0 2.0 0.33822 0.837875
dc2_222
original 1.0 9462.0 12441.0 6154.0 2979.0 2.0 0.79822 0.497133
rd53_135
original 1.0 296.0 386.0 162.0 90.0 2.0 0.53722 0.02623
mod10_171
original 0.0 244.0 271.0 139.0 27.0 2.0 0.94922 0.016058
ising_model_13
original 0.0 633.0 633.0 47.0 0.0 2.0 0.94922 0.006441
adr4_197
improve 1.0 3439.0 4483.0 2150.0 1044.0 7.0 0.6502 0.215074
4gt11_84
original 2.0 18.0 18.0 11.0 0.0 9.0 0.804711 0.002433
4gt11_82
original 3.0 27.0 30.0 20.0 3.0 9.0 0.804711 0.015122
wim_266
original 0.0 986.0 1220.0 538.0 234.0 3.0 0.32122 0.046764
rd53_131
original 0.0 469.0 568.0 261.0 99.0 2.0 0.94922 0.030155
mod8-10_177
original 1.0 440.0 560.0 251.0 120.0 1.0 0.50722 0.032668
4gt10-v1_81
original 4.0 148.0 181.0 84.0 33.0 4.0 0.53822 0.056319
alu-v1_28
original 2.0 37.0 40.0 22.0 3.0 9.0 0.804711 0.012034
cnt3-5_179
original 0.0 175.0 241.0 85.0 66.0 2.0 0.64322 0.024015
square_root_7
original 0.0 7630.0 9187.0 4102.0 1557.0 2.0 0.49622 0.69393
one-two-three-v1_99
original 2.0 132.0 171.0 96.0 39.0 2.0 0.85622 0.015655
mini_alu_305
original 4.0 173.0 218.0 91.0 45.0 3.0 0.4632 0.055939
rd53_311
improve 0.0 275.0 392.0 180.0 117.0 9.0 0.4368 0.023783
3_17_13
original 2.0 36.0 36.0 22.0 0.0 9.0 0.804711 0.005254
rd73_252
original 1.0 5321.0 6716.0 3239.0 1395.0 5.0 0.8636 0.271478
4gt4-v0_80
original 5.0 179.0 200.0 101.0 21.0 2.0 0.85622 0.059643
ham3_102
original 0.0 20.0 20.0 13.0 0.0 9.0 0.804711 0.004105
cnt3-5_180
original 0.0 485.0 620.0 249.0 135.0 1.0 0.48622 0.03725
rd53_133
original 1.0 580.0 703.0 330.0 123.0 2.0 0.35722 0.048707
4mod7-v0_94
original 2.0 162.0 177.0 92.0 15.0 9.0 0.804711 0.013247
mini-alu_167
improve 0.0 288.0 411.0 162.0 123.0 5.0 0.846311 0.046372
root_255
original 0.0 17159.0 22238.0 10783.0 5079.0 2.0 0.27022 0.925087
z4_268
original 1.0 3073.0 3820.0 1834.0 747.0 2.0 0.00822 0.232171
majority_239
original 1.0 612.0 717.0 372.0 105.0 3.0 0.050711 0.034168
ex2_227
original 0.0 631.0 727.0 366.0 96.0 7.0 0.367911 0.033553
urf2_277
original 0.0 20112.0 29772.0 14494.0 9660.0 2.0 0.6502 0.622138
one-two-three-v3_101
improve 0.0 70.0 88.0 40.0 18.0 3.0 0.04122 0.01306
4gt13_91
original 2.0 103.0 109.0 61.0 6.0 9.0 0.804711 0.032448
4gt12-v1_89
original 2.0 228.0 237.0 130.0 9.0 2.0 0.94922 0.016535
sqrt8_260
original 1.0 3009.0 4035.0 1887.0 1026.0 3.0 0.12522 0.282262
rd32-v0_66
original 2.0 34.0 43.0 23.0 9.0 9.0 0.804711 0.011506
sym9_148
original 0.0 21504.0 26049.0 13836.0 4545.0 4.0 0.8636 1.037834
4gt5_75
original 0.0 83.0 89.0 47.0 6.0 9.0 0.804711 0.02124
0410184_169
original 2.0 211.0 298.0 124.0 87.0 3.0 0.68222 0.032766
urf2_152
improve 0.0 80480.0 108716.0 52741.0 28236.0 3.0 0.00422 2.146434
urf1_278
original 0.0 54766.0 76291.0 37039.0 21525.0 2.0 0.04722 2.288506
sym6_145
improve 0.0 3888.0 5016.0 2406.0 1128.0 3.0 0.00422 0.264324
alu-v2_32
original 1.0 163.0 184.0 92.0 21.0 9.0 0.804711 0.019161
4gt12-v0_88
improve 2.0 194.0 227.0 108.0 33.0 2.0 0.85622 0.060199
squar5_261
improve 1.0 1993.0 2488.0 1194.0 495.0 5.0 0.846311 0.102296
alu-v2_31
improve 0.0 451.0 577.0 255.0 126.0 3.0 0.09422 0.031128
hwb5_53
original 1.0 1336.0 1738.0 873.0 402.0 4.0 0.96222 0.083874
one-two-three-v2_100
original 1.0 69.0 78.0 40.0 9.0 9.0 0.804711 0.017902
cycle10_2_110
original 0.0 6050.0 8195.0 3870.0 2145.0 2.0 0.93522 0.318988
ising_model_10
original 3.0 480.0 480.0 45.0 0.0 9.0 0.804711 0.049093
sys6-v0_111
improve 7.0 215.0 278.0 113.0 63.0 9.0 0.804711 0.067978
plus63mod8192_164
original 0.0 187112.0 263585.0 130504.0 76473.0 2.0 0.53922 6.50977
mod5adder_127
original 1.0 555.0 621.0 307.0 66.0 4.0 0.62 0.063885
rd73_140
original 0.0 230.0 314.0 107.0 84.0 3.0 0.32122 0.018003
4mod5-v1_23
original 0.0 69.0 81.0 41.0 12.0 9.0 0.804711 0.016404
graycode6_47
original 3.0 5.0 5.0 5.0 0.0 9.0 0.804711 0.004013
ising_model_16
original 1.0 786.0 786.0 52.0 0.0 2.0 0.94922 0.021623
ham7_104
improve 1.0 320.0 407.0 211.0 87.0 3.0 0.26622 0.024461
ex-1_166
original 0.0 19.0 19.0 12.0 0.0 9.0 0.804711 0.001222
decod24-v3_45
improve 6.0 150.0 183.0 84.0 33.0 7.0 0.315911 0.045308
life_238
original 0.0 22445.0 30008.0 13569.0 7563.0 2.0 0.86522 1.394019
con1_216
original 0.0 954.0 1158.0 532.0 204.0 4.0 0.45222 0.059939
hwb6_56
improve 1.0 6723.0 8622.0 3869.0 1899.0 3.0 0.02422 0.524507
mod10_176
original 0.0 178.0 229.0 101.0 51.0 2.0 0.85622 0.013216
ex1_226
original 1.0 7.0 10.0 6.0 3.0 9.0 0.804711 0.003411
sf_276
original 0.0 778.0 934.0 435.0 156.0 2.0 0.94922 0.031817
cm152a_212
original 0.0 1221.0 1560.0 817.0 339.0 7.0 0.1022 0.104797
4gt12-v0_87
improve 1.0 247.0 313.0 135.0 66.0 6.0 0.913911 0.014557
decod24-enable_126
original 1.0 338.0 407.0 206.0 69.0 2.0 0.94922 0.024777
radd_250
original 0.0 3213.0 4122.0 2116.0 909.0 2.0 0.77222 0.249401
pm1_249
original 0.0 1776.0 2289.0 1123.0 513.0 1.0 0.35922 0.113873
sf_274
improve 0.0 781.0 835.0 436.0 54.0 1.0 0.74022 1.111863
miller_11
improve 0.0 50.0 77.0 39.0 27.0 2.0 0.85622 0.009389
rd53_251
original 1.0 1291.0 1558.0 820.0 267.0 2.0 0.10522 0.058072
mlp4_245
original 1.0 18852.0 25413.0 12029.0 6561.0 2.0 0.67022 0.992703
rd84_142
improve 1.0 343.0 460.0 142.0 117.0 3.0 0.467 0.02929
inc_237
original 0.0 10619.0 13487.0 6597.0 2868.0 2.0 0.75822 0.519063
sqn_258
improve 0.0 10223.0 13547.0 6472.0 3324.0 9.0 0.01 0.659442
alu-v2_33
original 1.0 37.0 40.0 22.0 3.0 9.0 0.804711 0.004562
co14_215
improve 1.0 17936.0 23315.0 9868.0 5379.0 3.0 0.01422 2.101434
decod24-v1_41
original 1.0 85.0 88.0 50.0 3.0 9.0 0.804711 0.022385
4mod5-v0_20
original 0.0 20.0 20.0 12.0 0.0 9.0 0.804711 0.001224
alu-v4_37
original 0.0 37.0 43.0 25.0 6.0 9.0 0.804711 0.004151
misex1_241
original 1.0 4813.0 5947.0 2982.0 1134.0 3.0 0.07422 0.364194
alu-v0_27
original 7.0 36.0 39.0 21.0 3.0 9.0 0.804711 0.010101
4mod5-v1_24
original 1.0 36.0 36.0 21.0 0.0 9.0 0.804711 0.002874
4mod7-v1_96
original 2.0 164.0 206.0 94.0 42.0 4.0 0.4368 0.014371
cm82a_208
original 0.0 650.0 743.0 362.0 93.0 8.0 0.107911 0.033547
ham15_107
original 0.0 8763.0 11796.0 5568.0 3033.0 2.0 0.36322 0.578808
0example
original 1.0 9.0 12.0 6.0 3.0 9.0 0.804711 0.003565
dc1_220
original 1.0 1914.0 2235.0 1146.0 321.0 4.0 0.56222 0.097836
4gt4-v1_74
improve 1.0 273.0 303.0 154.0 30.0 3.0 0.01722 0.022062
rd32-v1_68
original 0.0 36.0 45.0 21.0 9.0 9.0 0.804711 0.006357
decod24-v0_38
original 4.0 51.0 57.0 30.0 6.0 9.0 0.804711 0.017948
sym6_316
original 0.0 270.0 372.0 159.0 102.0 6.0 0.045511 0.020219
alu-v0_26
original 3.0 84.0 90.0 49.0 6.0 9.0 0.804711 0.01253
4mod5-v0_18
original 6.0 69.0 87.0 40.0 18.0 2.0 0.85622 0.036912
cm85a_209
original 0.0 11414.0 14819.0 7404.0 3405.0 2.0 0.15722 1.358588
alu-v4_36
original 1.0 115.0 121.0 66.0 6.0 9.0 0.804711 0.029334
one-two-three-v0_97
improve 1.0 290.0 380.0 169.0 90.0 1.0 0.30822 0.022346
4gt13_90
improve 1.0 107.0 122.0 65.0 15.0 9.0 0.804711 0.015939
mod5d2_64
original 0.0 53.0 71.0 33.0 18.0 9.0 0.804711 0.009643
C17_204
original 0.0 467.0 533.0 279.0 66.0 9.0 0.4368 0.113328
4gt13_92
original 3.0 66.0 78.0 38.0 12.0 9.0 0.804711 0.008858
rd53_130
original 1.0 1043.0 1313.0 611.0 270.0 3.0 0.685111 0.053262
alu-v3_34
original 2.0 52.0 64.0 30.0 12.0 2.0 0.85622 0.007049
decod24-bdd_294
original 0.0 73.0 85.0 40.0 12.0 9.0 0.804711 0.0097
4gt5_76
original 0.0 91.0 103.0 56.0 12.0 9.0 0.804711 0.014664
sym9_146
improve 1.0 328.0 433.0 151.0 105.0 3.0 0.253511 0.023509
4mod5-v1_22
original 1.0 21.0 21.0 12.0 0.0 9.0 0.804711 0.003366
rd32_270
original 1.0 84.0 93.0 47.0 9.0 9.0 0.804711 0.026949
hwb4_49
original 2.0 233.0 275.0 146.0 42.0 2.0 0.94922 0.017255
urf5_280
original 0.0 49829.0 70706.0 36215.0 20877.0 2.0 0.44422 1.449338
4gt5_77
original 0.0 131.0 173.0 74.0 42.0 2.0 0.85622 0.027012
rd84_253
original 1.0 13658.0 18641.0 8349.0 4983.0 2.0 0.85122 0.766199
4_49_16
original 0.0 217.0 253.0 125.0 36.0 2.0 0.85622 0.024281
qft_10
improve 2.0 200.0 263.0 73.0 63.0 7.0 0.315911 0.028398
4mod5-bdd_287
original 2.0 70.0 85.0 41.0 15.0 1.0 0.27122 0.00892
qft_16
improve 1.0 512.0 728.0 148.0 216.0 4.0 0.024711 0.168943
urf1_149
improve 0.0 184864.0 250645.0 108134.0 65781.0 3.0 0.00422 5.057298
4gt12-v0_86
improve 1.0 251.0 329.0 135.0 78.0 6.0 0.913911 0.042385
4gt4-v0_73
original 0.0 395.0 440.0 227.0 45.0 9.0 0.4368 0.033869
alu-v1_29
original 2.0 37.0 49.0 22.0 12.0 9.0 0.804711 0.00551
alu-bdd_288
original 3.0 84.0 105.0 52.0 21.0 2.0 0.85622 0.028287
decod24-v2_43
original 1.0 52.0 61.0 33.0 9.0 9.0 0.804711 0.008057
mod8-10_178
original 1.0 342.0 429.0 193.0 87.0 1.0 0.57522 0.520066
one-two-three-v0_98
original 1.0 146.0 167.0 92.0 21.0 5.0 0.37622 0.015753
4gt4-v0_78
original 0.0 235.0 313.0 139.0 78.0 5.0 0.050711 0.013948
4mod5-v0_19
original 0.0 35.0 35.0 21.0 0.0 9.0 0.804711 0.001173
alu-v2_30
original 1.0 504.0 696.0 296.0 192.0 2.0 0.17822 0.03541
alu-v3_35
original 0.0 37.0 52.0 22.0 15.0 2.0 0.85622 0.00654
dist_223
original 0.0 38046.0 51945.0 23290.0 13899.0 2.0 0.67722 1.062176
4gt4-v0_79
improve 1.0 231.0 306.0 132.0 75.0 1.0 0.57522 0.016515
hwb8_113
original 0.0 69380.0 91718.0 45509.0 22338.0 2.0 0.16122 1.964817
ex3_229
original 0.0 403.0 448.0 232.0 45.0 2.0 0.94922 0.027785
xor5_254
original 0.0 7.0 10.0 5.0 3.0 9.0 0.804711 0.001612
f2_232
original 0.0 1206.0 1368.0 680.0 162.0 4.0 0.659111 0.05986