rd53_138
original 93.0 132.0 162.0 56.0 30.0 7.0 0.853521 0.485781
4gt13-v1_93
original 0.0 68.0 68.0 39.0 0.0 2.0 0.49122 0.003872
mod5mils_65
original 0.0 35.0 35.0 21.0 0.0 2.0 0.49122 0.003487
mod5d1_63
original 0.0 22.0 22.0 13.0 0.0 2.0 0.49122 0.003161
sym10_262
original 13.0 64283.0 86861.0 41311.0 22578.0 5.0 0.17255 43.586343
aj-e11_165
original 0.0 151.0 175.0 86.0 24.0 2.0 0.49122 0.803215
hwb9_119
original 4.0 207775.0 286528.0 127661.0 78753.0 2.0 0.758785 125.920238
4gt11_83
original 0.0 23.0 23.0 16.0 0.0 2.0 0.49122 0.037632
cm42a_207
original 13.0 1776.0 2112.0 1084.0 336.0 2.0 0.24322 0.959
4gt4-v0_72
original 54.0 258.0 288.0 141.0 30.0 8.0 0.057111 0.815617
max46_240
original 12.0 27126.0 35214.0 16394.0 8088.0 2.0 0.758785 16.429289
dc2_222
improve 0.0 9462.0 12678.0 6185.0 3216.0 3.0 0.305452 0.298672
sym9_193
improve 9.0 34881.0 47196.0 20841.0 12315.0 4.0 0.153441 21.562112
rd53_135
improve 84.0 296.0 353.0 159.0 57.0 8.0 0.012 1.042163
mod10_171
original 9.0 244.0 295.0 145.0 51.0 2.0 0.07422 0.688269
ising_model_13
original 0.0 633.0 633.0 47.0 0.0 2.0 0.07422 0.008897
adr4_197
original 6.0 3439.0 4531.0 2215.0 1092.0 2.0 0.012 2.215549
4gt11_84
original 0.0 18.0 18.0 11.0 0.0 2.0 0.49122 0.250645
4gt11_82
original 0.0 27.0 30.0 20.0 3.0 2.0 0.49122 0.537449
wim_266
improve 5.0 986.0 1211.0 570.0 225.0 4.0 0.465111 0.590215
rd53_131
improve 40.0 469.0 532.0 261.0 63.0 4.0 0.7161 1.262574
mod8-10_177
original 21.0 440.0 482.0 254.0 42.0 2.0 0.07422 1.075858
4gt10-v1_81
original 31.0 148.0 184.0 91.0 36.0 8.0 0.486921 0.469042
alu-v1_28
original 65.0 37.0 43.0 22.0 6.0 2.0 0.49122 0.346829
cnt3-5_179
original 0.0 175.0 190.0 61.0 15.0 7.0 0.853521 0.048095
square_root_7
original 9.0 7630.0 9223.0 4373.0 1593.0 4.0 0.5246 11.442636
one-two-three-v1_99
improve 103.0 132.0 162.0 76.0 30.0 2.0 0.49122 0.373053
mini_alu_305
original 45.0 173.0 200.0 74.0 27.0 7.0 0.853521 1.144511
rd53_311
improve 31.0 275.0 362.0 169.0 87.0 8.0 0.789111 0.868104
3_17_13
original 0.0 36.0 36.0 22.0 0.0 2.0 0.49122 0.003132
rd73_252
original 5.0 5321.0 6989.0 3498.0 1668.0 2.0 0.758785 3.065856
4gt4-v0_80
original 12.0 179.0 203.0 110.0 24.0 2.0 0.49122 0.75069
hwb7_59
improve 47.0 24379.0 31915.0 16634.0 7536.0 4.0 0.153441 43.848607
ham3_102
original 0.0 20.0 20.0 13.0 0.0 2.0 0.49122 0.007972
cnt3-5_180
improve 9.0 485.0 599.0 233.0 114.0 9.0 0.9522 0.789396
rd53_133
original 108.0 580.0 652.0 330.0 72.0 2.0 0.12422 1.573109
4mod7-v0_94
original 64.0 162.0 186.0 92.0 24.0 2.0 0.49122 0.42149
plus63mod4096_163
improve 18.0 128744.0 179480.0 86937.0 50736.0 3.0 0.758785 84.525867
mini-alu_167
original 3.0 288.0 363.0 207.0 75.0 6.0 0.237111 0.877075
root_255
improve 13.0 17159.0 22634.0 10883.0 5475.0 4.0 0.0112 11.247062
z4_268
original 21.0 3073.0 4015.0 1665.0 942.0 4.0 0.908996 1.873084
majority_239
original 48.0 612.0 723.0 344.0 111.0 1.0 0.76822 1.687524
ex2_227
improve 16.0 631.0 715.0 428.0 84.0 8.0 0.057111 1.962723
urf2_277
original 40.0 20112.0 28956.0 12155.0 8844.0 2.0 0.758785 41.379684
one-two-three-v3_101
original 30.0 70.0 79.0 45.0 9.0 2.0 0.49122 0.273217
4gt13_91
original 0.0 103.0 124.0 61.0 21.0 2.0 0.49122 0.403697
4gt12-v1_89
improve 18.0 228.0 261.0 137.0 33.0 8.0 0.057111 0.671512
sqrt8_260
original 17.0 3009.0 3867.0 1808.0 858.0 4.0 0.153441 1.797241
rd32-v0_66
original 0.0 34.0 34.0 20.0 0.0 2.0 0.49122 0.003473
sym9_148
original 19.0 21504.0 26076.0 13135.0 4572.0 9.0 0.505222 13.770189
4gt5_75
original 64.0 83.0 98.0 47.0 15.0 2.0 0.49122 0.531872
0410184_169
improve 4.0 211.0 238.0 109.0 27.0 2.0 0.07422 0.038589
urf2_152
original 12.0 80480.0 105113.0 56707.0 24633.0 2.0 0.909896 129.800455
urf1_278
improve 23.0 54766.0 77146.0 37531.0 22380.0 4.0 0.5246 114.354661
sym6_145
original 5.0 3888.0 4584.0 2340.0 696.0 4.0 0.5246 11.026919
alu-v2_32
original 109.0 163.0 205.0 92.0 42.0 2.0 0.49122 0.605259
4gt12-v0_88
original 12.0 194.0 209.0 114.0 15.0 7.0 0.853521 0.601241
squar5_261
improve 2.0 1993.0 2431.0 1215.0 438.0 4.0 0.0021 1.20599
alu-v2_31
original 16.0 451.0 565.0 255.0 114.0 2.0 0.12422 1.47736
hwb5_53
original 90.0 1336.0 1591.0 758.0 255.0 4.0 0.7161 3.674451
one-two-three-v2_100
original 88.0 69.0 78.0 40.0 9.0 2.0 0.49122 0.272659
cycle10_2_110
improve 12.0 6050.0 8012.0 3852.0 1962.0 5.0 0.62657 3.85985
urf6_160
original 4.0 171840.0 245352.0 112161.0 73512.0 2.0 0.758785 26.252424
ising_model_10
original 0.0 480.0 480.0 45.0 0.0 2.0 0.49122 0.473153
sys6-v0_111
original 68.0 215.0 269.0 100.0 54.0 2.0 0.49122 2.055259
plus63mod8192_164
improve 0.0 187112.0 264791.0 131742.0 77679.0 4.0 0.757885 31.475007
mod5adder_127
original 17.0 555.0 618.0 332.0 63.0 2.0 0.07422 1.534594
rd73_140
improve 13.0 230.0 290.0 111.0 60.0 7.0 0.633111 0.851172
4mod5-v1_23
original 90.0 69.0 75.0 41.0 6.0 7.0 0.853521 0.290328
graycode6_47
original 0.0 5.0 5.0 5.0 0.0 2.0 0.49122 0.002541
ising_model_16
original 0.0 786.0 786.0 52.0 0.0 2.0 0.07422 0.010285
ham7_104
improve 26.0 320.0 392.0 214.0 72.0 4.0 0.777111 0.853684
ex-1_166
original 0.0 19.0 19.0 12.0 0.0 2.0 0.49122 0.002852
decod24-v3_45
original 70.0 150.0 189.0 84.0 39.0 6.0 0.17571 0.423056
urf4_187
original 19.0 512064.0 653832.0 280064.0 141768.0 2.0 0.456563 282.426499
life_238
original 20.0 22445.0 30305.0 13596.0 7860.0 4.0 0.153441 15.781668
con1_216
original 18.0 954.0 1161.0 556.0 207.0 2.0 0.24022 0.697321
hwb6_56
improve 31.0 6723.0 8199.0 4637.0 1476.0 5.0 0.27234 19.007315
mod10_176
original 6.0 178.0 220.0 128.0 42.0 2.0 0.49122 0.825549
ex1_226
original 0.0 7.0 7.0 5.0 0.0 2.0 0.49122 0.002631
sf_276
original 113.0 778.0 814.0 435.0 36.0 2.0 0.07422 2.297727
cm152a_212
improve 20.0 1221.0 1491.0 804.0 270.0 4.0 0.009111 1.473247
4gt12-v0_87
original 84.0 247.0 259.0 131.0 12.0 4.0 0.7161 0.711868
decod24-enable_126
original 2.0 338.0 419.0 209.0 81.0 2.0 0.07422 1.228654
radd_250
original 5.0 3213.0 4146.0 2029.0 933.0 2.0 0.758785 1.862764
pm1_249
original 13.0 1776.0 2112.0 1084.0 336.0 2.0 0.24322 0.972486
sf_274
original 2.0 781.0 811.0 447.0 30.0 2.0 0.07422 2.003654
miller_11
original 0.0 50.0 50.0 29.0 0.0 2.0 0.49122 0.003317
rd53_251
original 34.0 1291.0 1552.0 734.0 261.0 8.0 0.924851 1.34144
mlp4_245
improve 0.0 18852.0 25506.0 12126.0 6654.0 5.0 0.77791 0.528831
9symml_195
improve 9.0 34881.0 47196.0 20841.0 12315.0 4.0 0.153441 21.458982
rd84_142
improve 12.0 343.0 445.0 167.0 102.0 7.0 0.873111 0.661276
inc_237
original 0.0 10619.0 13094.0 6569.0 2475.0 2.0 0.012 0.507138
sqn_258
improve 20.0 10223.0 13370.0 6142.0 3147.0 5.0 0.021 7.023519
alu-v2_33
original 68.0 37.0 43.0 22.0 6.0 7.0 0.853521 0.174752
sao2_257
improve 2.0 38577.0 51228.0 23703.0 12651.0 5.0 0.27234 17.604391
co14_215
improve 2.0 17936.0 24770.0 10758.0 6834.0 4.0 0.153441 4.293114
decod24-v1_41
original 64.0 85.0 97.0 50.0 12.0 2.0 0.49122 0.312312
4mod5-v0_20
original 0.0 20.0 20.0 12.0 0.0 2.0 0.49122 0.00324
alu-v4_37
original 68.0 37.0 43.0 22.0 6.0 2.0 0.49122 0.204818
urf3_155
original 20.0 423488.0 578150.0 258735.0 154662.0 2.0 0.758785 242.643293
misex1_241
improve 0.0 4813.0 5740.0 2933.0 927.0 4.0 0.606774 0.737626
alu-v0_27
original 68.0 36.0 42.0 21.0 6.0 2.0 0.49122 0.124684
4mod5-v1_24
original 0.0 36.0 36.0 21.0 0.0 2.0 0.49122 0.003342
4mod7-v1_96
original 104.0 164.0 203.0 94.0 39.0 8.0 0.486921 0.616785
cm82a_208
original 102.0 650.0 743.0 355.0 93.0 8.0 0.849111 2.007627
ham15_107
improve 0.0 8763.0 11883.0 5797.0 3120.0 4.0 0.153441 0.294949
0example
original 67.0 9.0 12.0 6.0 3.0 2.0 0.49122 0.116228
dc1_220
original 11.0 1914.0 2250.0 1123.0 336.0 3.0 0.4101 0.48193
4gt4-v1_74
original 29.0 273.0 300.0 168.0 27.0 2.0 0.07422 1.660874
rd32-v1_68
original 0.0 36.0 36.0 21.0 0.0 2.0 0.49122 0.003052
decod24-v0_38
original 0.0 51.0 51.0 30.0 0.0 2.0 0.49122 0.002805
sym6_316
improve 103.0 270.0 336.0 147.0 66.0 8.0 0.012 3.533236
alu-v0_26
original 3.0 84.0 105.0 59.0 21.0 2.0 0.49122 0.453007
clip_206
improve 1.0 33827.0 45431.0 21398.0 11604.0 5.0 0.77791 5.549356
4mod5-v0_18
original 90.0 69.0 75.0 40.0 6.0 2.0 0.49122 0.229005
cm85a_209
original 4.0 11414.0 14645.0 7335.0 3231.0 9.0 0.505222 6.244412
alu-v4_36
improve 103.0 115.0 139.0 66.0 24.0 2.0 0.49122 0.300787
one-two-three-v0_97
original 14.0 290.0 353.0 163.0 63.0 2.0 0.07422 0.809297
4gt13_90
original 0.0 107.0 128.0 65.0 21.0 2.0 0.49122 0.416003
mod5d2_64
improve 37.0 53.0 65.0 32.0 12.0 2.0 0.49122 0.239388
ground_state_estimation_10
original 18.0 390180.0 412779.0 221026.0 22599.0 6.0 0.5254 155.996501
C17_204
original 61.0 467.0 536.0 265.0 69.0 2.0 0.24022 1.470706
4gt13_92
original 0.0 66.0 66.0 38.0 0.0 2.0 0.49122 0.002784
rd53_130
improve 73.0 1043.0 1256.0 585.0 213.0 5.0 0.897111 3.674253
alu-v3_34
original 12.0 52.0 58.0 30.0 6.0 2.0 0.49122 0.248687
decod24-bdd_294
original 80.0 73.0 79.0 40.0 6.0 7.0 0.853521 0.256722
4gt5_76
original 102.0 91.0 112.0 56.0 21.0 2.0 0.49122 0.402538
sym9_146
original 22.0 328.0 424.0 156.0 96.0 5.0 0.897111 0.393579
4mod5-v1_22
original 0.0 21.0 21.0 12.0 0.0 2.0 0.49122 0.002848
rd32_270
original 61.0 84.0 93.0 47.0 9.0 2.0 0.49122 0.330202
hwb4_49
original 1.0 233.0 275.0 137.0 42.0 2.0 0.07422 0.520751
urf5_280
original 27.0 49829.0 68591.0 32125.0 18762.0 4.0 0.153441 99.288374
4gt5_77
original 13.0 131.0 167.0 82.0 36.0 2.0 0.49122 0.549808
rd84_253
improve 1.0 13658.0 18254.0 8624.0 4596.0 9.0 0.254111 10.262833
4_49_16
original 92.0 217.0 259.0 125.0 42.0 1.0 0.74322 0.548365
qft_10
original 22.0 200.0 260.0 52.0 60.0 7.0 0.853521 0.407323
4mod5-bdd_287
original 64.0 70.0 73.0 41.0 3.0 2.0 0.49122 0.307964
qft_16
improve 0.0 512.0 713.0 157.0 201.0 3.0 0.885111 1.4309
urf1_149
improve 51.0 184864.0 250045.0 121835.0 65181.0 3.0 0.758785 313.321891
urf5_158
improve 17.0 164416.0 220669.0 102937.0 56253.0 3.0 0.758785 274.756704
urf3_279
original 1.0 125362.0 182884.0 90135.0 57522.0 2.0 0.758785 82.211788
4gt12-v0_86
original 84.0 251.0 266.0 135.0 15.0 4.0 0.7161 0.771322
4gt4-v0_73
improve 111.0 395.0 446.0 227.0 51.0 8.0 0.057111 1.232098
alu-v1_29
original 68.0 37.0 43.0 22.0 6.0 7.0 0.853521 0.145056
alu-bdd_288
original 77.0 84.0 96.0 48.0 12.0 2.0 0.49122 0.43172
decod24-v2_43
original 0.0 52.0 52.0 30.0 0.0 2.0 0.49122 0.003692
mod8-10_178
original 1.0 342.0 357.0 196.0 15.0 2.0 0.07422 0.896233
one-two-three-v0_98
original 4.0 146.0 176.0 87.0 30.0 7.0 0.853521 0.489486
4gt4-v0_78
improve 19.0 235.0 259.0 144.0 24.0 2.0 0.07422 0.635695
4mod5-v0_19
original 0.0 35.0 35.0 21.0 0.0 2.0 0.49122 0.003014
alu-v2_30
original 1.0 504.0 567.0 288.0 63.0 2.0 0.07422 1.452427
alu-v3_35
original 65.0 37.0 43.0 22.0 6.0 2.0 0.49122 0.202799
dist_223
improve 0.0 38046.0 49683.0 23223.0 11637.0 5.0 0.77502 25.430959
4gt4-v0_79
original 26.0 231.0 261.0 151.0 30.0 8.0 0.057111 0.705853
hwb8_113
original 66.0 69380.0 91472.0 45940.0 22092.0 2.0 0.758785 113.519578
ex3_229
improve 31.0 403.0 424.0 229.0 21.0 2.0 0.07422 0.839439
xor5_254
original 0.0 7.0 7.0 5.0 0.0 2.0 0.49122 0.002785
f2_232
original 71.0 1206.0 1350.0 668.0 144.0 4.0 0.7161 2.955322